duplication	M76611:1-6000	6000	18.5054	0	0	0	0	1
duplication	PFC10_API_IRAB:1-34400	34400	3.21983	0	2.86952e+09	0	0	1
deletion	Pf3D7_01_v3:1001-9200	8200	0.37994	1.1964e-05	2.871e+09	0.00220876	2.871e+09	1
duplication	Pf3D7_01_v3:17001-24800	7800	2.86845	0.0317073	2.87046e+09	2.8229	2.87051e+09	1
deletion	Pf3D7_01_v3:27601-28000	400	0.124667	145330	6.2486e-08	1	1	1
deletion	Pf3D7_01_v3:31801-33400	1600	0.250376	69.6549	2.70498e-11	1	1	1
deletion	Pf3D7_01_v3:36201-48400	12200	0.352618	1.30633e-11	2.871e+09	3.43745e-10	2.871e+09	1
deletion	Pf3D7_01_v3:49001-50000	1000	0.378442	4135.66	0.0107727	1	1	1
deletion	Pf3D7_01_v3:51401-52400	1000	0.298581	2529.6	1.89593e-09	1	1	1
deletion	Pf3D7_01_v3:53401-54200	800	0.2283	4733.86	6.27394e-09	1	1	1
deletion	Pf3D7_01_v3:55201-55800	600	0.143507	1717.3	1.6674e-17	1	1	1
deletion	Pf3D7_01_v3:57801-59800	2000	0.251736	0.193706	1.56366e-15	1	1	1
deletion	Pf3D7_01_v3:62401-63400	1000	0.265721	2510.76	3.24383e-05	1	1	1
deletion	Pf3D7_01_v3:65001-71800	6800	0.298786	2.34371e-11	2.9661e+08	1.26469e-07	76857.4	1
deletion	Pf3D7_01_v3:72601-74200	1600	0.397829	20.6287	1.00762e-13	1	1	1
duplication	Pf3D7_01_v3:74401-76400	2000	0.180049	0.0992594	1.96927e-29	1	1	1
deletion	Pf3D7_01_v3:76401-82000	5600	0.338387	5.00316e-07	2.83925e+09	0.218693	2.85055e+09	1
deletion	Pf3D7_01_v3:83001-84800	1800	0.547858	0.961047	0.00397948	1	1	1
deletion	Pf3D7_01_v3:86001-87600	1600	0.415254	51.0884	1.63536e-10	1	1	1
deletion	Pf3D7_01_v3:88201-88800	600	0.136392	2067.2	5.59524e-18	1	1	1
deletion	Pf3D7_01_v3:514001-514600	600	0.00735581	33.2867	7.41854e-28	1	1	1
deletion	Pf3D7_01_v3:546801-547600	800	0.316088	4622.21	0.000393525	1	1	1
deletion	Pf3D7_01_v3:565601-566000	400	0.303517	61765.5	0.00134514	1	1	1
deletion	Pf3D7_01_v3:591801-592400	600	0.344754	15158.2	0.00107752	1	1	1
deletion	Pf3D7_01_v3:596601-597400	800	0.210551	1890.54	7.0242e-15	1	1	1
deletion	Pf3D7_01_v3:603401-604400	1000	0.151346	4.03278	1.74777e-29	1	1	1
deletion	Pf3D7_01_v3:613001-613400	400	0.0933656	81258.8	2.07432e-10	1	1	1
deletion	Pf3D7_01_v3:621401-622600	1200	0.36826	90.2047	1.65278e-11	1	1	1
deletion	Pf3D7_01_v3:623401-624000	600	0.12692	4953.3	3.71537e-15	1	1	1
deletion	Pf3D7_01_v3:625401-626600	1200	0.365868	34.8537	1.34738e-10	1	1	1
duplication	Pf3D7_01_v3:629001-640400	11400	2.32316	0.0452391	2.87095e+09	0.247781	2.87096e+09	1
deletion	Pf3D7_02_v3:1201-2800	1600	0.164834	0.0649644	5.28735e-36	1	1	1
deletion	Pf3D7_02_v3:3201-10800	7600	0.288186	2.09701e-11	2.11725e+09	1.21345e-06	2.29391e+09	1
deletion	Pf3D7_02_v3:23201-37200	14000	0.486274	3.64414e-05	2.871e+09	0.0049882	2.871e+09	1
deletion	Pf3D7_02_v3:42401-43400	1000	0.171803	13.0871	4.19387e-27	1	1	1
deletion	Pf3D7_02_v3:43801-44400	600	0.263146	20331.5	2.16487e-05	1	1	1
deletion	Pf3D7_02_v3:58401-59800	1400	0.137596	3.82333	2.43953e-26	1	1	1
deletion	Pf3D7_02_v3:63201-66400	3200	0.265612	0.00211304	1.06925e-06	128.997	6.63899e-13	1
deletion	Pf3D7_02_v3:67401-69800	2400	0.535455	81.3238	0.0350893	11469.5	376642	1
deletion	Pf3D7_02_v3:70201-105600	35400	0.0911945	4.50205e-12	2.871e+09	4.77163e-12	2.871e+09	1
deletion	Pf3D7_02_v3:111001-111800	800	0.439486	3297.48	0.000451525	1	1	1
deletion	Pf3D7_02_v3:274001-274400	400	0.10876	196657	2.03933e-07	1	1	1
deletion	Pf3D7_02_v3:823201-823600	400	0.104837	173772	5.17684e-08	1	1	1
deletion	Pf3D7_02_v3:875801-878400	2600	0.42852	0.0341371	5.55969e-18	39083.1	453.951	1
deletion	Pf3D7_02_v3:879001-879400	400	0.172175	39227.9	2.38353e-08	1	1	1
deletion	Pf3D7_02_v3:879801-881800	2000	0.322506	0.0882175	4.1038e-26	1	1	1
deletion	Pf3D7_02_v3:884801-886200	1400	0.322957	146.365	2.46386e-06	1	1	1
deletion	Pf3D7_02_v3:887201-889800	2600	0.143094	0.00014015	8.68756e-38	466.425	1.56e-24	1
deletion	Pf3D7_02_v3:893601-915000	21400	0.537971	4.12581e-09	2.871e+09	2.25283e-06	2.871e+09	1
deletion	Pf3D7_02_v3:915601-916000	400	0.217306	70344.2	3.28605e-06	1	1	1
deletion	Pf3D7_02_v3:917201-917600	400	0.193777	59902.7	3.40941e-07	1	1	1
deletion	Pf3D7_02_v3:936801-940600	3800	0.298844	0.000316129	118.405	22.0509	912084	1
deletion	Pf3D7_02_v3:944001-946000	2000	0.0674233	5.69143e-06	6.78052e-71	1	1	1
deletion	Pf3D7_03_v3:5001-5600	600	0.194045	62165.9	0.0462831	1	1	1
deletion	Pf3D7_03_v3:35001-36200	1200	0.442109	305.603	1.38276e-07	1	1	1
deletion	Pf3D7_03_v3:36601-37000	400	0.0596289	31363.3	6.31418e-13	1	1	1
deletion	Pf3D7_03_v3:38601-39200	600	0.0220289	595.548	6.26173e-25	1	1	1
deletion	Pf3D7_03_v3:40601-41400	800	0.135339	1605.84	8.74016e-16	1	1	1
deletion	Pf3D7_03_v3:42001-42800	800	0.180525	4583.78	1.35816e-08	1	1	1
deletion	Pf3D7_03_v3:43201-59600	16400	0.364615	9.71784e-12	2.86993e+09	1.10675e-11	2.87006e+09	1
deletion	Pf3D7_03_v3:65201-65600	400	0.0931996	63373.4	8.09017e-11	1	1	1
deletion	Pf3D7_03_v3:1003801-1005200	1400	0.239414	18.8556	1.29609e-20	1	1	1
deletion	Pf3D7_03_v3:1007801-1010400	2600	0.410541	1.09064	4.82671e-06	18513.1	36.3228	1
deletion	Pf3D7_03_v3:1012001-1016800	4800	0.253717	3.32026e-11	2.42992e-35	0.00102026	5.61189e-17	1
deletion	Pf3D7_03_v3:1025401-1032400	7000	0.322739	2.25398e-09	2.03187e+09	0.000390259	2.24281e+09	1
deletion	Pf3D7_03_v3:1040401-1041200	800	0.333982	1849.07	2.72777e-08	1	1	1
deletion	Pf3D7_03_v3:1053401-1053800	400	0.243341	169021	0.000779198	1	1	1
deletion	Pf3D7_03_v3:1054401-1059000	4600	0.331124	0.000143473	0.0120568	5.94882	1065.78	1
deletion	Pf3D7_03_v3:1060601-1061400	800	0.0767959	249.645	1.45268e-24	1	1	1
deletion	Pf3D7_03_v3:1061801-1063000	1200	0.231653	132.898	8.4852e-18	1	1	1
duplication	Pf3D7_03_v3:1063601-1067800	4200	3.47695	0.0341442	3.29557e-33	300.222	3.08609e-13	1
deletion	Pf3D7_04_v3:1-7000	7000	0.28237	2.27675e-11	2.53758e+08	3.5062e-10	4.80451e-07	1
deletion	Pf3D7_04_v3:7601-9000	1400	0.163897	6.00208	1.91658e-19	1	1	1
deletion	Pf3D7_04_v3:26801-27600	800	0.351939	10711.9	3.42631e-06	1	1	1
deletion	Pf3D7_04_v3:28001-28600	600	0.0499677	37.5157	5.81411e-25	1	1	1
deletion	Pf3D7_04_v3:41401-42200	800	0.392219	3759.54	0.00520804	1	1	1
deletion	Pf3D7_04_v3:43001-44400	1400	0.145543	0.0303891	1.31353e-40	1	1	1
deletion	Pf3D7_04_v3:44801-45600	800	0.150334	116.767	1.71812e-24	1	1	1
deletion	Pf3D7_04_v3:58801-60000	1200	0.282494	15.1763	9.22302e-22	1	1	1
deletion	Pf3D7_04_v3:63201-65200	2000	0.260515	0.124577	4.68287e-11	1	1	1
deletion	Pf3D7_04_v3:66001-67600	1600	0.249841	6.27988	3.79994e-17	1	1	1
deletion	Pf3D7_04_v3:74201-77400	3200	0.0743039	4.98039e-11	4.09149e-118	1.61971	7.77546e-39	1
deletion	Pf3D7_04_v3:79201-79600	400	0.293958	92750.6	0.00184337	1	1	1
deletion	Pf3D7_04_v3:86001-86600	600	0.131103	14635.1	9.222e-12	1	1	1
deletion	Pf3D7_04_v3:546201-550600	4400	0.231636	0.00410162	2.871e+09	229.525	2.871e+09	1
deletion	Pf3D7_04_v3:552601-553400	800	0.22028	2656.61	1.12374e-09	1	1	1
deletion	Pf3D7_04_v3:558401-559400	1000	0.144019	444.568	7.82963e-16	1	1	1
deletion	Pf3D7_04_v3:563001-563600	600	0.153026	840.761	7.0598e-18	1	1	1
deletion	Pf3D7_04_v3:569601-592800	23200	0.365761	6.8695e-12	1.00203e+09	7.51757e-12	1.09721e+09	1
deletion	Pf3D7_04_v3:603001-604200	1200	0.254813	389.396	1.90584e-09	1	1	1
deletion	Pf3D7_04_v3:642001-644200	2200	0.672371	0.277191	0.00964065	1	1	1
deletion	Pf3D7_04_v3:941801-962800	21000	0.410072	7.58917e-12	2.871e+09	8.38803e-12	2.871e+09	1
deletion	Pf3D7_04_v3:963201-964200	1000	0.110369	15.9821	1.8821e-31	1	1	1
deletion	Pf3D7_04_v3:966001-967800	1800	0.26335	1.06178	3.46428e-10	1	1	1
deletion	Pf3D7_04_v3:973401-974400	1000	0.146376	74.5838	2.9678e-24	1	1	1
deletion	Pf3D7_04_v3:975201-975600	400	0.174874	300766	0.00127249	1	1	1
deletion	Pf3D7_04_v3:979601-980800	1200	0.239636	211.449	3.26978e-08	1	1	1
deletion	Pf3D7_04_v3:1120601-1121000	400	0.307346	48621.6	0.0011673	1	1	1
deletion	Pf3D7_04_v3:1145401-1156000	10600	0.251486	1.50351e-11	2.58892e+09	1.85317e-11	2.63993e+09	1
deletion	Pf3D7_04_v3:1167601-1171000	3400	0.170406	6.17522e-07	9.64182e-29	9.30606e-05	3.32882e-61	1
deletion	Pf3D7_04_v3:1172001-1173200	1200	0.20019	11.148	1.85001e-24	1	1	1
deletion	Pf3D7_04_v3:1176601-1181400	4800	0.247242	2.67341e-06	393108	0.661762	1.60071e+07	1
deletion	Pf3D7_04_v3:1182801-1183400	600	0.158397	8056.82	1.27336e-14	1	1	1
deletion	Pf3D7_04_v3:1192201-1195800	3600	0.30402	9.96935e-05	2.85223e-23	16.2293	2.15389e-10	1
deletion	Pf3D7_05_v3:1-12200	12200	0.337478	1.30633e-11	1.20856e+09	1.56248e-11	1.39273e+09	1
deletion	Pf3D7_05_v3:17801-18800	1000	0.107663	131.563	1.96921e-22	1	1	1
deletion	Pf3D7_05_v3:19001-24000	5000	0.288573	1.25846e-05	5.30326e+08	0.121115	1.04217e+09	1
deletion	Pf3D7_05_v3:32001-33000	1000	0.0943981	145.741	1.62642e-20	1	1	1
deletion	Pf3D7_05_v3:34001-36000	2000	0.381635	51.5479	0.000298259	1	1	1
deletion	Pf3D7_05_v3:79001-79400	400	0.309973	99116.3	0.00654147	1	1	1
duplication	Pf3D7_05_v3:888401-970000	81600	2.02627	0	1.23526e-198	0	1.4937e-193	1
deletion	Pf3D7_06_v3:801-1200	400	0.0173612	28541.1	8.37514e-15	1	1	1
deletion	Pf3D7_06_v3:7401-10800	3400	0.209859	0.000525384	4.30649e-23	267.875	2.87188e-05	1
deletion	Pf3D7_06_v3:11401-12000	600	0.310608	24039.6	4.11775e-06	1	1	1
deletion	Pf3D7_06_v3:16201-48600	32400	0.573771	0.00294494	2.871e+09	0.0304098	2.871e+09	1
deletion	Pf3D7_06_v3:49001-52200	3200	0.451998	0.190814	6.82001e-06	4417.5	9417.6	1
deletion	Pf3D7_06_v3:55001-56200	1200	0.439075	136.636	3.85431e-08	1	1	1
deletion	Pf3D7_06_v3:726001-727400	1400	0.0516948	0.0352477	2.61819e-48	1	1	1
deletion	Pf3D7_06_v3:728401-729400	1000	0.146596	432.091	4.99807e-16	1	1	1
deletion	Pf3D7_06_v3:734201-740400	6200	0.119581	2.57052e-11	2.80923e+09	6.47534e-06	2.82901e+09	1
deletion	Pf3D7_06_v3:740601-741800	1200	0.0655441	13.2992	1.0181e-25	1	1	1
deletion	Pf3D7_06_v3:1295001-1296200	1200	0.306254	417.746	2.75828e-12	1	1	1
deletion	Pf3D7_06_v3:1302601-1303000	400	0.363634	32226.8	0.0342415	1	1	1
deletion	Pf3D7_06_v3:1313401-1328600	15200	0.413287	1.0485e-11	2.85718e+09	1.20737e-11	2.85899e+09	1
deletion	Pf3D7_06_v3:1334001-1336400	2400	0.121466	4.44775e-05	6.4033e-47	96763.7	2.65041e-11	1
deletion	Pf3D7_06_v3:1341401-1343000	1600	0.458435	88.5693	0.000122635	1	1	1
deletion	Pf3D7_06_v3:1348401-1351800	3400	0.353847	0.0476168	968.529	23.5544	5.48334e-15	1
deletion	Pf3D7_06_v3:1357801-1359200	1400	0.0328894	0.0184946	1.38479e-51	1	1	1
deletion	Pf3D7_06_v3:1366001-1368200	2200	0.23242	0.0310632	6.96089e-23	1	1	1
deletion	Pf3D7_06_v3:1368601-1372200	3600	0.342073	0.0156131	5.72789e+08	700.195	1.40251e+09	1
deletion	Pf3D7_06_v3:1373001-1375000	2000	0.384312	6.58085	0.01381	1	1	1
deletion	Pf3D7_06_v3:1380001-1381600	1600	0.141567	10.7441	1.98357e-06	1	1	1
deletion	Pf3D7_06_v3:1389601-1390200	600	0.198207	1001.65	1.39833e-14	1	1	1
deletion	Pf3D7_06_v3:1404801-1405400	600	0.289629	7788.18	7.96592e-09	1	1	1
deletion	Pf3D7_06_v3:1407001-1416600	9600	0.239591	1.66013e-11	2.84506e+09	2.09701e-11	2.85044e+09	1
deletion	Pf3D7_07_v3:1801-3800	2000	0.265999	5.67733	3.61018e-09	1	1	1
deletion	Pf3D7_07_v3:11401-12000	600	0.379053	7094.34	0.000107996	1	1	1
deletion	Pf3D7_07_v3:18401-18800	400	0.0917462	136232	2.95508e-09	1	1	1
deletion	Pf3D7_07_v3:28001-29000	1000	0.379796	303.055	3.591e-09	1	1	1
deletion	Pf3D7_07_v3:30801-35000	4200	0.090394	8.38603e-09	1.55887e-18	7.24421e-11	4.47704e-126	1
deletion	Pf3D7_07_v3:40001-69200	29200	0.342931	5.45796e-12	2.871e+09	5.85928e-12	2.871e+09	1
deletion	Pf3D7_07_v3:73801-75000	1200	0.118858	9.16752	1.03294e-25	1	1	1
deletion	Pf3D7_07_v3:522401-523200	800	0.223698	2982.73	1.60285e-10	1	1	1
deletion	Pf3D7_07_v3:530201-530600	400	0.0385037	64676.6	5.79305e-13	1	1	1
deletion	Pf3D7_07_v3:535001-536000	1000	0.266986	1592.89	0.000267047	1	1	1
deletion	Pf3D7_07_v3:537001-544200	7200	0.0596435	2.21351e-11	1.93422e-39	3.06486e-11	4.65035e-26	1
deletion	Pf3D7_07_v3:545201-546000	800	0.0909578	1733.52	7.83339e-16	1	1	1
deletion	Pf3D7_07_v3:549601-550200	600	0.346202	4503.57	5.79481e-07	1	1	1
deletion	Pf3D7_07_v3:553201-554600	1400	0.453682	18.213	3.08451e-08	1	1	1
duplication	Pf3D7_07_v3:558601-564800	6200	2.45102	3.11023e-05	2.871e+09	0.00307782	1.01991e-112	1
deletion	Pf3D7_07_v3:577001-581000	4000	0.233202	4.30828e-06	0.0133211	28.3127	6184.24	1
deletion	Pf3D7_07_v3:592601-593400	800	0.390064	156.238	1.76602e-09	1	1	1
deletion	Pf3D7_07_v3:593801-594400	600	0.191992	19030.2	1.42737e-09	1	1	1
deletion	Pf3D7_07_v3:1081001-1081600	600	0.264659	26208.3	6.8077e-06	1	1	1
deletion	Pf3D7_07_v3:1329001-1329800	800	0.132212	749.185	2.95944e-18	1	1	1
deletion	Pf3D7_07_v3:1360401-1360800	400	0	7859.2	2.25441e-16	1	1	1
deletion	Pf3D7_07_v3:1387601-1389800	2200	0.307272	0.0374984	2.91182e-25	1	1	1
deletion	Pf3D7_07_v3:1392401-1393200	800	0.100692	434.441	8.60608e-22	1	1	1
deletion	Pf3D7_07_v3:1393801-1407200	13400	0.407715	3.21298e-05	2.871e+09	0.0216307	2.871e+09	1
deletion	Pf3D7_07_v3:1407601-1408600	1000	0.495558	177.073	0.00109928	1	1	1
deletion	Pf3D7_07_v3:1411401-1415000	3600	0.254941	0.000347234	1.94966e+08	450.621	8.68739e+08	1
deletion	Pf3D7_07_v3:1418801-1419200	400	0.350766	72556.3	0.04369	1	1	1
deletion	Pf3D7_07_v3:1419801-1421200	1400	0.0293623	0.00551026	1.85135e-55	1	1	1
deletion	Pf3D7_07_v3:1437601-1445400	7800	0.300051	2.04324e-10	9.37597e+07	1.14583e-07	2.25448e+08	1
deletion	Pf3D7_08_v3:1-1600	1600	0.30075	25.9147	5.88087e-09	1	1	1
deletion	Pf3D7_08_v3:2201-3000	800	0.243702	10612	0.0487437	1	1	1
deletion	Pf3D7_08_v3:4801-5800	1000	0.140877	594.101	7.00226e-11	1	1	1
deletion	Pf3D7_08_v3:6201-8000	1800	0.298067	16.6555	1.27768e-05	1	1	1
deletion	Pf3D7_08_v3:10801-11600	800	0.389282	9918.53	0.000250737	1	1	1
deletion	Pf3D7_08_v3:20801-21200	400	0.273331	212527	0.0210708	1	1	1
deletion	Pf3D7_08_v3:24801-25200	400	0.0342156	3985.67	1.01466e-14	1	1	1
deletion	Pf3D7_08_v3:31801-33200	1400	0.153323	39.0391	1.38251e-18	1	1	1
deletion	Pf3D7_08_v3:33801-34600	800	0.389306	21789	0.00124918	1	1	1
deletion	Pf3D7_08_v3:42401-43400	1000	0.0196816	0.0137081	3.76776e-50	1	1	1
deletion	Pf3D7_08_v3:44001-44400	400	0.0692491	72764.5	1.55684e-11	1	1	1
deletion	Pf3D7_08_v3:60001-61400	1400	0.496891	108.241	0.000460831	1	1	1
deletion	Pf3D7_08_v3:430801-431800	1000	0.300597	2436.67	0.000503801	1	1	1
deletion	Pf3D7_08_v3:437801-438600	800	0.214181	804.229	1.57182e-17	1	1	1
deletion	Pf3D7_08_v3:439601-440400	800	0.30456	7024.61	0.00133008	1	1	1
deletion	Pf3D7_08_v3:447201-447800	600	0.24406	42072	0.000645342	1	1	1
deletion	Pf3D7_08_v3:456201-459400	3200	0.207948	0.000164646	5.90352e-21	178.166	1.88346e-11	1
deletion	Pf3D7_08_v3:587201-587600	400	0.208236	145581	3.06234e-05	1	1	1
deletion	Pf3D7_08_v3:1366001-1411000	45000	0.54384	3684.68	2.871e+09	5088.02	2.871e+09	1
deletion	Pf3D7_08_v3:1411401-1412600	1200	0.233678	138.203	3.78676e-17	1	1	1
deletion	Pf3D7_08_v3:1422801-1425800	3000	0.206531	3.01697e-05	2.65429e-42	115.129	5.01648e-22	1
deletion	Pf3D7_08_v3:1430401-1437800	7400	0.257166	2.15368e-11	4.15196e-70	2.95134e-11	7.68333e-56	1
deletion	Pf3D7_08_v3:1448801-1449400	600	0.232442	6487.66	5.5598e-10	1	1	1
deletion	Pf3D7_08_v3:1449601-1450000	400	0.173162	17839.4	1.00151e-08	1	1	1
deletion	Pf3D7_08_v3:1460401-1461200	800	0.411095	9960.17	0.0113389	1	1	1
deletion	Pf3D7_08_v3:1463601-1469400	5800	0.234305	3.54466e-09	450.4	7.45957e-05	31.4334	1
deletion	Pf3D7_09_v3:1-5400	5400	0.226534	2.95134e-11	1.84089e-37	2.96245e-08	7.13555e-63	1
deletion	Pf3D7_09_v3:6001-7400	1400	0.174723	13.2642	1.51798e-23	1	1	1
deletion	Pf3D7_09_v3:9401-10200	800	0.237932	1216.4	7.85014e-13	1	1	1
deletion	Pf3D7_09_v3:22401-23000	600	0.173093	691.165	1.3016e-16	1	1	1
deletion	Pf3D7_09_v3:26801-27600	800	0.276368	5063.59	9.19488e-11	1	1	1
deletion	Pf3D7_09_v3:28001-28600	600	0.146345	2704.78	3.67685e-16	1	1	1
deletion	Pf3D7_09_v3:29801-33200	3400	0.229474	0.000466113	8.64083e+07	0.00805839	2.57079e-41	1
deletion	Pf3D7_09_v3:42601-44000	1400	0.210754	18.0219	1.05493e-25	1	1	1
deletion	Pf3D7_09_v3:44401-45200	800	0.217054	8244.47	0.000258044	1	1	1
deletion	Pf3D7_09_v3:47601-48800	1200	0.166658	14.2745	3.33949e-21	1	1	1
deletion	Pf3D7_09_v3:52001-55000	3000	0.301477	0.0129206	5.21367e-12	284.443	7.55015e-19	1
deletion	Pf3D7_09_v3:59201-61600	2400	0.268745	0.0378301	1.36424e-16	96338.2	1.20577e-10	1
deletion	Pf3D7_09_v3:64401-66800	2400	0.26017	0.0326991	1.83777e-22	444801	18158.3	1
deletion	Pf3D7_09_v3:1389201-1390200	1000	0.107147	5.93395	1.20775e-32	1	1	1
deletion	Pf3D7_09_v3:1398401-1399000	600	0.0794067	129.498	4.47841e-23	1	1	1
deletion	Pf3D7_09_v3:1475001-1477600	2600	0.302841	0.103305	2.38585e-07	197133	558694	1
deletion	Pf3D7_09_v3:1485601-1496000	10400	0.246259	1.53243e-11	0.00251671	1.89729e-11	0.524234	1
deletion	Pf3D7_09_v3:1497401-1498800	1400	0.402837	1401.89	4.0436e-05	1	1	1
deletion	Pf3D7_09_v3:1500401-1500800	400	0.172549	298436	0.00101559	1	1	1
deletion	Pf3D7_09_v3:1506201-1506800	600	0.191829	5374.24	4.19617e-12	1	1	1
deletion	Pf3D7_09_v3:1531601-1533600	2000	0.220633	0.449031	5.98928e-12	1	1	1
deletion	Pf3D7_09_v3:1534201-1535800	1600	0.131698	0.0573639	1.82927e-41	1	1	1
deletion	Pf3D7_09_v3:1537401-1538800	1400	0.070481	0.0811004	5.91879e-44	1	1	1
deletion	Pf3D7_10_v3:1201-3000	1800	0.224382	0.158921	3.0944e-31	1	1	1
deletion	Pf3D7_10_v3:3201-8400	5200	0.313791	0.000146814	2.86909e+09	0.910616	2.86983e+09	1
deletion	Pf3D7_10_v3:9001-11000	2000	0.307199	4.46728	2.16269e-06	1	1	1
deletion	Pf3D7_10_v3:24401-25000	600	0.375886	9820.92	1.76343e-05	1	1	1
deletion	Pf3D7_10_v3:25601-26200	600	0.0372751	1023.64	3.0998e-23	1	1	1
deletion	Pf3D7_10_v3:30801-31400	600	0.179448	16314.7	4.04137e-09	1	1	1
deletion	Pf3D7_10_v3:39001-43200	4200	0.27994	0.000150251	1.77827e+07	4.59183	7.73841e+06	1
deletion	Pf3D7_10_v3:65201-68600	3400	0.107142	5.41913e-07	1.82099e-30	0.000402795	2.63637e-63	1
deletion	Pf3D7_10_v3:110201-112200	2000	0.439658	247.163	0.0460378	1	1	1
deletion	Pf3D7_10_v3:1395001-1396600	1600	0.0445332	0.0031547	1.929e-60	1	1	1
deletion	Pf3D7_10_v3:1523201-1524200	1000	0.131878	44.3052	1.45319e-28	1	1	1
deletion	Pf3D7_10_v3:1525201-1525600	400	0.153098	100942	7.74976e-08	1	1	1
deletion	Pf3D7_10_v3:1526201-1526600	400	0.00575658	9353.57	7.57622e-16	1	1	1
deletion	Pf3D7_10_v3:1528001-1528800	800	0.106497	130.895	1.63914e-25	1	1	1
deletion	Pf3D7_10_v3:1543001-1543600	600	0.211113	9056.29	2.28173e-12	1	1	1
deletion	Pf3D7_10_v3:1582801-1625200	42400	0.494479	3.75879e-12	2.871e+09	3.94486e-12	2.871e+09	1
deletion	Pf3D7_10_v3:1628401-1630000	1600	0.349748	195.915	6.22817e-07	1	1	1
deletion	Pf3D7_10_v3:1632001-1632400	400	0.112634	31284	8.90769e-11	1	1	1
deletion	Pf3D7_10_v3:1633601-1634400	800	0.250457	6125.29	6.7462e-07	1	1	1
deletion	Pf3D7_10_v3:1635001-1635600	600	0.121755	2748.55	6.83795e-17	1	1	1
deletion	Pf3D7_10_v3:1652601-1654400	1800	0.345753	0.468272	2.05204e-13	1	1	1
deletion	Pf3D7_10_v3:1670201-1670600	400	0.336271	78951.4	0.0203845	1	1	1
deletion	Pf3D7_10_v3:1677601-1681400	3800	0.298328	0.00168322	1.0036e+07	6.92177	3.65845	1
deletion	Pf3D7_10_v3:1684401-1685600	1200	0.057501	0.0623874	7.46743e-51	1	1	1
deletion	Pf3D7_11_v3:2201-8800	6600	0.348026	2.95523e-06	2.87099e+09	0.0920141	2.87099e+09	1
deletion	Pf3D7_11_v3:9001-10200	1200	0.326149	983.039	0.00124049	1	1	1
deletion	Pf3D7_11_v3:18801-19200	400	0.264963	152853	0.00185631	1	1	1
deletion	Pf3D7_11_v3:19801-20400	600	0.318002	41340.1	3.35522e-05	1	1	1
deletion	Pf3D7_11_v3:30201-31200	1000	0.315934	449.245	1.18652e-08	1	1	1
deletion	Pf3D7_11_v3:40201-41400	1200	0.0895708	16.3489	3.83706e-26	1	1	1
deletion	Pf3D7_11_v3:48601-65400	16800	0.337079	9.48646e-12	2.871e+09	1.07684e-11	2.871e+09	1
deletion	Pf3D7_11_v3:67601-69000	1400	0.246127	0.353997	2.18428e-32	1	1	1
deletion	Pf3D7_11_v3:69601-72200	2600	0.240979	0.0278569	6.17651e-13	43168.2	1.90236e-06	1
deletion	Pf3D7_11_v3:76801-93200	16400	0.380029	9.71784e-12	2.871e+09	1.10675e-11	2.871e+09	1
deletion	Pf3D7_11_v3:1920001-1921400	1400	0.264685	112.785	1.08144e-09	1	1	1
deletion	Pf3D7_11_v3:1923601-1924000	400	0.0824543	24663.1	3.82701e-12	1	1	1
deletion	Pf3D7_11_v3:1928801-1933400	4600	0.641889	0.0099147	6355.37	60.8594	1.82721e+06	1
deletion	Pf3D7_11_v3:2015201-2020200	5000	0.256869	0.000343262	2.871e+09	0.000277601	2.1009e-12	1
deletion	Pf3D7_11_v3:2031201-2031800	600	0.144233	8104.64	5.36954e-16	1	1	1
deletion	Pf3D7_11_v3:2036401-2037000	600	0.112777	8105.25	1.76321e-14	1	1	1
deletion	Pf3D7_12_v3:601-6000	5400	0.249149	7.82342e-07	1.22388e+09	0.101307	1.67836e+09	1
deletion	Pf3D7_12_v3:17801-18600	800	0.167701	564.374	6.32092e-17	1	1	1
deletion	Pf3D7_12_v3:23001-24400	1400	0.20727	18.6518	7.91586e-15	1	1	1
deletion	Pf3D7_12_v3:26401-30000	3600	0.22308	0.000392289	1.87421e+09	0.00235987	3.65853e-51	1
deletion	Pf3D7_12_v3:33201-35000	1800	0.112507	0.0120189	4.12986e-43	1	1	1
deletion	Pf3D7_12_v3:38601-39800	1200	0.0659367	2.14028	5.65372e-38	1	1	1
deletion	Pf3D7_12_v3:44601-49200	4600	0.272706	5.23192e-06	2.88304e-09	0.00351049	2.98058e-28	1
deletion	Pf3D7_12_v3:49401-50200	800	0.0285381	44.9808	2.22773e-32	1	1	1
deletion	Pf3D7_12_v3:162401-165000	2600	0.69112	0.0928426	0.021182	45916.6	175509	1
duplication	Pf3D7_12_v3:549001-622600	73600	1.53407	0	2.871e+09	0	2.871e+09	1
deletion	Pf3D7_12_v3:771001-771400	400	0.0440746	57561.2	6.4742e-13	1	1	1
duplication	Pf3D7_12_v3:971201-976400	5200	2.80387	0	2.85387e-193	1.75911e-05	4.07453e-161	1
deletion	Pf3D7_12_v3:1578801-1579200	400	0.156575	270078	0.000126753	1	1	1
deletion	Pf3D7_12_v3:1695401-1696600	1200	0.304661	1228.19	2.42265e-06	1	1	1
deletion	Pf3D7_12_v3:1705401-1708600	3200	0.295718	0.0232474	4.2154e-12	1718.49	44.2166	1
deletion	Pf3D7_12_v3:1713401-1715800	2400	0.229825	0.20542	6.90849e-05	39021.5	6.43471e-14	1
deletion	Pf3D7_12_v3:1716001-1718200	2200	0.16873	0.0246493	1.29161e-12	1	1	1
deletion	Pf3D7_12_v3:1724801-1725400	600	0.250244	17262.3	1.54028e-08	1	1	1
deletion	Pf3D7_12_v3:1726001-1727200	1200	0.258144	23.7584	1.87489e-14	1	1	1
deletion	Pf3D7_12_v3:1731401-1733800	2400	0.265337	0.0428825	9.2138e-24	105464	4.46304e-08	1
deletion	Pf3D7_12_v3:2163201-2184000	20800	0.303391	7.66214e-12	2.871e+09	8.47726e-12	2.871e+09	1
deletion	Pf3D7_12_v3:2185001-2185600	600	0.442584	5225.58	0.0187082	1	1	1
deletion	Pf3D7_12_v3:2186801-2190200	3400	0.0344794	4.68743e-11	1.57266e-121	0.00552678	4.58529e-55	1
deletion	Pf3D7_12_v3:2195201-2198400	3200	0.422347	0.137237	3.65292e-16	2549.41	0.109738	1
deletion	Pf3D7_12_v3:2202001-2203400	1400	0.35658	217.36	1.20665e-09	1	1	1
deletion	Pf3D7_12_v3:2211801-2212200	400	0.313848	147858	0.0351949	1	1	1
deletion	Pf3D7_12_v3:2215601-2216200	600	0.200246	32878.9	1.51768e-06	1	1	1
deletion	Pf3D7_12_v3:2219001-2219600	600	0.179539	29535.9	3.57921e-07	1	1	1
deletion	Pf3D7_12_v3:2222401-2225600	3200	0.229213	0.00872731	1.8675e+06	12.3324	2.07617e-24	1
deletion	Pf3D7_12_v3:2228001-2229400	1400	0.164429	17.0746	1.43107e-19	1	1	1
deletion	Pf3D7_12_v3:2231401-2235200	3800	0.210031	1.26735e-05	2492.13	125.293	3.86201e+06	1
deletion	Pf3D7_12_v3:2248801-2250800	2000	0.256777	0.162648	8.88945e-20	1	1	1
deletion	Pf3D7_12_v3:2252201-2252600	400	0.22375	45912.8	2.09493e-06	1	1	1
deletion	Pf3D7_12_v3:2260401-2261000	600	0.227809	2737.08	3.72635e-13	1	1	1
deletion	Pf3D7_12_v3:2265201-2269000	3800	0.253612	1.40556e-05	3.17854e-18	4.72619	5.48562e-16	1
deletion	Pf3D7_12_v3:2271001-2271600	600	0.136873	12499.9	2.92513e-12	1	1	1
deletion	Pf3D7_13_v3:801-12400	11600	0.325133	1.3739e-11	2.86987e+09	1.66013e-11	2.87007e+09	1
deletion	Pf3D7_13_v3:22201-23800	1600	0.0465209	0.00283926	8.10562e-57	1	1	1
deletion	Pf3D7_13_v3:26801-30800	4000	0.407548	0.0220682	7.1583e+08	6.55196	5.72972e-05	1
deletion	Pf3D7_13_v3:64001-68600	4600	0.373937	9.21242e-08	5.19658e-25	0.0655489	2.43383e-10	1
deletion	Pf3D7_13_v3:754601-755200	600	0.3461	86986	0.0248699	1	1	1
deletion	Pf3D7_13_v3:873401-874200	800	0.325909	1028.79	1.72261e-09	1	1	1
deletion	Pf3D7_13_v3:2424601-2425000	400	0.07604	94570	9.19226e-11	1	1	1
deletion	Pf3D7_13_v3:2673601-2674400	800	0.0813516	37.0055	3.28351e-30	1	1	1
deletion	Pf3D7_13_v3:2845601-2849800	4200	0.405268	7.09211e-06	2.46338e-07	0.0771131	1.96119e-16	1
deletion	Pf3D7_13_v3:2862201-2871800	9600	0.478072	0.000223125	2.871e+09	0.0316221	2.871e+09	1
deletion	Pf3D7_13_v3:2873201-2875000	1800	0.367144	4.57033	3.10111e-05	1	1	1
deletion	Pf3D7_13_v3:2880001-2881800	1800	0.181565	0.0168442	1.01528e-34	1	1	1
deletion	Pf3D7_13_v3:2883001-2884400	1400	0.406849	583.991	0.0178593	1	1	1
deletion	Pf3D7_13_v3:2895201-2895800	600	0.257404	23262.4	2.17083e-05	1	1	1
deletion	Pf3D7_13_v3:2907601-2908000	400	0.365891	7730.1	0.020672	1	1	1
deletion	Pf3D7_13_v3:2912601-2921200	8600	0.429115	0.000239615	2.871e+09	0.336901	2.871e+09	1
deletion	Pf3D7_13_v3:2922001-2922600	600	0.362079	9826.17	4.26659e-05	1	1	1
deletion	Pf3D7_14_v3:4801-24200	19400	0.474857	3.17102e-09	2.871e+09	8.94052e-07	2.871e+09	1
deletion	Pf3D7_14_v3:32801-33600	800	0.083445	195.298	4.69074e-25	1	1	1
deletion	Pf3D7_14_v3:3197201-3198400	1200	0.55916	613.203	0.000250257	1	1	1
deletion	Pf3D7_14_v3:3256001-3257000	1000	0.405363	3627.68	0.0042948	1	1	1
deletion	Pf3D7_14_v3:3257401-3259800	2400	0.394967	0.32372	2.18615e-12	383381	1.15145	1
deletion	Pf3D7_14_v3:3261201-3262800	1600	0.420674	10.6581	1.63808e-14	1	1	1
deletion	Pf3D7_14_v3:3264401-3269800	5400	0.38191	4.86086e-08	2.5547e-10	0.000106944	0.00290504	1
deletion	Pf3D7_14_v3:3273601-3275600	2000	0.179748	0.00108179	8.56962e-50	1	1	1
deletion	Pf3D7_14_v3:3276201-3276800	600	0.0203554	43.1999	3.74554e-27	1	1	1
deletion	Pf3D7_14_v3:3277401-3278600	1200	0.209502	282.991	7.1777e-05	1	1	1
deletion	Pf3D7_14_v3:3280001-3284000	4000	0.369827	1.27739e-05	2265.64	15.4137	2.55042e+06	1
