duplication	M76611:1-6000	6000	41.3508	0	0	0	0	1
duplication	PFC10_API_IRAB:1-34200	34200	7.65648	0	0	0	0	1
deletion	Pf3D7_01_v3:1-9200	9200	0.415797	4.08829e-05	2.871e+09	0.0062447	2.871e+09	1
deletion	Pf3D7_01_v3:27601-28200	600	0.212277	22626.1	0.000189917	1	1	1
deletion	Pf3D7_01_v3:36201-79800	43600	0.524699	3.19169e-07	2.871e+09	6.78382e-06	2.871e+09	1
deletion	Pf3D7_01_v3:80201-82000	1800	0.248024	0.0887831	5.4977e-25	1	1	1
deletion	Pf3D7_01_v3:83001-84800	1800	0.410886	0.0960217	2.60773e-15	1	1	1
deletion	Pf3D7_01_v3:88201-88800	600	0.104272	820.036	7.55467e-13	1	1	1
deletion	Pf3D7_01_v3:514001-514600	600	0	31.9247	2.79211e-19	1	1	1
deletion	Pf3D7_01_v3:546801-547600	800	0.213964	937.099	1.86359e-08	1	1	1
deletion	Pf3D7_01_v3:565601-566000	400	0.236617	43791.4	0.021195	1	1	1
deletion	Pf3D7_01_v3:577401-578200	800	0.268487	16380.1	0.0219854	1	1	1
deletion	Pf3D7_01_v3:580201-581000	800	0.336804	1414.99	1.56002e-05	1	1	1
deletion	Pf3D7_01_v3:596601-597400	800	0.161405	1463.42	1.66469e-11	1	1	1
deletion	Pf3D7_01_v3:603401-604400	1000	0.140454	3.57584	4.16447e-22	1	1	1
deletion	Pf3D7_01_v3:621401-622600	1200	0.327284	18.2792	2.61972e-15	1	1	1
deletion	Pf3D7_01_v3:623401-624600	1200	0.356116	2082.61	0.0171311	1	1	1
deletion	Pf3D7_01_v3:625401-626600	1200	0.314723	5.27877	4.56818e-14	1	1	1
deletion	Pf3D7_02_v3:1201-2800	1600	0.12842	0.00657321	2.87503e-36	1	1	1
deletion	Pf3D7_02_v3:3201-10800	7600	0.303796	1.2582e-10	2.71093e+09	1.13347e-05	2.75217e+09	1
deletion	Pf3D7_02_v3:31001-37200	6200	0.354361	0.000905048	2.871e+09	17.1469	2.871e+09	1
deletion	Pf3D7_02_v3:42401-43400	1000	0.159108	32.2765	8.60392e-18	1	1	1
deletion	Pf3D7_02_v3:44001-44400	400	0.16171	20843	0.000117948	1	1	1
deletion	Pf3D7_02_v3:44801-45800	1000	0.280484	1559.89	0.00702393	1	1	1
deletion	Pf3D7_02_v3:47001-47400	400	0.123177	54582.1	3.27275e-05	1	1	1
deletion	Pf3D7_02_v3:49601-50000	400	0.172144	34204.1	0.000351463	1	1	1
deletion	Pf3D7_02_v3:51801-54800	3000	0.354403	0.000890742	3.22291e-15	2419.65	0.018549	1
deletion	Pf3D7_02_v3:58001-105600	47600	0.190497	3.34816e-12	2.871e+09	3.49501e-12	2.871e+09	1
deletion	Pf3D7_02_v3:274001-274400	400	0.111609	202424	0.00279738	1	1	1
deletion	Pf3D7_02_v3:823201-823600	400	0.0797669	139859	5.08423e-05	1	1	1
deletion	Pf3D7_02_v3:875801-881800	6000	0.443655	0.0247371	2.87093e+09	194.091	2.87095e+09	1
deletion	Pf3D7_02_v3:884601-886200	1600	0.260218	1.4835	3.78084e-18	1	1	1
deletion	Pf3D7_02_v3:887201-889800	2600	0.112846	1.90377e-06	2.25485e-50	179.113	2.26431e-17	1
deletion	Pf3D7_02_v3:893201-900000	6800	0.331148	6.66457e-05	2.871e+09	0.462921	2.871e+09	1
deletion	Pf3D7_02_v3:910001-915000	5000	0.28669	4.14369e-10	4.68002e-33	0.000339017	2.42863e-16	1
deletion	Pf3D7_02_v3:917201-917600	400	0.198673	79060	0.00676193	1	1	1
deletion	Pf3D7_02_v3:924201-924600	400	0.183229	21317.8	0.000461608	1	1	1
deletion	Pf3D7_02_v3:944001-946200	2200	0.099161	0.000193991	1.29638e-30	1	1	1
deletion	Pf3D7_03_v3:35001-36200	1200	0.365062	28.0832	4.67581e-10	1	1	1
deletion	Pf3D7_03_v3:36601-37000	400	0.0344853	32354.5	3.42279e-08	1	1	1
deletion	Pf3D7_03_v3:38601-39200	600	0.0256563	1105.16	1.44431e-15	1	1	1
deletion	Pf3D7_03_v3:40601-41400	800	0.149281	2822.31	8.57193e-07	1	1	1
deletion	Pf3D7_03_v3:42001-42400	400	0.0491269	83428.1	8.13963e-07	1	1	1
deletion	Pf3D7_03_v3:43201-59600	16400	0.312754	9.71784e-12	2.86163e+09	1.10675e-11	2.86277e+09	1
deletion	Pf3D7_03_v3:64201-64800	600	0.215794	13342.2	9.40952e-07	1	1	1
deletion	Pf3D7_03_v3:65201-65600	400	0.0909136	22614.6	1.18354e-06	1	1	1
deletion	Pf3D7_03_v3:122601-123200	600	0.390596	1932.77	0.0201765	1	1	1
deletion	Pf3D7_03_v3:598201-599400	1200	0.469485	10.3593	6.93591e-08	1	1	1
deletion	Pf3D7_03_v3:1003001-1016800	13800	0.391202	1.15487e-11	61583.1	1.35061e-11	292460	1
deletion	Pf3D7_03_v3:1018201-1019400	1200	0.19717	31.3499	6.67856e-15	1	1	1
deletion	Pf3D7_03_v3:1022401-1022800	400	0.206748	3067.64	0.00112017	1	1	1
deletion	Pf3D7_03_v3:1025201-1032800	7600	0.325638	1.4679e-10	6.82937e+07	2.58793e-06	1.82666e+08	1
deletion	Pf3D7_03_v3:1054201-1059000	4800	0.330721	8.36791e-05	53.8943	13.9133	89312.8	1
deletion	Pf3D7_03_v3:1060401-1061400	1000	0.098469	95.5308	3.69289e-17	1	1	1
deletion	Pf3D7_03_v3:1061801-1063400	1600	0.307748	24.1904	1.48121e-05	1	1	1
deletion	Pf3D7_04_v3:1-7200	7200	0.262143	2.21351e-11	69689.7	1.19529e-09	1.18092e-11	1
deletion	Pf3D7_04_v3:7401-9000	1600	0.159626	0.968078	2.37806e-19	1	1	1
deletion	Pf3D7_04_v3:40001-40800	800	0.255673	42.8887	3.14031e-11	1	1	1
deletion	Pf3D7_04_v3:41401-42200	800	0.344657	1998.77	0.00525945	1	1	1
deletion	Pf3D7_04_v3:58801-60000	1200	0.220327	3.20142	3.6612e-20	1	1	1
deletion	Pf3D7_04_v3:60601-61600	1000	0.290053	442.835	1.74563e-09	1	1	1
deletion	Pf3D7_04_v3:63401-65200	1800	0.158723	0.000261136	4.45483e-43	1	1	1
deletion	Pf3D7_04_v3:66001-67600	1600	0.206353	2.59465	1.04876e-11	1	1	1
deletion	Pf3D7_04_v3:84401-84800	400	0.0488894	13111.6	4.19273e-08	1	1	1
deletion	Pf3D7_04_v3:86001-86600	600	0.0970477	7510.03	1.0557e-09	1	1	1
deletion	Pf3D7_04_v3:546201-548800	2600	0.178045	0.00328569	1.20915e-09	134419	165014	1
deletion	Pf3D7_04_v3:549001-550600	1600	0.14235	6.10179	4.11432e-05	1	1	1
deletion	Pf3D7_04_v3:558401-559400	1000	0.148457	496.596	9.37889e-10	1	1	1
deletion	Pf3D7_04_v3:566801-567400	600	0.036871	1078.95	3.29028e-15	1	1	1
deletion	Pf3D7_04_v3:569601-595800	26200	0.409218	6.08292e-12	1.70361e+09	6.58564e-12	1.77285e+09	1
deletion	Pf3D7_04_v3:603001-604000	1000	0.173868	437.939	4.28982e-13	1	1	1
deletion	Pf3D7_04_v3:941801-962600	20800	0.412362	7.66214e-12	2.871e+09	8.47726e-12	2.871e+09	1
deletion	Pf3D7_04_v3:963201-964200	1000	0.0935906	28.4791	2.81266e-20	1	1	1
deletion	Pf3D7_04_v3:966201-967800	1600	0.220213	0.279272	4.89612e-23	1	1	1
deletion	Pf3D7_04_v3:971401-972200	800	0.122264	1057.97	1.02738e-12	1	1	1
deletion	Pf3D7_04_v3:973401-974400	1000	0.171172	255.357	1.73926e-11	1	1	1
deletion	Pf3D7_04_v3:975201-975600	400	0.098087	138712	0.000143888	1	1	1
deletion	Pf3D7_04_v3:976801-978400	1600	0.317291	81.828	5.54113e-06	1	1	1
deletion	Pf3D7_04_v3:979601-981000	1400	0.286639	134.066	2.17273e-06	1	1	1
deletion	Pf3D7_04_v3:1078801-1081600	2800	0.688728	0.0130994	89.6972	17489.9	2.05909e+07	1
deletion	Pf3D7_04_v3:1145401-1154800	9400	0.174905	1.69545e-11	40.2572	2.15368e-11	1886.84	1
deletion	Pf3D7_04_v3:1167601-1171000	3400	0.149814	7.01427e-07	4.04898e-14	0.000500085	1.91366e-42	1
deletion	Pf3D7_04_v3:1172001-1173200	1200	0.171396	5.33805	1.57477e-20	1	1	1
deletion	Pf3D7_04_v3:1176601-1181400	4800	0.24857	1.7037e-05	1.41128e+06	2.99999	3.37382e+07	1
deletion	Pf3D7_04_v3:1192201-1195800	3600	0.274353	4.00437e-06	4.21337e-30	0.674875	4.28012e-15	1
deletion	Pf3D7_05_v3:1-12000	12000	0.30842	1.3281e-11	2.18443e+09	1.59373e-11	2.28624e+09	1
deletion	Pf3D7_05_v3:17801-18800	1000	0.164062	816.751	4.02142e-09	1	1	1
deletion	Pf3D7_05_v3:19001-24000	5000	0.276842	1.41231e-05	72398.2	0.292812	5.00092e+06	1
deletion	Pf3D7_05_v3:32001-32800	800	0.0128621	1.10102	7.63231e-27	1	1	1
duplication	Pf3D7_05_v3:888401-970000	81600	2.18253	0	8.66834e-305	0	4.19037e-297	1
deletion	Pf3D7_05_v3:1336601-1337200	600	0.00289243	13.4214	7.56357e-19	1	1	1
deletion	Pf3D7_06_v3:6801-7200	400	0.0159441	26173.9	6.78974e-09	1	1	1
deletion	Pf3D7_06_v3:7401-52200	44800	0.536188	4.26891e-11	2.871e+09	1.91024e-09	2.871e+09	1
deletion	Pf3D7_06_v3:55001-56200	1200	0.432992	203.056	0.000702973	1	1	1
deletion	Pf3D7_06_v3:726001-727400	1400	0.0543072	0.0535523	1.77954e-32	1	1	1
deletion	Pf3D7_06_v3:728401-729400	1000	0.184888	1354.66	1.39038e-05	1	1	1
deletion	Pf3D7_06_v3:734201-740200	6000	0.0972404	2.65621e-11	1.75041e+09	9.41796e-06	2.06429e+09	1
deletion	Pf3D7_06_v3:740601-741800	1200	0.0441053	2.95362	4.11862e-24	1	1	1
deletion	Pf3D7_06_v3:1294801-1300200	5400	0.596088	0.0025449	2.84233e-06	8.857	1.02528	1
deletion	Pf3D7_06_v3:1316401-1328600	12200	0.348212	1.30633e-11	0.330531	1.56248e-11	14.0776	1
deletion	Pf3D7_06_v3:1334001-1336600	2600	0.132893	4.93303e-05	2.49029e-26	598.355	3.13985e-16	1
deletion	Pf3D7_06_v3:1348401-1354800	6400	0.418828	6.89343e-06	2.66129e+09	0.054981	2.72512e+09	1
deletion	Pf3D7_06_v3:1357801-1359200	1400	0.0451554	0.217247	3.63067e-28	1	1	1
deletion	Pf3D7_06_v3:1366001-1368200	2200	0.260447	0.150872	6.33764e-13	1	1	1
deletion	Pf3D7_06_v3:1368601-1372200	3600	0.328453	0.0218847	2.02451e+08	644.501	8.83406e+08	1
deletion	Pf3D7_06_v3:1389601-1390200	600	0.166759	1164.7	1.59303e-10	1	1	1
deletion	Pf3D7_06_v3:1406201-1416600	10400	0.24259	1.53243e-11	2.8702e+09	1.89729e-11	2.87035e+09	1
deletion	Pf3D7_07_v3:1801-3000	1200	0.093466	3.61479	1.30275e-25	1	1	1
deletion	Pf3D7_07_v3:4001-6800	2800	0.27815	0.129801	1.16331e-08	41.3056	6.38924e-22	1
deletion	Pf3D7_07_v3:20401-21000	600	0.0933624	72.5623	2.52792e-14	1	1	1
deletion	Pf3D7_07_v3:28001-29000	1000	0.327532	8.93914	6.06722e-11	1	1	1
deletion	Pf3D7_07_v3:29801-73000	43200	0.360433	3.68918e-12	2.871e+09	3.86826e-12	2.871e+09	1
deletion	Pf3D7_07_v3:73801-75000	1200	0.103639	3.51623	2.85403e-22	1	1	1
deletion	Pf3D7_07_v3:75801-76400	600	0.0456665	3643.87	7.25372e-13	1	1	1
deletion	Pf3D7_07_v3:522401-523200	800	0.197582	1911.95	6.85737e-10	1	1	1
deletion	Pf3D7_07_v3:530201-530600	400	0.0445408	75282.9	4.2817e-07	1	1	1
deletion	Pf3D7_07_v3:537001-544600	7600	0.0781738	2.09701e-11	7.75868e-72	2.84594e-11	1.57322e-57	1
deletion	Pf3D7_07_v3:545201-546000	800	0.0819984	1793.02	4.06556e-10	1	1	1
deletion	Pf3D7_07_v3:553201-554600	1400	0.406898	14.6441	0.00123847	1	1	1
duplication	Pf3D7_07_v3:559001-564800	5800	2.45019	0.00012848	1.55255e-22	0.329108	7.1279e-47	1
deletion	Pf3D7_07_v3:577001-581200	4200	0.252422	3.45842e-05	22441.3	39.7298	6.06661e+06	1
deletion	Pf3D7_07_v3:585401-585800	400	0.0949443	169164	0.000356266	1	1	1
deletion	Pf3D7_07_v3:593801-594400	600	0.148869	13893.9	2.24515e-07	1	1	1
deletion	Pf3D7_07_v3:809201-811800	2600	0.612229	0.00876766	0.000487771	1417.52	69.1942	1
deletion	Pf3D7_07_v3:1329001-1329800	800	0.0904381	197.272	2.4343e-16	1	1	1
deletion	Pf3D7_07_v3:1392401-1393200	800	0.0949853	433.056	2.15796e-14	1	1	1
deletion	Pf3D7_07_v3:1393801-1415000	21200	0.481931	0.238998	2.871e+09	5.2533	2.871e+09	1
deletion	Pf3D7_07_v3:1419801-1421200	1400	0.0237265	0.0089094	9.41943e-39	1	1	1
deletion	Pf3D7_07_v3:1440401-1445400	5000	0.288414	0.000200822	2.30811e+09	0.0124598	157225	1
deletion	Pf3D7_08_v3:10801-11600	800	0.346143	7335.87	0.00728658	1	1	1
deletion	Pf3D7_08_v3:16401-16800	400	0.155393	64118.4	0.000335235	1	1	1
deletion	Pf3D7_08_v3:31801-33200	1400	0.152203	31.0558	1.99768e-14	1	1	1
deletion	Pf3D7_08_v3:39001-39800	800	0.253264	10374.3	0.000170455	1	1	1
deletion	Pf3D7_08_v3:42401-43400	1000	0.00914801	0.000291951	8.63247e-37	1	1	1
deletion	Pf3D7_08_v3:53601-55000	1400	0.139724	0.00273964	6.6945e-35	1	1	1
deletion	Pf3D7_08_v3:55601-56600	1000	0.117608	6.44906	4.2236e-23	1	1	1
deletion	Pf3D7_08_v3:60001-61400	1400	0.337915	32.242	0.000145173	1	1	1
deletion	Pf3D7_08_v3:437801-438600	800	0.279892	3293.89	1.98475e-06	1	1	1
deletion	Pf3D7_08_v3:439601-440400	800	0.243423	3404.04	9.61612e-06	1	1	1
deletion	Pf3D7_08_v3:456201-459400	3200	0.208088	0.000224594	3.11012e-12	256.712	7.66005e-05	1
deletion	Pf3D7_08_v3:587201-587600	400	0.166209	86371.2	0.00131104	1	1	1
duplication	Pf3D7_08_v3:1305001-1309600	4600	0.785831	1.09742e-06	0.394309	0.0166917	47.2143	1
deletion	Pf3D7_08_v3:1328601-1330000	1400	0.43143	37.4635	0.00136557	1	1	1
deletion	Pf3D7_08_v3:1366001-1370000	4000	0.128083	2.23783e-05	1.77443e+09	91.8037	2.25708e+09	1
duplication	Pf3D7_08_v3:1370001-1377800	7800	0.0339898	2.04324e-11	9.08092e-186	2.7478e-11	6.75927e-136	1
deletion	Pf3D7_08_v3:1378001-1388000	10000	0.140595	1.59373e-11	2.871e+09	3.07589e-08	2.871e+09	1
deletion	Pf3D7_08_v3:1391001-1411200	20200	0.276356	7.88973e-12	2.871e+09	8.75673e-12	2.871e+09	1
deletion	Pf3D7_08_v3:1411401-1412600	1200	0.188759	31.0809	7.73673e-21	1	1	1
deletion	Pf3D7_08_v3:1422601-1425800	3200	0.2027	3.81677e-06	3.33367e-26	33.3001	7.46132e-15	1
deletion	Pf3D7_08_v3:1430401-1437800	7400	0.238133	2.15368e-11	2.07911e-55	2.95134e-11	4.77755e-49	1
deletion	Pf3D7_08_v3:1460401-1461200	800	0.345057	2420.32	0.000115616	1	1	1
deletion	Pf3D7_08_v3:1463801-1469400	5600	0.242961	3.43476e-07	1.64489e+09	0.000224959	0.492448	1
deletion	Pf3D7_09_v3:1-5000	5000	0.247522	1.21123e-08	1.36058e-09	6.12171e-06	4.19638e-33	1
deletion	Pf3D7_09_v3:9401-10200	800	0.201569	303.892	2.15234e-12	1	1	1
deletion	Pf3D7_09_v3:22401-23000	600	0.13966	1978.61	5.95563e-11	1	1	1
deletion	Pf3D7_09_v3:26801-27400	600	0.147136	10902.5	1.21258e-07	1	1	1
deletion	Pf3D7_09_v3:28001-28600	600	0.106147	1910.89	3.38989e-12	1	1	1
deletion	Pf3D7_09_v3:28801-33400	4600	0.255891	8.60418e-06	88057.4	1.91039e-06	1.09261e-33	1
deletion	Pf3D7_09_v3:37801-38600	800	0.36586	7005.9	0.0271996	1	1	1
deletion	Pf3D7_09_v3:42601-44000	1400	0.194104	8.95145	1.88203e-21	1	1	1
deletion	Pf3D7_09_v3:47601-51400	3800	0.39062	0.00429703	40987.3	235.082	1.45496e+07	1
deletion	Pf3D7_09_v3:64401-71600	7200	0.475543	0.012404	2.871e+09	32.0326	2.871e+09	1
deletion	Pf3D7_09_v3:72001-73000	1000	0.0366562	1.38949	8.20784e-29	1	1	1
deletion	Pf3D7_09_v3:1389201-1390200	1000	0.0809516	3.03903	8.35969e-26	1	1	1
deletion	Pf3D7_09_v3:1475001-1477600	2600	0.259176	0.010888	7.46315e-11	113959	86774.5	1
deletion	Pf3D7_09_v3:1483201-1484000	800	0.374944	582.441	4.91944e-05	1	1	1
deletion	Pf3D7_09_v3:1485601-1496000	10400	0.227956	1.53243e-11	5.90793e-12	1.89729e-11	5.61859e-08	1
deletion	Pf3D7_09_v3:1531601-1533600	2000	0.209618	0.266434	9.75616e-15	1	1	1
deletion	Pf3D7_09_v3:1534201-1535800	1600	0.138681	0.349163	2.54095e-23	1	1	1
deletion	Pf3D7_09_v3:1537401-1538800	1400	0.0714085	0.152461	3.08367e-28	1	1	1
deletion	Pf3D7_10_v3:801-7200	6400	0.223936	2.4902e-11	4.45236e-18	4.91157e-08	1.06302e-09	1
deletion	Pf3D7_10_v3:9001-10800	1800	0.271887	4.0571	8.55361e-08	1	1	1
deletion	Pf3D7_10_v3:25601-26200	600	0.0328909	228.295	1.41795e-16	1	1	1
deletion	Pf3D7_10_v3:35401-37000	1600	0.423024	44.7431	0.000785773	1	1	1
deletion	Pf3D7_10_v3:37401-43200	5800	0.324142	7.9079e-07	2.54934e+08	0.0263229	5.87557e+08	1
deletion	Pf3D7_10_v3:48201-48600	400	0.0768973	43455.6	1.03673e-06	1	1	1
deletion	Pf3D7_10_v3:64601-68400	3800	0.174841	1.79796e-05	4.07688e-12	2.76757	0.382652	1
deletion	Pf3D7_10_v3:110201-111200	1000	0.143271	401.738	5.22229e-09	1	1	1
deletion	Pf3D7_10_v3:1395001-1396600	1600	0.0384847	0.00151231	2.55801e-43	1	1	1
deletion	Pf3D7_10_v3:1522201-1522600	400	0.222781	86036.1	0.0315707	1	1	1
deletion	Pf3D7_10_v3:1526201-1526600	400	0.00431833	7006.52	1.17621e-09	1	1	1
deletion	Pf3D7_10_v3:1528001-1528800	800	0.0869722	34.4178	6.4141e-20	1	1	1
deletion	Pf3D7_10_v3:1543001-1543600	600	0.141747	3994.43	6.3929e-10	1	1	1
deletion	Pf3D7_10_v3:1582601-1625200	42600	0.439493	3.74114e-12	2.871e+09	3.92543e-12	2.871e+09	1
deletion	Pf3D7_10_v3:1635001-1635600	600	0.0869637	1226.19	6.32981e-13	1	1	1
deletion	Pf3D7_10_v3:1638801-1639800	1000	0.146997	22.8137	4.00641e-18	1	1	1
deletion	Pf3D7_10_v3:1679001-1681400	2400	0.190631	0.00373039	7.1961e-15	42241.2	2.30869e-05	1
deletion	Pf3D7_10_v3:1684401-1685800	1400	0.0584036	0.00327618	2.92122e-39	1	1	1
deletion	Pf3D7_11_v3:2401-7000	4600	0.31359	0.0236948	2.87096e+09	734.842	2.87098e+09	1
deletion	Pf3D7_11_v3:30201-31200	1000	0.37064	349.057	0.000709803	1	1	1
deletion	Pf3D7_11_v3:40201-41400	1200	0.0692264	2.49902	4.47683e-25	1	1	1
deletion	Pf3D7_11_v3:48601-93200	44600	0.447632	3.57337e-12	2.871e+09	3.74114e-12	2.871e+09	1
deletion	Pf3D7_11_v3:93801-96400	2600	0.397761	0.148902	9.93144e-08	76632.8	57223.9	1
deletion	Pf3D7_11_v3:103001-107600	4600	0.52786	0.0419566	5.55978e+07	253.828	3.08908e+08	1
deletion	Pf3D7_11_v3:1920001-1921000	1000	0.138506	1052.9	0.000364951	1	1	1
deletion	Pf3D7_11_v3:2010201-2020600	10400	0.469941	0.694644	2.871e+09	63.0208	2.871e+09	1
deletion	Pf3D7_11_v3:2022001-2023400	1400	0.312802	128.972	0.000130975	1	1	1
deletion	Pf3D7_11_v3:2031201-2031800	600	0.12648	8447.63	4.50844e-10	1	1	1
deletion	Pf3D7_12_v3:601-6000	5400	0.258223	3.34166e-06	1.81527e+09	0.277754	2.15119e+09	1
deletion	Pf3D7_12_v3:7401-8000	600	0.129644	491.326	5.04607e-12	1	1	1
deletion	Pf3D7_12_v3:9401-10200	800	0.276369	9207.38	0.0226647	1	1	1
deletion	Pf3D7_12_v3:26401-30000	3600	0.207552	0.000227527	8.07193e+08	0.0129552	2.99124e-34	1
deletion	Pf3D7_12_v3:33401-35000	1600	0.0652451	0.00115589	1.03159e-43	1	1	1
deletion	Pf3D7_12_v3:37401-37800	400	0.024637	40802.3	2.45433e-08	1	1	1
deletion	Pf3D7_12_v3:38601-39800	1200	0.0693381	3.67528	1.30275e-25	1	1	1
deletion	Pf3D7_12_v3:44601-50200	5600	0.240617	3.01669e-09	2.54993e-06	2.08516e-05	5.53368e-05	1
duplication	Pf3D7_12_v3:971201-976400	5200	3.10791	6.12971e-11	3.59652e-185	4.1908e-05	1.36029e-110	1
deletion	Pf3D7_12_v3:1695401-1696400	1000	0.212105	1215.25	3.28644e-07	1	1	1
deletion	Pf3D7_12_v3:1705401-1706000	600	0.0397643	741.059	1.56663e-15	1	1	1
deletion	Pf3D7_12_v3:1707001-1708600	1600	0.184356	5.66081	2.31597e-08	1	1	1
deletion	Pf3D7_12_v3:1713401-1718200	4800	0.246663	0.000108216	2.85522e+09	4.26786	2.86178e+09	1
deletion	Pf3D7_12_v3:1726001-1727200	1200	0.265147	145.244	0.000124285	1	1	1
deletion	Pf3D7_12_v3:1731401-1733800	2400	0.264754	0.105519	3.73197e-10	39396.9	4.29956e-06	1
deletion	Pf3D7_12_v3:1738201-1739000	800	0.226029	5713.64	2.45931e-06	1	1	1
deletion	Pf3D7_12_v3:2163601-2185400	21800	0.285389	7.31067e-12	2.871e+09	8.04912e-12	2.871e+09	1
deletion	Pf3D7_12_v3:2186801-2190400	3600	0.0492584	4.42701e-11	4.99148e-52	7.36779e-05	1.76315e-48	1
deletion	Pf3D7_12_v3:2195201-2198200	3000	0.370649	0.0411302	2.3946e-14	5260.13	58.2237	1
deletion	Pf3D7_12_v3:2202001-2203600	1600	0.342469	32.5259	0.000210493	1	1	1
deletion	Pf3D7_12_v3:2215601-2216200	600	0.20524	32614	0.00908149	1	1	1
deletion	Pf3D7_12_v3:2219201-2219600	400	0.0682141	107069	7.17898e-06	1	1	1
deletion	Pf3D7_12_v3:2222401-2225600	3200	0.171073	0.000221091	1.33453	1.93285	8.35012e-24	1
deletion	Pf3D7_12_v3:2231001-2238400	7400	0.327097	2.4552e-08	2.86869e+09	0.000343202	2.86932e+09	1
deletion	Pf3D7_12_v3:2239401-2240400	1000	0.302681	1299.86	0.000313847	1	1	1
deletion	Pf3D7_12_v3:2248801-2250800	2000	0.248841	0.0650664	2.30641e-17	1	1	1
deletion	Pf3D7_12_v3:2260401-2261000	600	0.222267	2774.5	7.12991e-07	1	1	1
deletion	Pf3D7_12_v3:2265401-2269000	3600	0.228519	6.49864e-06	7.26353e-25	9.82581	3.35803e-06	1
deletion	Pf3D7_13_v3:1-12400	12400	0.361005	1.28526e-11	2.87057e+09	1.53243e-11	2.87064e+09	1
deletion	Pf3D7_13_v3:18201-19000	800	0.16734	1060.97	1.13578e-11	1	1	1
deletion	Pf3D7_13_v3:22201-23800	1600	0.0642131	0.00761876	5.92689e-43	1	1	1
deletion	Pf3D7_13_v3:27801-34400	6600	0.351898	1.85097e-06	2.87005e+09	0.010218	2.87034e+09	1
deletion	Pf3D7_13_v3:38601-39000	400	0.0719272	125079	1.81169e-05	1	1	1
deletion	Pf3D7_13_v3:51401-53000	1600	0.202002	2.76705	4.20629e-11	1	1	1
deletion	Pf3D7_13_v3:64001-68600	4600	0.337532	3.33643e-08	2.08625e-24	0.0707728	5.33927e-10	1
deletion	Pf3D7_13_v3:2424601-2425000	400	0.0585287	61900.1	6.31141e-07	1	1	1
deletion	Pf3D7_13_v3:2673601-2674400	800	0.0607746	1.59059	1.03675e-23	1	1	1
deletion	Pf3D7_13_v3:2845601-2871800	26200	0.626765	2.41269e-06	2.871e+09	0.000423303	2.871e+09	1
deletion	Pf3D7_13_v3:2880001-2881800	1800	0.156178	0.00293397	2.95209e-30	1	1	1
deletion	Pf3D7_13_v3:2883001-2884800	1800	0.281195	0.195712	9.73964e-22	1	1	1
deletion	Pf3D7_13_v3:2895201-2895800	600	0.229113	9794.34	8.87429e-05	1	1	1
deletion	Pf3D7_13_v3:2902401-2903200	800	0.271057	531.339	2.66997e-07	1	1	1
deletion	Pf3D7_13_v3:2912601-2920800	8200	0.436311	0.00426436	2.871e+09	3.52905	2.871e+09	1
deletion	Pf3D7_14_v3:4801-10800	6000	0.441971	3.69623	2.871e+09	2529.46	2.871e+09	1
duplication	Pf3D7_14_v3:10801-16600	5800	0.358266	0.0177527	2.871e+09	58.4499	2.871e+09	1
deletion	Pf3D7_14_v3:17601-18600	1000	0.0845182	37.7315	7.92274e-22	1	1	1
deletion	Pf3D7_14_v3:19201-19600	400	0.0194788	13754.1	5.01307e-09	1	1	1
deletion	Pf3D7_14_v3:20201-24200	4000	0.338894	4.92049e-05	22182.3	0.218055	4.19579e-16	1
deletion	Pf3D7_14_v3:32801-33600	800	0.0474559	19.9574	3.38597e-22	1	1	1
deletion	Pf3D7_14_v3:1072001-1073800	1800	0.549705	0.696632	0.0010418	1	1	1
deletion	Pf3D7_14_v3:3197201-3198400	1200	0.470795	89.1605	0.00202954	1	1	1
deletion	Pf3D7_14_v3:3256001-3259800	3800	0.366022	1.84836e-05	7.18225e-12	18.2895	0.500378	1
deletion	Pf3D7_14_v3:3266201-3269800	3600	0.266759	7.27146e-06	6.97536e-08	0.0449986	3.12642e-24	1
deletion	Pf3D7_14_v3:3277401-3278600	1200	0.154785	60.1697	2.13773e-09	1	1	1
deletion	Pf3D7_14_v3:3280001-3284000	4000	0.33396	2.9211e-06	0.0155281	6.26545	6676.91	1
deletion	Pf3D7_14_v3:3286601-3287000	400	0.0677378	117279	1.03615e-05	1	1	1
