duplication	M76611:1-6000	6000	39.4429	0	0	0	0	1
duplication	PFC10_API_IRAB:1-34200	34200	7.57506	0	0	0	0	1
deletion	Pf3D7_01_v3:1-7400	7400	0.428317	0.0440065	2.871e+09	19.3327	2.871e+09	1
deletion	Pf3D7_01_v3:27601-28200	600	0.210605	41552.9	0.0150404	1	1	1
deletion	Pf3D7_01_v3:36201-48000	11800	0.328981	1.35061e-11	2.86985e+09	1.07333e-09	2.87004e+09	1
deletion	Pf3D7_01_v3:49001-50000	1000	0.324891	2234.07	3.94397e-05	1	1	1
deletion	Pf3D7_01_v3:51201-52400	1200	0.259829	218.085	7.57129e-11	1	1	1
deletion	Pf3D7_01_v3:53401-54200	800	0.245133	5328.22	3.12873e-06	1	1	1
deletion	Pf3D7_01_v3:57801-59800	2000	0.236079	0.226034	1.28845e-19	1	1	1
deletion	Pf3D7_01_v3:62401-63400	1000	0.253304	893.58	6.61529e-10	1	1	1
deletion	Pf3D7_01_v3:65001-82000	17000	0.466509	34.3883	2.871e+09	240.695	2.871e+09	1
deletion	Pf3D7_01_v3:83001-84800	1800	0.44726	0.102778	2.02716e-13	1	1	1
deletion	Pf3D7_01_v3:86001-87600	1600	0.40649	43.844	4.38746e-08	1	1	1
deletion	Pf3D7_01_v3:88201-88800	600	0.117278	1892.08	2.67967e-15	1	1	1
deletion	Pf3D7_01_v3:514001-514600	600	0.00229336	8.42746	4.6961e-23	1	1	1
deletion	Pf3D7_01_v3:546801-547800	1000	0.262511	313.095	2.19882e-12	1	1	1
deletion	Pf3D7_01_v3:565601-566000	400	0.238729	9358.34	0.000221646	1	1	1
deletion	Pf3D7_01_v3:577401-578200	800	0.277937	17427.4	0.00164399	1	1	1
deletion	Pf3D7_01_v3:603401-604400	1000	0.155353	10.6862	8.65509e-22	1	1	1
deletion	Pf3D7_01_v3:621401-622600	1200	0.31088	9.87135	5.95095e-17	1	1	1
deletion	Pf3D7_01_v3:623401-624000	600	0.110207	9117.71	7.47075e-11	1	1	1
deletion	Pf3D7_01_v3:625401-626600	1200	0.344304	32.5985	5.48428e-10	1	1	1
deletion	Pf3D7_02_v3:1201-10800	9600	0.319971	1.66013e-11	2.79697e+09	4.86149e-07	2.81224e+09	1
deletion	Pf3D7_02_v3:31001-37200	6200	0.369279	0.0041497	2.871e+09	49.5973	2.871e+09	1
deletion	Pf3D7_02_v3:42401-43400	1000	0.17348	14.7287	1.74812e-22	1	1	1
deletion	Pf3D7_02_v3:47001-47400	400	0.128968	104230	3.59522e-06	1	1	1
deletion	Pf3D7_02_v3:49601-50200	600	0.219728	11064.1	1.75986e-06	1	1	1
deletion	Pf3D7_02_v3:51801-55000	3200	0.40212	0.00764923	0.000225426	639.497	0.0645477	1
deletion	Pf3D7_02_v3:58401-59800	1400	0.104997	1.24033	7.92071e-24	1	1	1
deletion	Pf3D7_02_v3:60201-62200	2000	0.189031	0.497274	0.000909836	1	1	1
deletion	Pf3D7_02_v3:63601-105600	42000	0.161197	3.79458e-12	2.871e+09	3.98431e-12	2.871e+09	1
deletion	Pf3D7_02_v3:274001-274400	400	0.111781	202774	5.68373e-05	1	1	1
deletion	Pf3D7_02_v3:447601-449400	1800	0.665225	0.0148303	0.000104994	1	1	1
deletion	Pf3D7_02_v3:882401-884200	1800	0.479141	3.23742	0.000102054	1	1	1
deletion	Pf3D7_02_v3:887201-889800	2600	0.133159	4.77174e-05	4.91651e-47	241.117	1.14888e-20	1
deletion	Pf3D7_02_v3:893201-915000	21800	0.50803	9.50387e-11	2.871e+09	4.89145e-08	2.871e+09	1
deletion	Pf3D7_02_v3:917201-917600	400	0.214074	159783	0.00572137	1	1	1
deletion	Pf3D7_02_v3:938201-940000	1800	0.147096	0.00222617	2.75006e-45	1	1	1
deletion	Pf3D7_02_v3:944001-946000	2000	0.0804675	0.000245841	1.0367e-42	1	1	1
deletion	Pf3D7_03_v3:35001-36200	1200	0.315933	41.6976	6.96023e-11	1	1	1
deletion	Pf3D7_03_v3:36601-37000	400	0.0417297	23537.4	1.27577e-10	1	1	1
deletion	Pf3D7_03_v3:38601-39200	600	0.0330163	1857.26	5.86146e-18	1	1	1
deletion	Pf3D7_03_v3:40601-41400	800	0.14426	1385.5	7.92272e-13	1	1	1
deletion	Pf3D7_03_v3:42001-42400	400	0.0563562	57642.2	2.21953e-09	1	1	1
deletion	Pf3D7_03_v3:43201-59600	16400	0.338649	9.71784e-12	2.8581e+09	1.10675e-11	2.85967e+09	1
deletion	Pf3D7_03_v3:64201-64800	600	0.248411	24478.7	2.14742e-05	1	1	1
deletion	Pf3D7_03_v3:65201-65600	400	0.0967764	36099.7	1.94254e-08	1	1	1
deletion	Pf3D7_03_v3:1003801-1005200	1400	0.200526	21.6981	1.04499e-18	1	1	1
deletion	Pf3D7_03_v3:1006001-1007200	1200	0.39138	73.9036	1.14051e-07	1	1	1
deletion	Pf3D7_03_v3:1007601-1016800	9200	0.372096	1.73231e-11	1.66518e+09	9.71287e-08	1.87452e+09	1
deletion	Pf3D7_03_v3:1025401-1032400	7000	0.303118	1.15204e-08	1.74805e+09	0.00139764	2.01428e+09	1
deletion	Pf3D7_03_v3:1038001-1039200	1200	0.152645	9.36106	4.1123e-23	1	1	1
deletion	Pf3D7_03_v3:1056001-1059600	3600	0.29532	0.0189502	1.95675e+07	817.532	3.12713e+08	1
deletion	Pf3D7_03_v3:1060201-1061200	1000	0.203965	2047.56	1.85805e-07	1	1	1
deletion	Pf3D7_03_v3:1061801-1063200	1400	0.279325	122.193	7.85912e-05	1	1	1
deletion	Pf3D7_04_v3:1-6000	6000	0.255165	9.82797e-10	1.65686e+07	6.22788e-07	0.00367282	1
deletion	Pf3D7_04_v3:6401-7000	600	0.235164	10239	3.00794e-07	1	1	1
deletion	Pf3D7_04_v3:7401-9000	1600	0.148965	0.466261	6.25161e-21	1	1	1
deletion	Pf3D7_04_v3:37401-39600	2200	0.394714	2.18403	1.71423e-05	1	1	1
deletion	Pf3D7_04_v3:40001-40800	800	0.261836	267.862	5.97898e-11	1	1	1
deletion	Pf3D7_04_v3:58801-60000	1200	0.213373	2.56851	1.49329e-27	1	1	1
deletion	Pf3D7_04_v3:63401-65200	1800	0.185266	0.00356671	7.27295e-41	1	1	1
deletion	Pf3D7_04_v3:66001-67600	1600	0.203231	1.84062	2.95454e-19	1	1	1
deletion	Pf3D7_04_v3:74201-77400	3200	0.0503008	4.98039e-11	1.48977e-119	0.119359	2.24487e-39	1
deletion	Pf3D7_04_v3:79201-79600	400	0.224673	97789.8	0.00151615	1	1	1
deletion	Pf3D7_04_v3:86001-86600	600	0.0944647	8693.71	8.45829e-12	1	1	1
deletion	Pf3D7_04_v3:116401-117000	600	0.234535	19086.7	0.000150151	1	1	1
deletion	Pf3D7_04_v3:546201-548800	2600	0.167211	0.00126974	1.70241e-16	110166	4329.37	1
deletion	Pf3D7_04_v3:549001-550600	1600	0.138865	3.01262	8.89632e-10	1	1	1
deletion	Pf3D7_04_v3:552601-553400	800	0.281695	5784.56	0.00657479	1	1	1
deletion	Pf3D7_04_v3:558401-559400	1000	0.155595	724.089	3.97705e-09	1	1	1
deletion	Pf3D7_04_v3:566801-567400	600	0.0353843	451.22	5.91586e-20	1	1	1
deletion	Pf3D7_04_v3:570801-595600	24800	0.39171	6.42631e-12	9.17715e+08	6.99002e-12	1.00613e+09	1
deletion	Pf3D7_04_v3:596001-597400	1400	0.320616	511.782	0.00670125	1	1	1
deletion	Pf3D7_04_v3:603001-604200	1200	0.249189	502.371	0.000303111	1	1	1
deletion	Pf3D7_04_v3:941801-960800	19000	0.410912	8.38803e-12	2.871e+09	9.37485e-12	2.871e+09	1
deletion	Pf3D7_04_v3:963001-964200	1200	0.162609	144.798	8.66065e-08	1	1	1
deletion	Pf3D7_04_v3:966201-967600	1400	0.192777	0.04374	1.48215e-33	1	1	1
deletion	Pf3D7_04_v3:971401-972200	800	0.1059	698.393	2.68793e-18	1	1	1
deletion	Pf3D7_04_v3:973401-974400	1000	0.148401	177.732	4.69695e-16	1	1	1
deletion	Pf3D7_04_v3:975201-975600	400	0.137656	256797	0.00193371	1	1	1
deletion	Pf3D7_04_v3:1078801-1082000	3200	0.733644	0.0213274	121152	7.888	110.767	1
deletion	Pf3D7_04_v3:1120601-1121000	400	0.222294	21638.4	0.000107798	1	1	1
deletion	Pf3D7_04_v3:1145401-1152800	7400	0.145614	2.15368e-11	2.24714e+09	1.46573e-06	2.40097e+09	1
deletion	Pf3D7_04_v3:1153001-1154800	1800	0.30706	5.84904	4.68418e-11	1	1	1
deletion	Pf3D7_04_v3:1158201-1158600	400	0.079474	30822.1	3.92564e-09	1	1	1
deletion	Pf3D7_04_v3:1167601-1171000	3400	0.150136	4.85992e-07	4.69466e-19	7.32746e-05	7.03337e-53	1
deletion	Pf3D7_04_v3:1172001-1173200	1200	0.159979	3.9496	1.39336e-24	1	1	1
deletion	Pf3D7_04_v3:1176601-1179200	2600	0.122272	0.000260232	4.31121e-23	22254.3	3.00828e-07	1
deletion	Pf3D7_04_v3:1182801-1183400	600	0.152701	13596.9	2.38221e-08	1	1	1
deletion	Pf3D7_04_v3:1191401-1192000	600	0.176752	16718	7.96263e-07	1	1	1
deletion	Pf3D7_04_v3:1192401-1195600	3200	0.303896	0.00177516	2.37753e-14	597.103	6.34334	1
deletion	Pf3D7_04_v3:1196201-1196600	400	0.161661	70404.1	9.29457e-06	1	1	1
deletion	Pf3D7_05_v3:1-12000	12000	0.328867	1.3281e-11	2.86576e+09	4.78118e-11	2.86663e+09	1
deletion	Pf3D7_05_v3:17801-18800	1000	0.128825	172.165	7.80084e-19	1	1	1
deletion	Pf3D7_05_v3:20001-24000	4000	0.28194	0.0202765	2.81689e+09	992.785	2.84382e+09	1
deletion	Pf3D7_05_v3:32001-33000	1000	0.09171	174.541	7.83181e-16	1	1	1
duplication	Pf3D7_05_v3:888401-970200	81800	2.15947	0	2.00603e-196	0	2.08146e-191	1
deletion	Pf3D7_05_v3:1336601-1337200	600	0.00637845	21.9089	1.02523e-22	1	1	1
deletion	Pf3D7_05_v3:1342401-1343600	1200	0.365359	543.488	0.00234736	1	1	1
deletion	Pf3D7_06_v3:801-1200	400	0.0212314	35040.7	4.13259e-11	1	1	1
deletion	Pf3D7_06_v3:5001-6000	1000	0.0268984	0.076172	7.95636e-39	1	1	1
deletion	Pf3D7_06_v3:7401-10800	3400	0.212001	0.000503333	4.50609e-16	321.06	0.1756	1
deletion	Pf3D7_06_v3:11401-12000	600	0.264917	23712.7	7.05477e-06	1	1	1
deletion	Pf3D7_06_v3:13001-13400	400	0.0856347	40599.3	9.98337e-09	1	1	1
deletion	Pf3D7_06_v3:15801-52400	36600	0.537496	9.42301e-07	2.871e+09	3.33157e-05	2.871e+09	1
deletion	Pf3D7_06_v3:55001-56200	1200	0.453534	121.835	2.24863e-07	1	1	1
deletion	Pf3D7_06_v3:60601-61200	600	0.342044	8121.55	0.0014146	1	1	1
deletion	Pf3D7_06_v3:726001-727400	1400	0.0456346	0.0150028	1.3064e-43	1	1	1
deletion	Pf3D7_06_v3:728401-729400	1000	0.182666	1346.89	1.54561e-08	1	1	1
deletion	Pf3D7_06_v3:734201-740400	6200	0.120097	2.57052e-11	2.83727e+09	1.57416e-05	2.84811e+09	1
deletion	Pf3D7_06_v3:740601-741800	1200	0.0557912	7.26157	2.56995e-24	1	1	1
deletion	Pf3D7_06_v3:1295001-1296200	1200	0.293	692.92	1.12151e-08	1	1	1
deletion	Pf3D7_06_v3:1316401-1340000	23600	0.556024	3.08514e-07	2.871e+09	8.07683e-05	2.871e+09	1
deletion	Pf3D7_06_v3:1348801-1351800	3000	0.286964	0.0332259	3229.15	812.863	1.43898e-05	1
deletion	Pf3D7_06_v3:1352801-1354800	2000	0.429211	0.684898	9.78644e-06	1	1	1
deletion	Pf3D7_06_v3:1357801-1359200	1400	0.0537031	0.566774	9.69326e-29	1	1	1
deletion	Pf3D7_06_v3:1360801-1361800	1000	0.266423	2444.4	5.13054e-07	1	1	1
deletion	Pf3D7_06_v3:1362001-1362600	600	0.0895569	1885.57	4.88919e-16	1	1	1
deletion	Pf3D7_06_v3:1366001-1368200	2200	0.260177	0.253368	7.40474e-10	1	1	1
deletion	Pf3D7_06_v3:1368601-1372200	3600	0.330349	0.0107628	8.5542e+07	498.176	6.02388e+08	1
deletion	Pf3D7_06_v3:1373001-1375000	2000	0.374109	3.6574	4.59662e-08	1	1	1
deletion	Pf3D7_06_v3:1404801-1405400	600	0.293331	3716.53	6.60691e-07	1	1	1
deletion	Pf3D7_06_v3:1406201-1416600	10400	0.255342	1.53243e-11	2.87075e+09	1.89729e-11	2.8708e+09	1
deletion	Pf3D7_07_v3:1801-3400	1600	0.157272	1.38477	1.82575e-16	1	1	1
deletion	Pf3D7_07_v3:8001-9000	1000	0.0267102	0.0728184	5.08299e-39	1	1	1
deletion	Pf3D7_07_v3:9401-9800	400	0.125196	211043	0.000176174	1	1	1
deletion	Pf3D7_07_v3:11401-12000	600	0.311394	14860.8	0.00101582	1	1	1
deletion	Pf3D7_07_v3:20601-21000	400	0.0826489	34172.9	5.89093e-09	1	1	1
deletion	Pf3D7_07_v3:28001-29000	1000	0.331611	9.34176	1.10761e-14	1	1	1
deletion	Pf3D7_07_v3:29801-73600	43800	0.388494	3.63864e-12	2.871e+09	3.81274e-12	2.871e+09	1
deletion	Pf3D7_07_v3:73801-75000	1200	0.11507	6.38937	6.65322e-23	1	1	1
deletion	Pf3D7_07_v3:75601-76400	800	0.168805	9885.03	0.0304828	1	1	1
deletion	Pf3D7_07_v3:522401-523200	800	0.216754	2871.09	3.90715e-11	1	1	1
deletion	Pf3D7_07_v3:528801-529200	400	0.305643	13617.8	0.019908	1	1	1
deletion	Pf3D7_07_v3:535001-544200	9200	0.183811	1.73231e-11	2.85879e+09	3.09891e-10	2.86144e+09	1
deletion	Pf3D7_07_v3:545201-546000	800	0.122985	4660.67	7.89332e-07	1	1	1
deletion	Pf3D7_07_v3:553201-554600	1400	0.445553	23.0485	2.2316e-05	1	1	1
duplication	Pf3D7_07_v3:558401-564800	6400	2.45312	0.000123301	2.871e+09	0.0350134	2.77879e-37	1
deletion	Pf3D7_07_v3:577001-581000	4000	0.224025	3.32188e-06	5.78347e-13	20.24	0.0407484	1
deletion	Pf3D7_07_v3:585401-585800	400	0.129738	227845	0.000431183	1	1	1
deletion	Pf3D7_07_v3:1329001-1329800	800	0.0955582	272.192	2.13867e-19	1	1	1
deletion	Pf3D7_07_v3:1360401-1360800	400	0	7814.23	1.00205e-12	1	1	1
deletion	Pf3D7_07_v3:1394001-1415000	21000	0.490521	0.375617	2.871e+09	8.53717	2.871e+09	1
deletion	Pf3D7_07_v3:1420001-1421200	1200	0.00390116	5.08664e-08	9.07726e-55	1	1	1
deletion	Pf3D7_07_v3:1437601-1445400	7800	0.286758	1.43027e-10	2.23906e+09	4.03048e-07	2.38644e+09	1
deletion	Pf3D7_08_v3:24801-25200	400	0.0242584	5100.36	1.11837e-11	1	1	1
deletion	Pf3D7_08_v3:31801-33200	1400	0.153742	40.1723	2.29092e-14	1	1	1
deletion	Pf3D7_08_v3:39001-39800	800	0.26619	9063.11	4.03602e-06	1	1	1
deletion	Pf3D7_08_v3:42401-43400	1000	0.0116522	0.00335635	2.2553e-42	1	1	1
deletion	Pf3D7_08_v3:44001-44400	400	0.0458843	52970.4	7.70715e-10	1	1	1
deletion	Pf3D7_08_v3:45801-46200	400	0.0840876	148108	1.01402e-06	1	1	1
deletion	Pf3D7_08_v3:53601-55000	1400	0.13466	0.0058595	5.53027e-40	1	1	1
deletion	Pf3D7_08_v3:60001-61400	1400	0.414025	46.5486	0.000372433	1	1	1
deletion	Pf3D7_08_v3:430801-431800	1000	0.281556	1703.04	0.00162372	1	1	1
deletion	Pf3D7_08_v3:437801-438600	800	0.293971	4804.9	1.69137e-07	1	1	1
deletion	Pf3D7_08_v3:439601-440400	800	0.257993	3472.86	1.79376e-07	1	1	1
deletion	Pf3D7_08_v3:443201-443600	400	0.151261	272749	0.00707957	1	1	1
duplication	Pf3D7_08_v3:447801-456200	8400	2.43451	4.61703e-05	2.65483e+09	0.0142766	2.70477e+09	1
deletion	Pf3D7_08_v3:456201-459400	3200	0.207947	9.20884e-05	4.59827e-22	106.977	6.64086e-13	1
deletion	Pf3D7_08_v3:587201-587600	400	0.199779	109569	0.000468	1	1	1
deletion	Pf3D7_08_v3:1328601-1330000	1400	0.482088	26.3051	0.000719165	1	1	1
deletion	Pf3D7_08_v3:1366001-1401000	35000	0.609102	13988.1	2.871e+09	16968.6	2.871e+09	1
deletion	Pf3D7_08_v3:1405001-1405800	800	0.0388458	5.23234	1.84462e-29	1	1	1
deletion	Pf3D7_08_v3:1407401-1412600	5200	0.153464	3.06486e-11	3.09348e-06	0.000360323	1.7669	1
deletion	Pf3D7_08_v3:1422801-1425800	3000	0.174221	1.1062e-06	5.69661e-56	71.3475	2.05571e-21	1
deletion	Pf3D7_08_v3:1430801-1437800	7000	0.247833	2.27675e-11	1.3609e-44	3.18745e-11	3.7951e-55	1
deletion	Pf3D7_08_v3:1448801-1449400	600	0.240737	5476.39	1.25802e-07	1	1	1
deletion	Pf3D7_08_v3:1449601-1450000	400	0.187208	40519.6	1.82888e-05	1	1	1
deletion	Pf3D7_08_v3:1460401-1461200	800	0.369271	3268.7	0.000196793	1	1	1
deletion	Pf3D7_08_v3:1463801-1469400	5600	0.264256	3.54314e-06	9.25703e+07	0.00218932	930288	1
deletion	Pf3D7_09_v3:1-5400	5400	0.235784	1.77081e-10	2.23465e-23	3.42088e-07	6.81055e-38	1
deletion	Pf3D7_09_v3:6201-7400	1200	0.220472	331.903	6.07958e-08	1	1	1
deletion	Pf3D7_09_v3:9401-10200	800	0.206832	585.964	4.37867e-13	1	1	1
deletion	Pf3D7_09_v3:22401-23000	600	0.145765	4513.65	2.1459e-12	1	1	1
deletion	Pf3D7_09_v3:24001-24400	400	0.123974	181193	5.25029e-05	1	1	1
deletion	Pf3D7_09_v3:29801-33200	3400	0.197206	5.13929e-05	79757.6	0.0300929	1.64062e-35	1
deletion	Pf3D7_09_v3:47601-48800	1200	0.14551	17.1944	7.82792e-18	1	1	1
deletion	Pf3D7_09_v3:51601-55000	3400	0.341797	0.010452	0.000495941	1.08479	4.68861e-31	1
deletion	Pf3D7_09_v3:59201-67200	8000	0.620821	358.165	2.871e+09	21325.7	2.871e+09	1
deletion	Pf3D7_09_v3:68601-71000	2400	0.39318	0.335479	8.03101e-10	615344	39518.7	1
deletion	Pf3D7_09_v3:72001-73000	1000	0.0396402	1.63973	1.23897e-33	1	1	1
deletion	Pf3D7_09_v3:1242201-1244600	2400	0.669788	0.0312156	0.000560701	63569.5	52786.1	1
deletion	Pf3D7_09_v3:1398401-1399000	600	0.0804881	831.457	8.35507e-17	1	1	1
deletion	Pf3D7_09_v3:1475001-1477600	2600	0.27423	0.054716	0.000567127	193281	3.35938e+06	1
deletion	Pf3D7_09_v3:1483201-1484000	800	0.360192	2525.84	0.00168017	1	1	1
deletion	Pf3D7_09_v3:1485601-1496000	10400	0.22715	1.53243e-11	1.31643e-05	1.89729e-11	0.00753056	1
deletion	Pf3D7_09_v3:1531601-1533600	2000	0.217095	0.163381	8.00647e-18	1	1	1
deletion	Pf3D7_09_v3:1534201-1535800	1600	0.128949	0.175702	8.68661e-30	1	1	1
deletion	Pf3D7_09_v3:1537401-1538800	1400	0.0869551	0.82938	3.18396e-27	1	1	1
deletion	Pf3D7_10_v3:3201-7200	4000	0.204055	4.29907e-08	6.38633e-21	1.44226	4.28196e-06	1
deletion	Pf3D7_10_v3:9001-11000	2000	0.304121	2.79858	3.19869e-12	1	1	1
deletion	Pf3D7_10_v3:25601-26200	600	0.02885	640.458	9.77573e-20	1	1	1
deletion	Pf3D7_10_v3:35401-43400	8000	0.372662	1.59373e-10	4.12925e+08	1.56923e-06	6.7052e+08	1
deletion	Pf3D7_10_v3:48201-48600	400	0.0847263	48214.6	1.3135e-08	1	1	1
deletion	Pf3D7_10_v3:64801-68600	3800	0.158673	2.56216e-06	6.5574e-20	4.33927e-06	1.51908e-62	1
deletion	Pf3D7_10_v3:110201-111200	1000	0.129959	219.62	8.19774e-16	1	1	1
deletion	Pf3D7_10_v3:1395001-1396600	1600	0.0558932	0.0245212	9.96058e-40	1	1	1
deletion	Pf3D7_10_v3:1523201-1524200	1000	0.0931483	12.4979	1.43459e-29	1	1	1
deletion	Pf3D7_10_v3:1526201-1526600	400	0.0127569	20874.5	9.53904e-12	1	1	1
deletion	Pf3D7_10_v3:1528001-1528800	800	0.106455	145.527	8.74607e-21	1	1	1
deletion	Pf3D7_10_v3:1543001-1543600	600	0.132281	5838.92	5.58268e-12	1	1	1
deletion	Pf3D7_10_v3:1582601-1609600	27000	0.412517	5.90269e-12	2.87098e+09	6.3749e-12	2.87098e+09	1
deletion	Pf3D7_10_v3:1613001-1614800	1800	0.294046	34.4813	6.03162e-05	1	1	1
deletion	Pf3D7_10_v3:1616801-1621400	4600	0.259579	5.24445e-05	1.32513e+09	0.000113196	8.45173e-21	1
deletion	Pf3D7_10_v3:1628401-1630000	1600	0.288578	57.183	5.19759e-07	1	1	1
deletion	Pf3D7_10_v3:1632001-1632400	400	0.0772287	60528.9	1.28899e-08	1	1	1
deletion	Pf3D7_10_v3:1638801-1639800	1000	0.135836	9.76256	3.75139e-27	1	1	1
deletion	Pf3D7_10_v3:1652601-1654400	1800	0.334306	0.64402	4.63366e-06	1	1	1
deletion	Pf3D7_10_v3:1679001-1681400	2400	0.220764	0.018465	2.42245e-19	72678.5	0.000325643	1
deletion	Pf3D7_10_v3:1684401-1685600	1200	0.0554709	0.0171528	7.33947e-45	1	1	1
deletion	Pf3D7_11_v3:1401-8600	7200	0.429213	0.00123893	2.871e+09	0.0741504	2.871e+09	1
deletion	Pf3D7_11_v3:18801-19200	400	0.233224	44050.2	0.000469296	1	1	1
deletion	Pf3D7_11_v3:30201-31200	1000	0.304038	123.538	2.91402e-11	1	1	1
deletion	Pf3D7_11_v3:40201-41400	1200	0.094157	9.42557	1.22081e-24	1	1	1
deletion	Pf3D7_11_v3:48601-52200	3600	0.0249743	4.42701e-11	7.80083e-118	9.96078e-11	2.15501e-76	1
deletion	Pf3D7_11_v3:56201-72200	16000	0.338896	9.96078e-12	2.871e+09	4.5535e-11	2.871e+09	1
deletion	Pf3D7_11_v3:76801-93200	16400	0.358177	9.71784e-12	2.871e+09	1.10675e-11	2.871e+09	1
deletion	Pf3D7_11_v3:95201-96400	1200	0.214432	2.88623	5.63779e-25	1	1	1
deletion	Pf3D7_11_v3:103201-107600	4400	0.51269	0.0135477	157.763	62.0708	314788	1
deletion	Pf3D7_11_v3:1920001-1921400	1400	0.262496	104.721	3.3851e-08	1	1	1
deletion	Pf3D7_11_v3:2015201-2020600	5400	0.254179	2.01574e-06	2.85399e+09	1.34806e-06	1.67717e-23	1
deletion	Pf3D7_11_v3:2022001-2023400	1400	0.360919	246.741	0.00502478	1	1	1
deletion	Pf3D7_12_v3:3801-6000	2200	0.181761	0.0413832	3.04913e-25	1	1	1
deletion	Pf3D7_12_v3:7401-8000	600	0.116916	811.193	2.88631e-15	1	1	1
deletion	Pf3D7_12_v3:17801-18600	800	0.121477	692.352	7.04147e-15	1	1	1
deletion	Pf3D7_12_v3:22401-26000	3600	0.393713	0.024186	6.88901e+06	1104.29	1.96627e+08	1
deletion	Pf3D7_12_v3:26401-30200	3800	0.244349	0.000787382	2.26646e+09	0.00224389	2.39408e-46	1
deletion	Pf3D7_12_v3:33401-35000	1600	0.078819	0.00507187	2.51653e-45	1	1	1
deletion	Pf3D7_12_v3:37401-37800	400	0.0209786	34614.6	3.95714e-11	1	1	1
deletion	Pf3D7_12_v3:38601-39800	1200	0.073004	4.96801	3.78842e-28	1	1	1
deletion	Pf3D7_12_v3:44601-50200	5600	0.256008	2.52435e-08	4.4569e-08	7.70069e-05	0.0449001	1
duplication	Pf3D7_12_v3:971201-976400	5200	3.02251	0	8.08905e-234	1.67112e-06	1.57185e-140	1
deletion	Pf3D7_12_v3:1707001-1708600	1600	0.238984	10.7557	4.38361e-09	1	1	1
deletion	Pf3D7_12_v3:1709401-1709800	400	0.00404502	6561.27	2.05976e-12	1	1	1
deletion	Pf3D7_12_v3:1713401-1718200	4800	0.240144	5.42753e-05	2.85741e+09	4.02292	2.86307e+09	1
deletion	Pf3D7_12_v3:1720401-1721600	1200	0.181261	36.5418	5.26102e-13	1	1	1
deletion	Pf3D7_12_v3:1726001-1727200	1200	0.303993	173.694	3.2631e-05	1	1	1
deletion	Pf3D7_12_v3:1731401-1733800	2400	0.244299	0.0225225	4.26647e-27	40069.5	4.27429e-09	1
deletion	Pf3D7_12_v3:1738201-1738800	600	0.273578	36974.4	0.00127071	1	1	1
deletion	Pf3D7_12_v3:2163601-2190600	27000	0.298767	5.90269e-12	2.871e+09	6.3749e-12	2.871e+09	1
deletion	Pf3D7_12_v3:2195201-2198800	3600	0.446938	0.102227	4.93329e-07	288.235	19.0277	1
deletion	Pf3D7_12_v3:2202001-2203600	1600	0.381593	47.012	0.0020649	1	1	1
deletion	Pf3D7_12_v3:2207001-2208400	1400	0.319326	75.9713	0.0399576	1	1	1
deletion	Pf3D7_12_v3:2222401-2225600	3200	0.212647	0.0014736	1.06813	7.74423	5.59366e-23	1
deletion	Pf3D7_12_v3:2228001-2229400	1400	0.124348	2.3484	1.94406e-26	1	1	1
deletion	Pf3D7_12_v3:2231401-2238200	6800	0.310232	8.00777e-07	2.871e+09	0.0653362	2.871e+09	1
deletion	Pf3D7_12_v3:2239401-2240400	1000	0.317534	1119.2	4.29005e-07	1	1	1
deletion	Pf3D7_12_v3:2248801-2250800	2000	0.243283	0.0632498	4.07587e-19	1	1	1
deletion	Pf3D7_12_v3:2252201-2252600	400	0.209788	88238.6	0.00043367	1	1	1
deletion	Pf3D7_12_v3:2260401-2261000	600	0.225565	4697.89	1.24421e-09	1	1	1
deletion	Pf3D7_12_v3:2262201-2269800	7600	0.417397	0.000312037	2.871e+09	0.168375	2.871e+09	1
deletion	Pf3D7_12_v3:2271001-2271600	600	0.115008	8327.82	1.90168e-11	1	1	1
deletion	Pf3D7_13_v3:1001-12400	11400	0.326809	1.398e-11	2.87072e+09	1.18682e-10	2.87077e+09	1
deletion	Pf3D7_13_v3:18201-19200	1000	0.121631	28.4806	1.49756e-25	1	1	1
deletion	Pf3D7_13_v3:19601-23800	4200	0.249903	0.00342945	2.75682e+09	207.92	2.81062e+09	1
deletion	Pf3D7_13_v3:27801-30800	3000	0.257463	0.000429511	1.02462e-19	77.4472	2.0469e-17	1
deletion	Pf3D7_13_v3:31001-31400	400	0.0514142	40997.3	6.70274e-10	1	1	1
deletion	Pf3D7_13_v3:38601-39000	400	0.0928654	165095	3.73712e-06	1	1	1
deletion	Pf3D7_13_v3:51001-53000	2000	0.272928	2.41704	7.59834e-09	1	1	1
deletion	Pf3D7_13_v3:64001-68600	4600	0.343216	1.21643e-07	2.26891e-20	0.110774	1.02083e-07	1
deletion	Pf3D7_13_v3:754601-755200	600	0.305835	66060.5	0.0343859	1	1	1
deletion	Pf3D7_13_v3:873401-874200	800	0.265356	655.545	1.06427e-11	1	1	1
deletion	Pf3D7_13_v3:2424601-2425000	400	0.100434	141123	2.29311e-06	1	1	1
deletion	Pf3D7_13_v3:2673601-2674400	800	0.0574476	21.8441	1.77013e-26	1	1	1
deletion	Pf3D7_13_v3:2845601-2875000	29400	0.66527	0.000215602	2.871e+09	0.00635633	2.871e+09	1
deletion	Pf3D7_13_v3:2875201-2876200	1000	0.101506	218.814	3.38663e-14	1	1	1
deletion	Pf3D7_13_v3:2880001-2881800	1800	0.161523	0.00374513	1.30084e-31	1	1	1
deletion	Pf3D7_13_v3:2883001-2884600	1600	0.30977	8.42145	3.70318e-12	1	1	1
deletion	Pf3D7_13_v3:2895201-2895800	600	0.252887	20033.9	0.000694909	1	1	1
deletion	Pf3D7_13_v3:2902401-2903200	800	0.270955	75.3655	2.1485e-12	1	1	1
deletion	Pf3D7_13_v3:2912601-2921200	8600	0.454367	0.0162077	2.871e+09	9.24605	2.871e+09	1
deletion	Pf3D7_13_v3:2922001-2922600	600	0.308182	9878.13	7.91037e-05	1	1	1
deletion	Pf3D7_14_v3:4801-10400	5600	0.448813	11.1019	2.871e+09	8574.09	2.871e+09	1
duplication	Pf3D7_14_v3:10401-15800	5400	0.327915	0.0206236	2.871e+09	1.34342e-05	1.03181e-13	1
deletion	Pf3D7_14_v3:17601-18600	1000	0.104082	103.681	9.7168e-22	1	1	1
deletion	Pf3D7_14_v3:20601-24200	3600	0.309129	1.71357e-05	1.72951e-15	3.72953	3.60495e-20	1
deletion	Pf3D7_14_v3:3197201-3198400	1200	0.471442	140.42	0.000118549	1	1	1
deletion	Pf3D7_14_v3:3256001-3257000	1000	0.345299	973.162	1.91516e-07	1	1	1
deletion	Pf3D7_14_v3:3257601-3259800	2200	0.336818	0.281206	1.60254e-09	1	1	1
deletion	Pf3D7_14_v3:3261201-3262800	1600	0.401954	13.8942	8.88766e-08	1	1	1
deletion	Pf3D7_14_v3:3264401-3269800	5400	0.360578	8.20473e-09	1.77908e-15	3.72321e-05	1.6446e-06	1
deletion	Pf3D7_14_v3:3273601-3275600	2000	0.190098	0.00167566	1.01788e-42	1	1	1
deletion	Pf3D7_14_v3:3276201-3277000	800	0.0964874	904.895	7.5068e-15	1	1	1
deletion	Pf3D7_14_v3:3277601-3278600	1000	0.0654036	0.317082	1.83829e-35	1	1	1
deletion	Pf3D7_14_v3:3280001-3284000	4000	0.374082	3.98943e-05	9.85353e+06	51.9839	1.68195e+08	1
