35	0	4.08625
35	0	4.08625
35	0	4.08625
35	0	4.08625
35	0	4.08625
35	0	4.08625
35	0	4.08625
35	0	4.08625
35	0	4.08625
35	0	4.08625
35	0	4.08625
35	0	4.08625
35	0	4.08625
35	0	4.08625
35	0	4.08625
35	0	4.08625
35	0	4.08625
35	0	4.08625
35	0	4.08625
35	0	4.08625
35	0	4.08625
35	0	4.08625
35	0	4.08625
35	0	4.08625
35	0	4.08625
35	0	4.08625
35	0	4.08625
35	0	4.08625
35	0	4.08625
35	0	4.08625
35	0	4.08625
35	0	4.08625
35	0	4.08625
35	0	4.08625
35	0	4.08625
35	0	4.08625
35	0	4.08625
35	0	4.08625
35	0	4.08625
35	0	4.08625
35	0	4.08625
35	0	4.08625
35	0	4.08625
35	0	4.08625
35	0	4.08625
35	0	4.08625
35	0	4.08625
35	0	4.08625
35	0	4.08625
35	0	4.08625
35	0	4.08625
35	0	4.08625
35	0	4.08625
35	0	4.08625
35	0	4.08625
35	0	4.08625
35	0	4.08625
35	0	4.08625
35	0	4.08625
35	0	4.08625
35	0	4.08625
35	0	4.08625
35	0	4.08625
35	0	4.08625
35	0	4.08625
35	0	4.08625
35	0	4.08625
35	0	4.08625
35	0	4.08625
35	0	4.08625
35	0	4.08625
35	0	4.08625
35	0	4.08625
35	0	4.08625
35	0	4.08625
35	0	4.08625
35	0	4.08625
35	0	4.08625
35	0	4.08625
35	0	4.08625
35	0	4.08625
35	0	4.08625
35	0	4.08625
35	0	4.08625
35	0	4.08625
35	0	4.08625
35	0	4.08625
35	0	4.08625
35	0	4.08625
35	0	4.08625
35	0	4.08625
35	0	4.08625
35	0	4.08625
35	0	4.08625
35	0	4.08625
35	0	4.08625
35	0	4.08625
35	0	4.08625
35	0	4.08625
35	0	4.08625
35	1	4.08625
35	1	4.08625
35	1	4.08625
35	1	4.08625
35	1	4.08625
35	1	4.08625
35	1	4.08625
35	1	4.08625
35	1	4.08625
35	1	4.08625
35	1	4.08625
35	1	4.08625
35	1	4.08625
35	1	4.08625
35	1	4.08625
35	1	4.08625
35	1	4.08625
35	1	4.08625
35	1	4.08625
35	1	4.08625
35	1	4.08625
35	1	4.08625
35	1	4.08625
35	1	4.08625
35	1	4.08625
35	1	4.08625
35	1	4.08625
35	1	4.08625
35	1	4.08625
35	1	4.08625
35	1	4.08625
35	1	4.08625
35	1	4.08625
35	1	4.08625
35	1	4.08625
35	1	4.08625
35	1	4.08625
35	1	4.08625
35	1	4.08625
35	1	4.08625
35	1	4.08625
35	1	4.08625
35	1	4.08625
35	1	4.08625
35	1	4.08625
35	1	4.08681
35	1	4.08681
35	1	4.08681
35	1	4.08866
35	1	4.08866
35	1	4.09027
35	1	4.09027
35	1	4.091
35	1	4.091
35	1	4.091
35	1	4.09471
35	1	4.09471
35	1	4.09471
35	1	4.09471
35	1	4.09634
35	1	4.09634
35	1	4.09634
35	1	4.097
35	1	4.097
35	1	4.097
35	1	4.09737
35	1	4.09849
35	1	4.09849
35	1	4.09849
35	1	4.09849
35	1	4.10093
35	1	4.10093
35	1	4.10394
35	1	4.10446
35	1	4.10724
35	1	4.10724
35	1	4.10789
35	1	4.10789
35	1	4.10789
35	1	4.10789
35	1	4.10815
35	1	4.10815
35	1	4.1083
35	1	4.1083
35	1	4.10943
35	1	4.10943
35	1	4.10943
35	1	4.10943
35	1	4.10943
35	1	4.10976
35	1	4.10976
35	1	4.10999
35	1	4.11053
35	1	4.11341
35	1	4.11341
35	1	4.11341
35	1	4.11709
35	1	4.11772
35	1	4.11772
35	1	4.11772
35	2	4.08625
35	2	4.08625
35	2	4.08625
35	2	4.08625
35	2	4.08625
35	2	4.08625
35	2	4.08625
35	2	4.08625
35	2	4.08625
35	2	4.08625
35	2	4.08625
35	2	4.08625
35	2	4.08625
35	2	4.08625
35	2	4.08625
35	2	4.08625
35	2	4.08625
35	2	4.08681
35	2	4.08681
35	2	4.08866
35	2	4.08866
35	2	4.08866
35	2	4.08866
35	2	4.08866
35	2	4.09027
35	2	4.09027
35	2	4.091
35	2	4.09399
35	2	4.09399
35	2	4.09455
35	2	4.09471
35	2	4.09471
35	2	4.09634
35	2	4.097
35	2	4.09737
35	2	4.09737
35	2	4.09737
35	2	4.09737
35	2	4.09849
35	2	4.09849
35	2	4.10089
35	2	4.10093
35	2	4.10093
35	2	4.10101
35	2	4.10119
35	2	4.10213
35	2	4.10394
35	2	4.10394
35	2	4.10518
35	2	4.10568
35	2	4.10662
35	2	4.10789
35	2	4.10789
35	2	4.10789
35	2	4.1081
35	2	4.1081
35	2	4.1081
35	2	4.1083
35	2	4.10886
35	2	4.10923
35	2	4.10943
35	2	4.10943
35	2	4.10976
35	2	4.10976
35	2	4.10999
35	2	4.10999
35	2	4.11
35	2	4.11029
35	2	4.1105
35	2	4.1105
35	2	4.11053
35	2	4.11053
35	2	4.11053
35	2	4.11245
35	2	4.1129
35	2	4.1175
35	2	4.11772
35	2	4.11816
35	2	4.11918
35	2	4.1199
35	2	4.12128
35	2	4.12151
35	2	4.12254
35	2	4.12262
35	2	4.12283
35	2	4.12283
35	2	4.12283
35	2	4.12322
35	2	4.12444
35	2	4.12807
35	2	4.1282
35	2	4.13167
35	2	4.1328
35	2	4.1335
35	2	4.13517
35	2	4.13543
35	2	4.1358
35	2	4.13585
35	2	4.13808
35	2	4.14186
35	3	4.08625
35	3	4.08625
35	3	4.08625
35	3	4.08625
35	3	4.08625
35	3	4.09267
35	3	4.09399
35	3	4.09425
35	3	4.09471
35	3	4.09471
35	3	4.09634
35	3	4.09634
35	3	4.09737
35	3	4.09849
35	3	4.09849
35	3	4.09978
35	3	4.10093
35	3	4.10101
35	3	4.10394
35	3	4.10446
35	3	4.10446
35	3	4.10447
35	3	4.10712
35	3	4.10789
35	3	4.1081
35	3	4.10815
35	3	4.1083
35	3	4.1083
35	3	4.10841
35	3	4.10866
35	3	4.10943
35	3	4.10963
35	3	4.10964
35	3	4.10976
35	3	4.10999
35	3	4.10999
35	3	4.10999
35	3	4.11053
35	3	4.11055
35	3	4.11141
35	3	4.1129
35	3	4.11341
35	3	4.11356
35	3	4.11528
35	3	4.11772
35	3	4.1189
35	3	4.11901
35	3	4.11944
35	3	4.11982
35	3	4.12017
35	3	4.12017
35	3	4.12101
35	3	4.12151
35	3	4.12154
35	3	4.12283
35	3	4.12283
35	3	4.12283
35	3	4.12283
35	3	4.12283
35	3	4.12307
35	3	4.12342
35	3	4.12415
35	3	4.12623
35	3	4.12623
35	3	4.12723
35	3	4.12723
35	3	4.12757
35	3	4.12953
35	3	4.13008
35	3	4.13033
35	3	4.13035
35	3	4.1304
35	3	4.13043
35	3	4.13059
35	3	4.13132
35	3	4.13167
35	3	4.13225
35	3	4.13323
35	3	4.1341
35	3	4.13633
35	3	4.13671
35	3	4.13692
35	3	4.13697
35	3	4.13703
35	3	4.13726
35	3	4.13762
35	3	4.13933
35	3	4.13948
35	3	4.13997
35	3	4.14143
35	3	4.14143
35	3	4.14155
35	3	4.14178
35	3	4.14421
35	3	4.14507
35	3	4.14527
35	3	4.14545
35	3	4.14985
35	3	4.15021
35	3	4.1526
35	4	4.09156
35	4	4.10074
35	4	4.10089
35	4	4.10149
35	4	4.10149
35	4	4.10213
35	4	4.10446
35	4	4.10545
35	4	4.10568
35	4	4.10634
35	4	4.1078
35	4	4.10812
35	4	4.10834
35	4	4.10896
35	4	4.10921
35	4	4.10976
35	4	4.11
35	4	4.11029
35	4	4.11055
35	4	4.11121
35	4	4.11259
35	4	4.11494
35	4	4.11511
35	4	4.11584
35	4	4.11699
35	4	4.11765
35	4	4.11772
35	4	4.11885
35	4	4.11914
35	4	4.11931
35	4	4.12047
35	4	4.12047
35	4	4.12283
35	4	4.12333
35	4	4.12456
35	4	4.12498
35	4	4.12506
35	4	4.12558
35	4	4.12586
35	4	4.12614
35	4	4.12657
35	4	4.12824
35	4	4.12861
35	4	4.12927
35	4	4.12982
35	4	4.13008
35	4	4.13118
35	4	4.13167
35	4	4.13168
35	4	4.13181
35	4	4.13242
35	4	4.13273
35	4	4.13335
35	4	4.13357
35	4	4.1337
35	4	4.13499
35	4	4.1359
35	4	4.1363
35	4	4.1364
35	4	4.13659
35	4	4.13712
35	4	4.13752
35	4	4.13797
35	4	4.13888
35	4	4.13929
35	4	4.13933
35	4	4.13938
35	4	4.13938
35	4	4.13997
35	4	4.1409
35	4	4.1409
35	4	4.14143
35	4	4.14154
35	4	4.14186
35	4	4.14246
35	4	4.14263
35	4	4.14288
35	4	4.14337
35	4	4.14354
35	4	4.14421
35	4	4.14485
35	4	4.14508
35	4	4.14618
35	4	4.14696
35	4	4.14726
35	4	4.1475
35	4	4.1475
35	4	4.14848
35	4	4.15118
35	4	4.15203
35	4	4.15312
35	4	4.15392
35	4	4.15568
35	4	4.15576
35	4	4.15683
35	4	4.15744
35	4	4.16146
35	4	4.17388
35	4	4.17816
35	4	4.18747
35	5	4.09082
35	5	4.09425
35	5	4.10213
35	5	4.10394
35	5	4.10906
35	5	4.10978
35	5	4.11316
35	5	4.11396
35	5	4.11563
35	5	4.11608
35	5	4.1202
35	5	4.12092
35	5	4.12131
35	5	4.12254
35	5	4.12317
35	5	4.1256
35	5	4.12584
35	5	4.1267
35	5	4.1292
35	5	4.13018
35	5	4.13223
35	5	4.13224
35	5	4.13247
35	5	4.13273
35	5	4.1333
35	5	4.1333
35	5	4.13338
35	5	4.13625
35	5	4.13738
35	5	4.13852
35	5	4.13941
35	5	4.13958
35	5	4.1399
35	5	4.14029
35	5	4.1403
35	5	4.14042
35	5	4.1406
35	5	4.14189
35	5	4.1422
35	5	4.1424
35	5	4.1424
35	5	4.14244
35	5	4.14334
35	5	4.14388
35	5	4.14426
35	5	4.1444
35	5	4.14491
35	5	4.14527
35	5	4.14548
35	5	4.14561
35	5	4.14693
35	5	4.14702
35	5	4.14781
35	5	4.14804
35	5	4.14929
35	5	4.14933
35	5	4.14973
35	5	4.14986
35	5	4.14994
35	5	4.15005
35	5	4.15199
35	5	4.15295
35	5	4.15416
35	5	4.15584
35	5	4.15698
35	5	4.15724
35	5	4.15899
35	5	4.16001
35	5	4.16081
35	5	4.16301
35	5	4.16331
35	5	4.16348
35	5	4.16383
35	5	4.16385
35	5	4.16498
35	5	4.16634
35	5	4.1665
35	5	4.16759
35	5	4.16806
35	5	4.16848
35	5	4.16917
35	5	4.16983
35	5	4.17049
35	5	4.17271
35	5	4.17331
35	5	4.17447
35	5	4.17489
35	5	4.17494
35	5	4.17664
35	5	4.17665
35	5	4.17668
35	5	4.18103
35	5	4.18402
35	5	4.18415
35	5	4.18535
35	5	4.18631
35	5	4.19369
35	5	4.19376
35	5	4.194
35	5	4.21153
35	6	4.10447
35	6	4.10622
35	6	4.10789
35	6	4.12531
35	6	4.12578
35	6	4.12706
35	6	4.12812
35	6	4.12859
35	6	4.12952
35	6	4.12998
35	6	4.13112
35	6	4.13154
35	6	4.13191
35	6	4.13201
35	6	4.13295
35	6	4.1333
35	6	4.1351
35	6	4.13518
35	6	4.13695
35	6	4.13747
35	6	4.13752
35	6	4.13909
35	6	4.13943
35	6	4.13951
35	6	4.14107
35	6	4.14235
35	6	4.14322
35	6	4.14366
35	6	4.14523
35	6	4.14687
35	6	4.14725
35	6	4.14857
35	6	4.1486
35	6	4.14862
35	6	4.14919
35	6	4.15086
35	6	4.15171
35	6	4.15222
35	6	4.15662
35	6	4.1568
35	6	4.15812
35	6	4.15843
35	6	4.15869
35	6	4.15988
35	6	4.16026
35	6	4.16054
35	6	4.16079
35	6	4.16112
35	6	4.16168
35	6	4.162
35	6	4.16201
35	6	4.16223
35	6	4.16329
35	6	4.16358
35	6	4.16376
35	6	4.16387
35	6	4.1643
35	6	4.16454
35	6	4.1657
35	6	4.16639
35	6	4.16648
35	6	4.16711
35	6	4.16761
35	6	4.16795
35	6	4.16942
35	6	4.171
35	6	4.17105
35	6	4.17194
35	6	4.17223
35	6	4.17248
35	6	4.17296
35	6	4.17388
35	6	4.17467
35	6	4.17558
35	6	4.17802
35	6	4.1782
35	6	4.17876
35	6	4.17891
35	6	4.17938
35	6	4.18018
35	6	4.18021
35	6	4.18191
35	6	4.18263
35	6	4.18402
35	6	4.18541
35	6	4.18897
35	6	4.19439
35	6	4.19463
35	6	4.19689
35	6	4.19947
35	6	4.1998
35	6	4.20248
35	6	4.20354
35	6	4.20703
35	6	4.20894
35	6	4.21294
35	6	4.21371
35	6	4.21498
35	6	4.22667
35	6	4.24564
35	7	4.13097
35	7	4.13181
35	7	4.13189
35	7	4.13629
35	7	4.13959
35	7	4.13987
35	7	4.14049
35	7	4.14104
35	7	4.14183
35	7	4.14283
35	7	4.14622
35	7	4.15269
35	7	4.15332
35	7	4.15357
35	7	4.15787
35	7	4.15827
35	7	4.15959
35	7	4.16153
35	7	4.1616
35	7	4.1617
35	7	4.16188
35	7	4.16237
35	7	4.16281
35	7	4.16324
35	7	4.16801
35	7	4.16805
35	7	4.16933
35	7	4.16982
35	7	4.16998
35	7	4.17002
35	7	4.17205
35	7	4.17264
35	7	4.17335
35	7	4.17402
35	7	4.17425
35	7	4.17602
35	7	4.17641
35	7	4.17741
35	7	4.17781
35	7	4.17801
35	7	4.17808
35	7	4.1808
35	7	4.18401
35	7	4.18434
35	7	4.18484
35	7	4.18484
35	7	4.18578
35	7	4.18699
35	7	4.18784
35	7	4.18872
35	7	4.18908
35	7	4.18925
35	7	4.18963
35	7	4.19112
35	7	4.1921
35	7	4.19216
35	7	4.19273
35	7	4.19339
35	7	4.19405
35	7	4.19492
35	7	4.19583
35	7	4.19586
35	7	4.19704
35	7	4.19705
35	7	4.19753
35	7	4.19812
35	7	4.19819
35	7	4.1989
35	7	4.19917
35	7	4.20048
35	7	4.20142
35	7	4.20371
35	7	4.20453
35	7	4.2055
35	7	4.20661
35	7	4.20771
35	7	4.20784
35	7	4.20822
35	7	4.21023
35	7	4.2105
35	7	4.21447
35	7	4.21486
35	7	4.2214
35	7	4.22177
35	7	4.22409
35	7	4.22519
35	7	4.22996
35	7	4.23082
35	7	4.23108
35	7	4.23111
35	7	4.2319
35	7	4.23367
35	7	4.23435
35	7	4.23592
35	7	4.23668
35	7	4.23914
35	7	4.24343
35	7	4.24631
35	7	4.26199
35	7	4.26563
35	8	4.12732
35	8	4.13113
35	8	4.1422
35	8	4.14393
35	8	4.14511
35	8	4.14584
35	8	4.14745
35	8	4.15233
35	8	4.15409
35	8	4.15634
35	8	4.15912
35	8	4.15939
35	8	4.16069
35	8	4.16096
35	8	4.16284
35	8	4.16287
35	8	4.16355
35	8	4.16668
35	8	4.16882
35	8	4.16924
35	8	4.17209
35	8	4.17239
35	8	4.17269
35	8	4.17306
35	8	4.17322
35	8	4.17323
35	8	4.17431
35	8	4.17527
35	8	4.17551
35	8	4.1767
35	8	4.17693
35	8	4.17966
35	8	4.18407
35	8	4.18468
35	8	4.18511
35	8	4.1853
35	8	4.18573
35	8	4.18596
35	8	4.18634
35	8	4.18651
35	8	4.18971
35	8	4.19013
35	8	4.19192
35	8	4.19205
35	8	4.19254
35	8	4.19272
35	8	4.19322
35	8	4.19421
35	8	4.19433
35	8	4.19478
35	8	4.19559
35	8	4.19799
35	8	4.19974
35	8	4.20112
35	8	4.20122
35	8	4.20423
35	8	4.20436
35	8	4.20489
35	8	4.20529
35	8	4.20605
35	8	4.20906
35	8	4.21094
35	8	4.21206
35	8	4.21212
35	8	4.21261
35	8	4.21276
35	8	4.21375
35	8	4.21395
35	8	4.21497
35	8	4.21591
35	8	4.2163
35	8	4.21875
35	8	4.21904
35	8	4.22393
35	8	4.22519
35	8	4.22603
35	8	4.22706
35	8	4.22781
35	8	4.22887
35	8	4.22938
35	8	4.23172
35	8	4.23204
35	8	4.23255
35	8	4.23586
35	8	4.23593
35	8	4.23816
35	8	4.24012
35	8	4.24215
35	8	4.24323
35	8	4.24438
35	8	4.24577
35	8	4.24769
35	8	4.2502
35	8	4.25419
35	8	4.25599
35	8	4.25697
35	8	4.2608
35	8	4.27113
35	8	4.27452
35	8	4.29267
35	9	4.12729
35	9	4.128
35	9	4.13405
35	9	4.14157
35	9	4.15252
35	9	4.1607
35	9	4.16264
35	9	4.16313
35	9	4.16375
35	9	4.16901
35	9	4.17106
35	9	4.17141
35	9	4.17903
35	9	4.17949
35	9	4.1815
35	9	4.18176
35	9	4.18993
35	9	4.1908
35	9	4.19223
35	9	4.19405
35	9	4.19469
35	9	4.19518
35	9	4.19535
35	9	4.19672
35	9	4.19748
35	9	4.19773
35	9	4.19959
35	9	4.19995
35	9	4.20006
35	9	4.20336
35	9	4.2037
35	9	4.20381
35	9	4.20438
35	9	4.20525
35	9	4.207
35	9	4.20724
35	9	4.20858
35	9	4.20969
35	9	4.2107
35	9	4.21079
35	9	4.21148
35	9	4.21162
35	9	4.21215
35	9	4.21304
35	9	4.2132
35	9	4.21323
35	9	4.21379
35	9	4.21406
35	9	4.21468
35	9	4.21699
35	9	4.21722
35	9	4.22002
35	9	4.22006
35	9	4.22043
35	9	4.22179
35	9	4.22465
35	9	4.22508
35	9	4.22543
35	9	4.22613
35	9	4.22756
35	9	4.22878
35	9	4.22962
35	9	4.23087
35	9	4.23153
35	9	4.23326
35	9	4.23544
35	9	4.23622
35	9	4.23736
35	9	4.23818
35	9	4.23914
35	9	4.24014
35	9	4.24034
35	9	4.24118
35	9	4.24293
35	9	4.24324
35	9	4.24438
35	9	4.24519
35	9	4.24531
35	9	4.24923
35	9	4.25032
35	9	4.25062
35	9	4.25306
35	9	4.25308
35	9	4.25404
35	9	4.25448
35	9	4.26044
35	9	4.26295
35	9	4.26352
35	9	4.26416
35	9	4.26649
35	9	4.26972
35	9	4.27267
35	9	4.27423
35	9	4.28004
35	9	4.28076
35	9	4.28709
35	9	4.29307
35	9	4.30399
35	9	4.30516
35	9	4.33168
35	10	4.1665
35	10	4.1756
35	10	4.1861
35	10	4.18793
35	10	4.19186
35	10	4.1956
35	10	4.19647
35	10	4.19659
35	10	4.19838
35	10	4.19906
35	10	4.19932
35	10	4.20488
35	10	4.20584
35	10	4.20746
35	10	4.20804
35	10	4.20835
35	10	4.20843
35	10	4.20863
35	10	4.21179
35	10	4.21413
35	10	4.21441
35	10	4.21533
35	10	4.21747
35	10	4.2183
35	10	4.21956
35	10	4.22002
35	10	4.22109
35	10	4.22164
35	10	4.22212
35	10	4.22338
35	10	4.22651
35	10	4.2282
35	10	4.23006
35	10	4.23047
35	10	4.23132
35	10	4.23231
35	10	4.23366
35	10	4.23429
35	10	4.23466
35	10	4.23564
35	10	4.23589
35	10	4.23599
35	10	4.2362
35	10	4.23621
35	10	4.23628
35	10	4.23745
35	10	4.23801
35	10	4.23856
35	10	4.23898
35	10	4.23983
35	10	4.24046
35	10	4.2405
35	10	4.24069
35	10	4.24389
35	10	4.24549
35	10	4.24752
35	10	4.24763
35	10	4.2488
35	10	4.25003
35	10	4.25113
35	10	4.25172
35	10	4.25213
35	10	4.25297
35	10	4.25311
35	10	4.25364
35	10	4.25404
35	10	4.25513
35	10	4.25552
35	10	4.25602
35	10	4.25657
35	10	4.25707
35	10	4.25833
35	10	4.25884
35	10	4.25988
35	10	4.26068
35	10	4.26142
35	10	4.26302
35	10	4.26687
35	10	4.27127
35	10	4.27156
35	10	4.27212
35	10	4.27542
35	10	4.27566
35	10	4.27717
35	10	4.279
35	10	4.28403
35	10	4.28496
35	10	4.28962
35	10	4.29185
35	10	4.29451
35	10	4.29569
35	10	4.29569
35	10	4.29828
35	10	4.30234
35	10	4.30384
35	10	4.30428
35	10	4.3057
35	10	4.31108
35	10	4.31116
35	10	4.31498
35	11	4.15323
35	11	4.16906
35	11	4.18568
35	11	4.19509
35	11	4.20372
35	11	4.20497
35	11	4.20693
35	11	4.21002
35	11	4.21451
35	11	4.21722
35	11	4.22212
35	11	4.22271
35	11	4.22302
35	11	4.22526
35	11	4.22816
35	11	4.22863
35	11	4.22939
35	11	4.23139
35	11	4.23239
35	11	4.23407
35	11	4.23491
35	11	4.235
35	11	4.23562
35	11	4.23604
35	11	4.23638
35	11	4.23892
35	11	4.24261
35	11	4.243
35	11	4.2431
35	11	4.24335
35	11	4.24379
35	11	4.247
35	11	4.24893
35	11	4.25145
35	11	4.25377
35	11	4.25389
35	11	4.25391
35	11	4.25617
35	11	4.25695
35	11	4.25764
35	11	4.25803
35	11	4.25854
35	11	4.25995
35	11	4.26001
35	11	4.26192
35	11	4.2626
35	11	4.26435
35	11	4.26643
35	11	4.26647
35	11	4.26691
35	11	4.26727
35	11	4.26853
35	11	4.26866
35	11	4.26941
35	11	4.27158
35	11	4.27284
35	11	4.27376
35	11	4.27423
35	11	4.27429
35	11	4.27583
35	11	4.27961
35	11	4.2797
35	11	4.2806
35	11	4.28086
35	11	4.28141
35	11	4.28168
35	11	4.28316
35	11	4.2834
35	11	4.2835
35	11	4.28358
35	11	4.28372
35	11	4.2845
35	11	4.28555
35	11	4.28687
35	11	4.28761
35	11	4.28813
35	11	4.2896
35	11	4.29165
35	11	4.29238
35	11	4.29345
35	11	4.2948
35	11	4.29694
35	11	4.2981
35	11	4.30006
35	11	4.30084
35	11	4.30215
35	11	4.3051
35	11	4.30767
35	11	4.30985
35	11	4.3108
35	11	4.31102
35	11	4.31535
35	11	4.31703
35	11	4.31727
35	11	4.3182
35	11	4.32011
35	11	4.32505
35	11	4.33394
35	11	4.34222
35	11	4.34372
35	12	4.17933
35	12	4.20382
35	12	4.20789
35	12	4.21594
35	12	4.22465
35	12	4.22926
35	12	4.22945
35	12	4.2309
35	12	4.23758
35	12	4.24053
35	12	4.24091
35	12	4.24134
35	12	4.24176
35	12	4.24195
35	12	4.24234
35	12	4.24371
35	12	4.24424
35	12	4.24664
35	12	4.24788
35	12	4.25162
35	12	4.2544
35	12	4.25456
35	12	4.25523
35	12	4.25535
35	12	4.25654
35	12	4.25713
35	12	4.25744
35	12	4.26062
35	12	4.26259
35	12	4.26287
35	12	4.26411
35	12	4.26564
35	12	4.26645
35	12	4.26677
35	12	4.26696
35	12	4.26794
35	12	4.26804
35	12	4.26807
35	12	4.26835
35	12	4.26856
35	12	4.27074
35	12	4.27105
35	12	4.27198
35	12	4.27364
35	12	4.27373
35	12	4.27654
35	12	4.27775
35	12	4.27859
35	12	4.27861
35	12	4.28012
35	12	4.28216
35	12	4.28263
35	12	4.28298
35	12	4.28384
35	12	4.28649
35	12	4.28679
35	12	4.28792
35	12	4.28855
35	12	4.28934
35	12	4.29016
35	12	4.29229
35	12	4.2949
35	12	4.29594
35	12	4.29706
35	12	4.2971
35	12	4.29758
35	12	4.2991
35	12	4.29948
35	12	4.30007
35	12	4.30177
35	12	4.30246
35	12	4.30296
35	12	4.30329
35	12	4.30389
35	12	4.30609
35	12	4.31133
35	12	4.31188
35	12	4.31446
35	12	4.3151
35	12	4.31541
35	12	4.31721
35	12	4.31907
35	12	4.32122
35	12	4.32141
35	12	4.32418
35	12	4.32912
35	12	4.33276
35	12	4.33346
35	12	4.3391
35	12	4.33951
35	12	4.34157
35	12	4.34197
35	12	4.34459
35	12	4.3449
35	12	4.34742
35	12	4.35397
35	12	4.35487
35	12	4.3569
35	12	4.37394
35	12	4.37533
35	13	4.21691
35	13	4.2247
35	13	4.2251
35	13	4.22782
35	13	4.23441
35	13	4.24105
35	13	4.24744
35	13	4.24893
35	13	4.25022
35	13	4.25228
35	13	4.25336
35	13	4.25561
35	13	4.25623
35	13	4.26129
35	13	4.26424
35	13	4.26482
35	13	4.26757
35	13	4.26802
35	13	4.26821
35	13	4.26977
35	13	4.27044
35	13	4.27277
35	13	4.27303
35	13	4.27359
35	13	4.27363
35	13	4.27487
35	13	4.27769
35	13	4.27908
35	13	4.27974
35	13	4.28362
35	13	4.28443
35	13	4.28541
35	13	4.2867
35	13	4.28703
35	13	4.28747
35	13	4.28763
35	13	4.28854
35	13	4.29272
35	13	4.2951
35	13	4.29523
35	13	4.29569
35	13	4.29738
35	13	4.29757
35	13	4.29814
35	13	4.29842
35	13	4.30154
35	13	4.30193
35	13	4.30198
35	13	4.30257
35	13	4.30468
35	13	4.30508
35	13	4.30522
35	13	4.30808
35	13	4.30878
35	13	4.30898
35	13	4.31365
35	13	4.3143
35	13	4.31742
35	13	4.31939
35	13	4.31991
35	13	4.32116
35	13	4.32262
35	13	4.32386
35	13	4.32521
35	13	4.32775
35	13	4.33059
35	13	4.3316
35	13	4.33412
35	13	4.33444
35	13	4.33636
35	13	4.33671
35	13	4.33679
35	13	4.33729
35	13	4.33755
35	13	4.3379
35	13	4.33858
35	13	4.33934
35	13	4.33937
35	13	4.3407
35	13	4.34346
35	13	4.34452
35	13	4.34492
35	13	4.34542
35	13	4.34979
35	13	4.35051
35	13	4.35302
35	13	4.35596
35	13	4.35992
35	13	4.36218
35	13	4.36741
35	13	4.368
35	13	4.36864
35	13	4.36866
35	13	4.37022
35	13	4.37038
35	13	4.37129
35	13	4.37431
35	13	4.37816
35	13	4.38416
35	13	4.41157
35	14	4.23545
35	14	4.25083
35	14	4.25584
35	14	4.2632
35	14	4.26336
35	14	4.2641
35	14	4.26512
35	14	4.27697
35	14	4.27923
35	14	4.28294
35	14	4.28545
35	14	4.29172
35	14	4.29239
35	14	4.29274
35	14	4.29863
35	14	4.29912
35	14	4.2995
35	14	4.30026
35	14	4.30261
35	14	4.30298
35	14	4.30333
35	14	4.30635
35	14	4.30722
35	14	4.30831
35	14	4.30836
35	14	4.30894
35	14	4.31079
35	14	4.31109
35	14	4.31461
35	14	4.31473
35	14	4.31826
35	14	4.3183
35	14	4.31967
35	14	4.32037
35	14	4.3227
35	14	4.32347
35	14	4.32374
35	14	4.32494
35	14	4.32527
35	14	4.32621
35	14	4.32663
35	14	4.32839
35	14	4.32862
35	14	4.33057
35	14	4.33116
35	14	4.33152
35	14	4.33189
35	14	4.33307
35	14	4.33311
35	14	4.33569
35	14	4.3368
35	14	4.33818
35	14	4.33828
35	14	4.33841
35	14	4.33863
35	14	4.34004
35	14	4.34108
35	14	4.34194
35	14	4.34233
35	14	4.34367
35	14	4.34391
35	14	4.3469
35	14	4.34763
35	14	4.34764
35	14	4.35029
35	14	4.35127
35	14	4.35236
35	14	4.35736
35	14	4.3616
35	14	4.36262
35	14	4.36483
35	14	4.36504
35	14	4.36942
35	14	4.37041
35	14	4.37062
35	14	4.37243
35	14	4.37295
35	14	4.37381
35	14	4.37386
35	14	4.37733
35	14	4.38075
35	14	4.38119
35	14	4.38213
35	14	4.3832
35	14	4.38335
35	14	4.39163
35	14	4.39204
35	14	4.39324
35	14	4.3938
35	14	4.39584
35	14	4.39732
35	14	4.40045
35	14	4.40048
35	14	4.4017
35	14	4.40319
35	14	4.40642
35	14	4.40745
35	14	4.4115
35	14	4.41175
35	14	4.43457
35	15	4.23829
35	15	4.28359
35	15	4.28451
35	15	4.28862
35	15	4.29083
35	15	4.2915
35	15	4.29259
35	15	4.29336
35	15	4.29812
35	15	4.29882
35	15	4.30222
35	15	4.30551
35	15	4.30702
35	15	4.31531
35	15	4.31548
35	15	4.31795
35	15	4.31937
35	15	4.32104
35	15	4.32583
35	15	4.32718
35	15	4.32762
35	15	4.32816
35	15	4.32828
35	15	4.32831
35	15	4.32993
35	15	4.3301
35	15	4.33079
35	15	4.33155
35	15	4.33263
35	15	4.33401
35	15	4.33591
35	15	4.33754
35	15	4.34365
35	15	4.34458
35	15	4.34482
35	15	4.34617
35	15	4.348
35	15	4.34962
35	15	4.34988
35	15	4.35176
35	15	4.35204
35	15	4.35228
35	15	4.35569
35	15	4.35578
35	15	4.35714
35	15	4.35754
35	15	4.35922
35	15	4.35939
35	15	4.36054
35	15	4.36228
35	15	4.36245
35	15	4.36253
35	15	4.36356
35	15	4.3677
35	15	4.36981
35	15	4.37593
35	15	4.37617
35	15	4.37784
35	15	4.37851
35	15	4.37903
35	15	4.37974
35	15	4.37975
35	15	4.37993
35	15	4.38095
35	15	4.38296
35	15	4.38489
35	15	4.38604
35	15	4.38826
35	15	4.38827
35	15	4.38964
35	15	4.39074
35	15	4.39197
35	15	4.39258
35	15	4.39263
35	15	4.39281
35	15	4.39348
35	15	4.39621
35	15	4.40042
35	15	4.40345
35	15	4.40379
35	15	4.4074
35	15	4.40988
35	15	4.4144
35	15	4.4157
35	15	4.41629
35	15	4.41663
35	15	4.41728
35	15	4.41896
35	15	4.42097
35	15	4.42161
35	15	4.42293
35	15	4.42358
35	15	4.42374
35	15	4.43449
35	15	4.43497
35	15	4.44084
35	15	4.44664
35	15	4.44681
35	15	4.47059
35	15	4.49466
35	16	4.29763
35	16	4.30083
35	16	4.3139
35	16	4.31978
35	16	4.32723
35	16	4.32774
35	16	4.33301
35	16	4.33368
35	16	4.33532
35	16	4.34052
35	16	4.34145
35	16	4.34657
35	16	4.34661
35	16	4.34952
35	16	4.35094
35	16	4.35105
35	16	4.3536
35	16	4.35366
35	16	4.35639
35	16	4.35684
35	16	4.3593
35	16	4.35941
35	16	4.36301
35	16	4.36366
35	16	4.36431
35	16	4.36645
35	16	4.37224
35	16	4.37285
35	16	4.37332
35	16	4.37538
35	16	4.37588
35	16	4.37678
35	16	4.3773
35	16	4.38072
35	16	4.38341
35	16	4.38482
35	16	4.38663
35	16	4.38702
35	16	4.38711
35	16	4.39015
35	16	4.39072
35	16	4.39148
35	16	4.39301
35	16	4.39405
35	16	4.39778
35	16	4.39948
35	16	4.4039
35	16	4.40395
35	16	4.40455
35	16	4.40641
35	16	4.40654
35	16	4.41186
35	16	4.41343
35	16	4.41509
35	16	4.41744
35	16	4.42038
35	16	4.42253
35	16	4.42273
35	16	4.4247
35	16	4.42539
35	16	4.42587
35	16	4.42619
35	16	4.42651
35	16	4.42732
35	16	4.42801
35	16	4.42843
35	16	4.42952
35	16	4.43001
35	16	4.43127
35	16	4.43196
35	16	4.43359
35	16	4.43445
35	16	4.43531
35	16	4.43646
35	16	4.43848
35	16	4.43879
35	16	4.43933
35	16	4.44318
35	16	4.44624
35	16	4.44638
35	16	4.44782
35	16	4.44998
35	16	4.45753
35	16	4.45769
35	16	4.46305
35	16	4.4633
35	16	4.46449
35	16	4.46483
35	16	4.46792
35	16	4.46874
35	16	4.46996
35	16	4.47358
35	16	4.47737
35	16	4.47797
35	16	4.47821
35	16	4.49506
35	16	4.49603
35	16	4.50117
35	16	4.52485
35	16	4.52662
35	17	4.31733
35	17	4.33086
35	17	4.33637
35	17	4.34034
35	17	4.3452
35	17	4.34781
35	17	4.34818
35	17	4.35651
35	17	4.3608
35	17	4.36806
35	17	4.37428
35	17	4.37634
35	17	4.38019
35	17	4.38407
35	17	4.38496
35	17	4.38687
35	17	4.38807
35	17	4.3885
35	17	4.38981
35	17	4.39017
35	17	4.39291
35	17	4.39303
35	17	4.39371
35	17	4.39484
35	17	4.39498
35	17	4.39544
35	17	4.3957
35	17	4.39686
35	17	4.40068
35	17	4.40378
35	17	4.4046
35	17	4.40495
35	17	4.4051
35	17	4.40918
35	17	4.40922
35	17	4.41117
35	17	4.41232
35	17	4.41331
35	17	4.41653
35	17	4.41659
35	17	4.41696
35	17	4.41886
35	17	4.42144
35	17	4.42402
35	17	4.42406
35	17	4.42641
35	17	4.42861
35	17	4.42863
35	17	4.43086
35	17	4.4309
35	17	4.43533
35	17	4.4361
35	17	4.43732
35	17	4.43735
35	17	4.43766
35	17	4.4379
35	17	4.43882
35	17	4.43885
35	17	4.43999
35	17	4.44009
35	17	4.44012
35	17	4.44235
35	17	4.44373
35	17	4.44507
35	17	4.44526
35	17	4.44652
35	17	4.44722
35	17	4.44758
35	17	4.45387
35	17	4.45482
35	17	4.45875
35	17	4.4595
35	17	4.4717
35	17	4.47246
35	17	4.47272
35	17	4.47489
35	17	4.47554
35	17	4.4789
35	17	4.48014
35	17	4.48057
35	17	4.48122
35	17	4.48207
35	17	4.48374
35	17	4.49024
35	17	4.49218
35	17	4.49597
35	17	4.49829
35	17	4.49995
35	17	4.50334
35	17	4.50879
35	17	4.51372
35	17	4.51468
35	17	4.53043
35	17	4.53717
35	17	4.53812
35	17	4.54133
35	17	4.55545
35	17	4.56331
35	17	4.58031
35	17	4.58861
35	18	4.33192
35	18	4.35956
35	18	4.37384
35	18	4.37538
35	18	4.3774
35	18	4.38065
35	18	4.38086
35	18	4.38153
35	18	4.38243
35	18	4.38485
35	18	4.38581
35	18	4.3864
35	18	4.3868
35	18	4.3875
35	18	4.39244
35	18	4.39254
35	18	4.39561
35	18	4.39736
35	18	4.39808
35	18	4.39853
35	18	4.39895
35	18	4.40077
35	18	4.40506
35	18	4.40579
35	18	4.40762
35	18	4.40921
35	18	4.42133
35	18	4.42145
35	18	4.42374
35	18	4.42613
35	18	4.42918
35	18	4.42929
35	18	4.42932
35	18	4.43345
35	18	4.43434
35	18	4.43971
35	18	4.44119
35	18	4.44367
35	18	4.44433
35	18	4.4451
35	18	4.44528
35	18	4.44688
35	18	4.44871
35	18	4.44891
35	18	4.44918
35	18	4.45049
35	18	4.45084
35	18	4.45175
35	18	4.45196
35	18	4.45838
35	18	4.45892
35	18	4.46053
35	18	4.46181
35	18	4.46233
35	18	4.46372
35	18	4.46856
35	18	4.46886
35	18	4.4742
35	18	4.47633
35	18	4.4766
35	18	4.48177
35	18	4.48724
35	18	4.49087
35	18	4.49087
35	18	4.49256
35	18	4.49348
35	18	4.49371
35	18	4.49502
35	18	4.49548
35	18	4.49952
35	18	4.50149
35	18	4.50164
35	18	4.50193
35	18	4.50441
35	18	4.50468
35	18	4.50481
35	18	4.50582
35	18	4.50849
35	18	4.51558
35	18	4.51685
35	18	4.51706
35	18	4.51865
35	18	4.52467
35	18	4.5279
35	18	4.52967
35	18	4.53136
35	18	4.53647
35	18	4.54112
35	18	4.54233
35	18	4.54295
35	18	4.54693
35	18	4.54726
35	18	4.54788
35	18	4.554
35	18	4.55519
35	18	4.56293
35	18	4.57339
35	18	4.57451
35	18	4.57971
35	18	4.64665
35	19	4.36168
35	19	4.37497
35	19	4.39622
35	19	4.40154
35	19	4.40845
35	19	4.41537
35	19	4.41675
35	19	4.41891
35	19	4.42003
35	19	4.42009
35	19	4.42086
35	19	4.42686
35	19	4.43065
35	19	4.43107
35	19	4.43321
35	19	4.43424
35	19	4.44071
35	19	4.44137
35	19	4.44171
35	19	4.44314
35	19	4.44787
35	19	4.44845
35	19	4.44938
35	19	4.45033
35	19	4.4519
35	19	4.45206
35	19	4.4566
35	19	4.45809
35	19	4.4584
35	19	4.46078
35	19	4.46108
35	19	4.46227
35	19	4.46535
35	19	4.46657
35	19	4.46683
35	19	4.46786
35	19	4.46893
35	19	4.46985
35	19	4.47443
35	19	4.47485
35	19	4.4761
35	19	4.47667
35	19	4.47698
35	19	4.47894
35	19	4.47959
35	19	4.48017
35	19	4.48105
35	19	4.48156
35	19	4.48469
35	19	4.48507
35	19	4.48585
35	19	4.48682
35	19	4.49055
35	19	4.49987
35	19	4.50372
35	19	4.50448
35	19	4.5057
35	19	4.50733
35	19	4.51025
35	19	4.51466
35	19	4.51482
35	19	4.51774
35	19	4.51891
35	19	4.51904
35	19	4.52288
35	19	4.52506
35	19	4.52535
35	19	4.52544
35	19	4.52584
35	19	4.52654
35	19	4.52823
35	19	4.52934
35	19	4.53022
35	19	4.5304
35	19	4.53543
35	19	4.53571
35	19	4.5372
35	19	4.53828
35	19	4.53883
35	19	4.544
35	19	4.54569
35	19	4.54629
35	19	4.54954
35	19	4.55472
35	19	4.55543
35	19	4.55775
35	19	4.56007
35	19	4.56431
35	19	4.57094
35	19	4.57113
35	19	4.5712
35	19	4.57483
35	19	4.57803
35	19	4.57848
35	19	4.58777
35	19	4.5933
35	19	4.59367
35	19	4.60294
35	19	4.60565
35	19	4.61079
35	20	4.39426
35	20	4.4247
35	20	4.4407
35	20	4.447
35	20	4.45114
35	20	4.45959
35	20	4.46525
35	20	4.46817
35	20	4.469
35	20	4.47001
35	20	4.47005
35	20	4.47029
35	20	4.47325
35	20	4.4745
35	20	4.47609
35	20	4.47735
35	20	4.47774
35	20	4.48047
35	20	4.48053
35	20	4.48423
35	20	4.48895
35	20	4.48904
35	20	4.49321
35	20	4.4938
35	20	4.49383
35	20	4.49402
35	20	4.49407
35	20	4.49757
35	20	4.50187
35	20	4.50259
35	20	4.50432
35	20	4.50519
35	20	4.50608
35	20	4.50896
35	20	4.50998
35	20	4.51211
35	20	4.51226
35	20	4.51758
35	20	4.51777
35	20	4.51921
35	20	4.52229
35	20	4.52383
35	20	4.52401
35	20	4.52582
35	20	4.52717
35	20	4.52891
35	20	4.53228
35	20	4.5325
35	20	4.53278
35	20	4.53454
35	20	4.53478
35	20	4.5358
35	20	4.53632
35	20	4.53719
35	20	4.53816
35	20	4.54004
35	20	4.54322
35	20	4.54408
35	20	4.54509
35	20	4.54933
35	20	4.54948
35	20	4.55857
35	20	4.5616
35	20	4.5639
35	20	4.56433
35	20	4.56713
35	20	4.56746
35	20	4.56923
35	20	4.57055
35	20	4.57084
35	20	4.57754
35	20	4.5778
35	20	4.57832
35	20	4.57922
35	20	4.58009
35	20	4.58117
35	20	4.58508
35	20	4.58557
35	20	4.58629
35	20	4.58969
35	20	4.59448
35	20	4.59532
35	20	4.59571
35	20	4.59607
35	20	4.5997
35	20	4.60219
35	20	4.60646
35	20	4.6072
35	20	4.61721
35	20	4.6213
35	20	4.62559
35	20	4.63138
35	20	4.6406
35	20	4.64249
35	20	4.65067
35	20	4.65094
35	20	4.6518
35	20	4.66979
35	20	4.68233
35	20	4.74399
35	21	4.42088
35	21	4.43584
35	21	4.44675
35	21	4.45922
35	21	4.45958
35	21	4.47085
35	21	4.47323
35	21	4.49045
35	21	4.4933
35	21	4.49717
35	21	4.49952
35	21	4.50077
35	21	4.50233
35	21	4.50459
35	21	4.50782
35	21	4.50831
35	21	4.50942
35	21	4.51015
35	21	4.51236
35	21	4.5132
35	21	4.515
35	21	4.51622
35	21	4.51652
35	21	4.51766
35	21	4.51899
35	21	4.52111
35	21	4.52454
35	21	4.52597
35	21	4.52606
35	21	4.53092
35	21	4.53402
35	21	4.5378
35	21	4.53794
35	21	4.53865
35	21	4.54202
35	21	4.54327
35	21	4.54531
35	21	4.54675
35	21	4.54816
35	21	4.54933
35	21	4.5511
35	21	4.55229
35	21	4.55601
35	21	4.55691
35	21	4.55701
35	21	4.55744
35	21	4.5578
35	21	4.55998
35	21	4.56067
35	21	4.56196
35	21	4.56204
35	21	4.56274
35	21	4.5651
35	21	4.56513
35	21	4.56554
35	21	4.56558
35	21	4.56668
35	21	4.56818
35	21	4.56868
35	21	4.5693
35	21	4.56973
35	21	4.57071
35	21	4.57344
35	21	4.57702
35	21	4.57758
35	21	4.58124
35	21	4.58192
35	21	4.58221
35	21	4.5858
35	21	4.58918
35	21	4.58977
35	21	4.59362
35	21	4.59511
35	21	4.59581
35	21	4.59746
35	21	4.59746
35	21	4.59998
35	21	4.60052
35	21	4.60274
35	21	4.60845
35	21	4.61464
35	21	4.61477
35	21	4.61723
35	21	4.61816
35	21	4.61901
35	21	4.62235
35	21	4.62698
35	21	4.63025
35	21	4.63746
35	21	4.64149
35	21	4.64575
35	21	4.651
35	21	4.65174
35	21	4.65506
35	21	4.66499
35	21	4.67072
35	21	4.6728
35	21	4.67719
35	21	4.6919
35	21	4.7516
35	22	4.4905
35	22	4.49705
35	22	4.50444
35	22	4.51072
35	22	4.51282
35	22	4.51776
35	22	4.51883
35	22	4.52012
35	22	4.52432
35	22	4.52623
35	22	4.52982
35	22	4.53351
35	22	4.5377
35	22	4.53861
35	22	4.54285
35	22	4.54344
35	22	4.54525
35	22	4.5456
35	22	4.54692
35	22	4.55042
35	22	4.55179
35	22	4.55227
35	22	4.55246
35	22	4.55327
35	22	4.55431
35	22	4.5552
35	22	4.55691
35	22	4.55837
35	22	4.55962
35	22	4.55977
35	22	4.56182
35	22	4.56316
35	22	4.5657
35	22	4.56836
35	22	4.57255
35	22	4.57348
35	22	4.57535
35	22	4.57545
35	22	4.57583
35	22	4.57867
35	22	4.57944
35	22	4.57994
35	22	4.58263
35	22	4.58552
35	22	4.5861
35	22	4.58868
35	22	4.58954
35	22	4.58959
35	22	4.59487
35	22	4.59695
35	22	4.59712
35	22	4.59976
35	22	4.60437
35	22	4.60565
35	22	4.61028
35	22	4.61215
35	22	4.61437
35	22	4.61462
35	22	4.61695
35	22	4.61768
35	22	4.61808
35	22	4.62447
35	22	4.62819
35	22	4.63124
35	22	4.63387
35	22	4.63589
35	22	4.6407
35	22	4.64256
35	22	4.64782
35	22	4.65101
35	22	4.65282
35	22	4.65423
35	22	4.6555
35	22	4.65716
35	22	4.65745
35	22	4.66768
35	22	4.66778
35	22	4.67701
35	22	4.679
35	22	4.67944
35	22	4.67947
35	22	4.68268
35	22	4.68337
35	22	4.68917
35	22	4.68918
35	22	4.69089
35	22	4.69314
35	22	4.69827
35	22	4.69853
35	22	4.70211
35	22	4.70617
35	22	4.70862
35	22	4.70919
35	22	4.71695
35	22	4.7229
35	22	4.72707
35	22	4.73738
35	22	4.7381
35	22	4.74345
35	22	4.76551
35	23	4.48805
35	23	4.53799
35	23	4.53953
35	23	4.54548
35	23	4.54843
35	23	4.55138
35	23	4.55975
35	23	4.5786
35	23	4.58661
35	23	4.5882
35	23	4.5888
35	23	4.59104
35	23	4.59429
35	23	4.59699
35	23	4.59851
35	23	4.59925
35	23	4.59984
35	23	4.59987
35	23	4.60224
35	23	4.60612
35	23	4.60927
35	23	4.61481
35	23	4.6167
35	23	4.61678
35	23	4.62143
35	23	4.62253
35	23	4.6234
35	23	4.62869
35	23	4.62943
35	23	4.62953
35	23	4.63135
35	23	4.63241
35	23	4.63646
35	23	4.63719
35	23	4.64025
35	23	4.64034
35	23	4.64154
35	23	4.64193
35	23	4.64206
35	23	4.64344
35	23	4.64388
35	23	4.64443
35	23	4.64703
35	23	4.65107
35	23	4.65191
35	23	4.65366
35	23	4.65747
35	23	4.66061
35	23	4.66154
35	23	4.66255
35	23	4.66368
35	23	4.6652
35	23	4.66547
35	23	4.66589
35	23	4.6672
35	23	4.66822
35	23	4.67002
35	23	4.67094
35	23	4.67308
35	23	4.67601
35	23	4.67639
35	23	4.6781
35	23	4.68032
35	23	4.683
35	23	4.68412
35	23	4.68446
35	23	4.68791
35	23	4.68883
35	23	4.69004
35	23	4.69162
35	23	4.69478
35	23	4.69569
35	23	4.69739
35	23	4.69935
35	23	4.70084
35	23	4.70374
35	23	4.70578
35	23	4.70673
35	23	4.70843
35	23	4.71146
35	23	4.71204
35	23	4.71205
35	23	4.71382
35	23	4.73066
35	23	4.73078
35	23	4.73224
35	23	4.7422
35	23	4.74343
35	23	4.74517
35	23	4.74764
35	23	4.75274
35	23	4.75466
35	23	4.75759
35	23	4.75975
35	23	4.76659
35	23	4.77508
35	23	4.77687
35	23	4.78341
35	23	4.7848
35	23	4.81318
35	24	4.58911
35	24	4.60041
35	24	4.60443
35	24	4.60853
35	24	4.61339
35	24	4.62028
35	24	4.62572
35	24	4.62621
35	24	4.62984
35	24	4.63068
35	24	4.63147
35	24	4.63856
35	24	4.64039
35	24	4.64062
35	24	4.64399
35	24	4.6442
35	24	4.64621
35	24	4.65133
35	24	4.65705
35	24	4.65832
35	24	4.6642
35	24	4.66656
35	24	4.66871
35	24	4.66897
35	24	4.67163
35	24	4.67238
35	24	4.67293
35	24	4.67602
35	24	4.67675
35	24	4.67726
35	24	4.67788
35	24	4.67922
35	24	4.68038
35	24	4.68078
35	24	4.68107
35	24	4.68184
35	24	4.68211
35	24	4.68446
35	24	4.68615
35	24	4.69006
35	24	4.69047
35	24	4.69064
35	24	4.69332
35	24	4.69596
35	24	4.69791
35	24	4.69824
35	24	4.69879
35	24	4.70053
35	24	4.70106
35	24	4.70108
35	24	4.70127
35	24	4.7017
35	24	4.70732
35	24	4.70778
35	24	4.71014
35	24	4.71151
35	24	4.712
35	24	4.72154
35	24	4.72369
35	24	4.72466
35	24	4.72771
35	24	4.73074
35	24	4.73158
35	24	4.73486
35	24	4.73625
35	24	4.73652
35	24	4.73733
35	24	4.73917
35	24	4.74135
35	24	4.74238
35	24	4.74397
35	24	4.74944
35	24	4.75791
35	24	4.75822
35	24	4.76535
35	24	4.76594
35	24	4.77075
35	24	4.77334
35	24	4.77339
35	24	4.77373
35	24	4.77589
35	24	4.77814
35	24	4.78465
35	24	4.80233
35	24	4.80882
35	24	4.81211
35	24	4.81814
35	24	4.81927
35	24	4.8209
35	24	4.82395
35	24	4.82575
35	24	4.83192
35	24	4.83322
35	24	4.84413
35	24	4.84483
35	24	4.84893
35	24	4.85007
35	24	4.85216
35	24	4.88897
35	24	4.8969
35	25	4.6408
35	25	4.64792
35	25	4.65598
35	25	4.65804
35	25	4.65814
35	25	4.65821
35	25	4.66483
35	25	4.67167
35	25	4.67556
35	25	4.67653
35	25	4.68097
35	25	4.68289
35	25	4.68481
35	25	4.68628
35	25	4.6874
35	25	4.68758
35	25	4.68858
35	25	4.69144
35	25	4.69169
35	25	4.69349
35	25	4.70267
35	25	4.70416
35	25	4.70738
35	25	4.70766
35	25	4.71056
35	25	4.71133
35	25	4.71204
35	25	4.71312
35	25	4.71486
35	25	4.71957
35	25	4.72132
35	25	4.72143
35	25	4.72481
35	25	4.72707
35	25	4.73139
35	25	4.7324
35	25	4.73328
35	25	4.73399
35	25	4.73554
35	25	4.73706
35	25	4.73726
35	25	4.73848
35	25	4.74056
35	25	4.74221
35	25	4.74361
35	25	4.74398
35	25	4.74786
35	25	4.74791
35	25	4.74794
35	25	4.74985
35	25	4.75115
35	25	4.75188
35	25	4.75194
35	25	4.75632
35	25	4.75786
35	25	4.76216
35	25	4.76398
35	25	4.76561
35	25	4.77101
35	25	4.77125
35	25	4.77207
35	25	4.77525
35	25	4.77672
35	25	4.77868
35	25	4.77962
35	25	4.78168
35	25	4.78299
35	25	4.78301
35	25	4.78363
35	25	4.78449
35	25	4.78573
35	25	4.786
35	25	4.78925
35	25	4.79218
35	25	4.80129
35	25	4.80166
35	25	4.80258
35	25	4.80553
35	25	4.80575
35	25	4.80869
35	25	4.81153
35	25	4.8142
35	25	4.81456
35	25	4.81828
35	25	4.82653
35	25	4.82727
35	25	4.83654
35	25	4.83971
35	25	4.84183
35	25	4.84232
35	25	4.84296
35	25	4.849
35	25	4.85089
35	25	4.87136
35	25	4.87695
35	25	4.8845
35	25	4.88918
35	25	4.89698
35	25	4.9196
35	25	4.92114
35	26	4.6502
35	26	4.66718
35	26	4.67407
35	26	4.71399
35	26	4.72067
35	26	4.72955
35	26	4.73172
35	26	4.7328
35	26	4.733
35	26	4.73409
35	26	4.73541
35	26	4.73614
35	26	4.73668
35	26	4.73701
35	26	4.73771
35	26	4.74257
35	26	4.74782
35	26	4.74957
35	26	4.75018
35	26	4.75329
35	26	4.75537
35	26	4.75549
35	26	4.75604
35	26	4.75635
35	26	4.75771
35	26	4.75889
35	26	4.75895
35	26	4.7622
35	26	4.76291
35	26	4.76451
35	26	4.76487
35	26	4.76503
35	26	4.76572
35	26	4.76624
35	26	4.76749
35	26	4.76855
35	26	4.77234
35	26	4.77886
35	26	4.78006
35	26	4.78099
35	26	4.78118
35	26	4.78194
35	26	4.78356
35	26	4.78408
35	26	4.78669
35	26	4.78795
35	26	4.78984
35	26	4.79
35	26	4.79076
35	26	4.79124
35	26	4.79448
35	26	4.79853
35	26	4.79855
35	26	4.79986
35	26	4.8049
35	26	4.80666
35	26	4.80762
35	26	4.81312
35	26	4.81367
35	26	4.81473
35	26	4.82077
35	26	4.82204
35	26	4.82333
35	26	4.82413
35	26	4.82929
35	26	4.82959
35	26	4.83077
35	26	4.83094
35	26	4.83237
35	26	4.83881
35	26	4.83917
35	26	4.84114
35	26	4.84121
35	26	4.84864
35	26	4.84869
35	26	4.85504
35	26	4.85621
35	26	4.85908
35	26	4.86156
35	26	4.86217
35	26	4.86329
35	26	4.86462
35	26	4.87168
35	26	4.87891
35	26	4.88454
35	26	4.89236
35	26	4.89264
35	26	4.89818
35	26	4.90993
35	26	4.91031
35	26	4.9156
35	26	4.91909
35	26	4.92352
35	26	4.92572
35	26	4.93035
35	26	4.94247
35	26	4.95327
35	26	4.9964
35	26	5.00687
35	26	5.03277
35	27	4.70575
35	27	4.70732
35	27	4.71409
35	27	4.72052
35	27	4.7479
35	27	4.75028
35	27	4.75685
35	27	4.75983
35	27	4.76917
35	27	4.77131
35	27	4.77257
35	27	4.77424
35	27	4.77759
35	27	4.78535
35	27	4.78711
35	27	4.78922
35	27	4.79184
35	27	4.79492
35	27	4.79935
35	27	4.80013
35	27	4.80469
35	27	4.805
35	27	4.80896
35	27	4.80942
35	27	4.81006
35	27	4.81228
35	27	4.81645
35	27	4.8203
35	27	4.8209
35	27	4.82144
35	27	4.82178
35	27	4.82312
35	27	4.82678
35	27	4.82789
35	27	4.82985
35	27	4.83002
35	27	4.83101
35	27	4.83105
35	27	4.83139
35	27	4.83307
35	27	4.83786
35	27	4.83914
35	27	4.84082
35	27	4.84515
35	27	4.84717
35	27	4.84726
35	27	4.84787
35	27	4.84856
35	27	4.8497
35	27	4.85124
35	27	4.85292
35	27	4.85485
35	27	4.85511
35	27	4.85562
35	27	4.85806
35	27	4.87416
35	27	4.87425
35	27	4.87497
35	27	4.87603
35	27	4.87643
35	27	4.88208
35	27	4.88232
35	27	4.88384
35	27	4.88927
35	27	4.89637
35	27	4.89913
35	27	4.89993
35	27	4.90419
35	27	4.90538
35	27	4.90546
35	27	4.90859
35	27	4.90867
35	27	4.90877
35	27	4.91747
35	27	4.91916
35	27	4.92245
35	27	4.9247
35	27	4.92547
35	27	4.92557
35	27	4.93388
35	27	4.93793
35	27	4.94783
35	27	4.94829
35	27	4.95934
35	27	4.96172
35	27	4.98029
35	27	4.9832
35	27	4.98396
35	27	4.98493
35	27	4.98565
35	27	4.9975
35	27	5.01425
35	27	5.02011
35	27	5.03522
35	27	5.03864
35	27	5.04738
35	27	5.05122
35	27	5.05608
35	27	5.09313
35	27	5.13505
35	28	4.77285
35	28	4.77362
35	28	4.78078
35	28	4.80399
35	28	4.83186
35	28	4.83201
35	28	4.83522
35	28	4.84131
35	28	4.84908
35	28	4.8539
35	28	4.8544
35	28	4.85863
35	28	4.85888
35	28	4.86624
35	28	4.86823
35	28	4.8688
35	28	4.87093
35	28	4.87917
35	28	4.87952
35	28	4.88143
35	28	4.8845
35	28	4.88534
35	28	4.88637
35	28	4.88985
35	28	4.89348
35	28	4.89487
35	28	4.89779
35	28	4.90485
35	28	4.90565
35	28	4.9065
35	28	4.91409
35	28	4.91736
35	28	4.91743
35	28	4.91959
35	28	4.92046
35	28	4.92121
35	28	4.92359
35	28	4.92453
35	28	4.92674
35	28	4.92774
35	28	4.9303
35	28	4.93202
35	28	4.93277
35	28	4.93365
35	28	4.93854
35	28	4.94534
35	28	4.94603
35	28	4.94986
35	28	4.95135
35	28	4.95254
35	28	4.95369
35	28	4.95694
35	28	4.95725
35	28	4.95739
35	28	4.95802
35	28	4.95953
35	28	4.95998
35	28	4.96022
35	28	4.9605
35	28	4.96204
35	28	4.96321
35	28	4.96356
35	28	4.96559
35	28	4.966
35	28	4.9702
35	28	4.97271
35	28	4.97615
35	28	4.97759
35	28	4.97782
35	28	4.98127
35	28	4.98179
35	28	4.98615
35	28	4.98876
35	28	4.99008
35	28	4.99106
35	28	4.99218
35	28	4.9926
35	28	4.99869
35	28	5.00025
35	28	5.00881
35	28	5.01012
35	28	5.01262
35	28	5.0179
35	28	5.01798
35	28	5.01814
35	28	5.02498
35	28	5.02504
35	28	5.0288
35	28	5.03017
35	28	5.03332
35	28	5.03393
35	28	5.03871
35	28	5.04434
35	28	5.06946
35	28	5.07364
35	28	5.09558
35	28	5.10199
35	28	5.11059
35	28	5.1199
35	28	5.13864
35	29	4.82161
35	29	4.86687
35	29	4.86818
35	29	4.90074
35	29	4.90514
35	29	4.90727
35	29	4.90797
35	29	4.90833
35	29	4.90865
35	29	4.91976
35	29	4.92045
35	29	4.93558
35	29	4.93698
35	29	4.93791
35	29	4.94034
35	29	4.94064
35	29	4.94075
35	29	4.94378
35	29	4.94601
35	29	4.9486
35	29	4.95184
35	29	4.95491
35	29	4.95887
35	29	4.95914
35	29	4.96006
35	29	4.96466
35	29	4.96881
35	29	4.97118
35	29	4.97239
35	29	4.97283
35	29	4.97476
35	29	4.97839
35	29	4.97885
35	29	4.97974
35	29	4.98109
35	29	4.98526
35	29	4.98625
35	29	4.98637
35	29	4.98748
35	29	4.99179
35	29	4.99588
35	29	4.9962
35	29	5.002
35	29	5.00248
35	29	5.00601
35	29	5.00784
35	29	5.00863
35	29	5.0094
35	29	5.01576
35	29	5.01618
35	29	5.0176
35	29	5.02231
35	29	5.02292
35	29	5.02303
35	29	5.02479
35	29	5.02489
35	29	5.02601
35	29	5.02648
35	29	5.02659
35	29	5.02709
35	29	5.03282
35	29	5.04026
35	29	5.04026
35	29	5.04795
35	29	5.04817
35	29	5.04837
35	29	5.0486
35	29	5.05351
35	29	5.05413
35	29	5.05569
35	29	5.05784
35	29	5.06331
35	29	5.06582
35	29	5.06919
35	29	5.07491
35	29	5.07804
35	29	5.08074
35	29	5.08083
35	29	5.08104
35	29	5.08676
35	29	5.09499
35	29	5.10014
35	29	5.10986
35	29	5.11192
35	29	5.11482
35	29	5.11555
35	29	5.12178
35	29	5.13166
35	29	5.14078
35	29	5.14098
35	29	5.14441
35	29	5.15185
35	29	5.1573
35	29	5.1739
35	29	5.20705
35	29	5.20982
35	29	5.24077
35	29	5.24372
35	29	5.26043
35	29	5.30065
35	30	4.92168
35	30	4.94304
35	30	4.95463
35	30	4.96285
35	30	4.96394
35	30	4.96602
35	30	4.96683
35	30	4.9893
35	30	4.99066
35	30	4.99249
35	30	4.995
35	30	4.99988
35	30	5.00872
35	30	5.01225
35	30	5.01402
35	30	5.01497
35	30	5.01704
35	30	5.01783
35	30	5.02408
35	30	5.02616
35	30	5.02746
35	30	5.0322
35	30	5.03307
35	30	5.03428
35	30	5.03727
35	30	5.03845
35	30	5.03866
35	30	5.03956
35	30	5.0469
35	30	5.0488
35	30	5.05096
35	30	5.05192
35	30	5.05233
35	30	5.05336
35	30	5.05498
35	30	5.05518
35	30	5.05687
35	30	5.05706
35	30	5.06043
35	30	5.06061
35	30	5.06986
35	30	5.07339
35	30	5.07427
35	30	5.07493
35	30	5.07611
35	30	5.08137
35	30	5.08698
35	30	5.09129
35	30	5.09143
35	30	5.09209
35	30	5.09226
35	30	5.09481
35	30	5.09767
35	30	5.10186
35	30	5.10414
35	30	5.10643
35	30	5.10774
35	30	5.1102
35	30	5.11314
35	30	5.11482
35	30	5.11503
35	30	5.11536
35	30	5.11819
35	30	5.12231
35	30	5.12568
35	30	5.12581
35	30	5.12636
35	30	5.13602
35	30	5.14079
35	30	5.14248
35	30	5.14471
35	30	5.14499
35	30	5.15021
35	30	5.15083
35	30	5.15212
35	30	5.15763
35	30	5.1668
35	30	5.16916
35	30	5.17385
35	30	5.1796
35	30	5.18202
35	30	5.19041
35	30	5.1934
35	30	5.19878
35	30	5.20875
35	30	5.21384
35	30	5.21572
35	30	5.2197
35	30	5.22786
35	30	5.22847
35	30	5.23583
35	30	5.23624
35	30	5.2582
35	30	5.25878
35	30	5.26102
35	30	5.2619
35	30	5.29084
35	30	5.30789
35	30	5.32577
35	30	5.3406
35	31	4.99559
35	31	5.00167
35	31	5.01442
35	31	5.0192
35	31	5.024
35	31	5.02876
35	31	5.03699
35	31	5.05079
35	31	5.05156
35	31	5.05237
35	31	5.0544
35	31	5.05541
35	31	5.06175
35	31	5.06183
35	31	5.06604
35	31	5.07112
35	31	5.07151
35	31	5.08688
35	31	5.08733
35	31	5.09074
35	31	5.09487
35	31	5.09551
35	31	5.10192
35	31	5.1025
35	31	5.10321
35	31	5.10624
35	31	5.10797
35	31	5.10929
35	31	5.11017
35	31	5.11373
35	31	5.11447
35	31	5.11571
35	31	5.11865
35	31	5.11962
35	31	5.12175
35	31	5.12534
35	31	5.12657
35	31	5.12874
35	31	5.13252
35	31	5.13253
35	31	5.13277
35	31	5.13421
35	31	5.13619
35	31	5.13665
35	31	5.13678
35	31	5.14573
35	31	5.14865
35	31	5.1506
35	31	5.15109
35	31	5.15123
35	31	5.15194
35	31	5.15261
35	31	5.16098
35	31	5.16639
35	31	5.1684
35	31	5.17003
35	31	5.17247
35	31	5.17579
35	31	5.17709
35	31	5.17738
35	31	5.17754
35	31	5.18731
35	31	5.18798
35	31	5.18859
35	31	5.18963
35	31	5.19284
35	31	5.19317
35	31	5.19394
35	31	5.19968
35	31	5.20376
35	31	5.20421
35	31	5.21695
35	31	5.21884
35	31	5.21982
35	31	5.2231
35	31	5.22461
35	31	5.2284
35	31	5.23135
35	31	5.23211
35	31	5.23339
35	31	5.23557
35	31	5.23702
35	31	5.24115
35	31	5.24237
35	31	5.24284
35	31	5.25795
35	31	5.26241
35	31	5.2647
35	31	5.26866
35	31	5.27173
35	31	5.28005
35	31	5.28039
35	31	5.28196
35	31	5.28257
35	31	5.29246
35	31	5.30813
35	31	5.32257
35	31	5.32644
35	31	5.38927
35	31	5.40917
35	32	5.09957
35	32	5.11522
35	32	5.12851
35	32	5.1398
35	32	5.14056
35	32	5.15414
35	32	5.15427
35	32	5.15537
35	32	5.15774
35	32	5.15963
35	32	5.16135
35	32	5.16367
35	32	5.17949
35	32	5.18149
35	32	5.18252
35	32	5.18292
35	32	5.18544
35	32	5.18664
35	32	5.18887
35	32	5.20029
35	32	5.20135
35	32	5.20607
35	32	5.20842
35	32	5.21154
35	32	5.21288
35	32	5.2156
35	32	5.21858
35	32	5.21993
35	32	5.22049
35	32	5.22469
35	32	5.22533
35	32	5.2267
35	32	5.22685
35	32	5.22703
35	32	5.2303
35	32	5.23113
35	32	5.23212
35	32	5.23358
35	32	5.23599
35	32	5.2361
35	32	5.23884
35	32	5.23981
35	32	5.24416
35	32	5.25357
35	32	5.25478
35	32	5.25664
35	32	5.25812
35	32	5.26407
35	32	5.26882
35	32	5.27658
35	32	5.27999
35	32	5.28319
35	32	5.29029
35	32	5.29147
35	32	5.2919
35	32	5.29431
35	32	5.29789
35	32	5.30074
35	32	5.30621
35	32	5.30689
35	32	5.30958
35	32	5.31311
35	32	5.31324
35	32	5.31441
35	32	5.31698
35	32	5.32026
35	32	5.32237
35	32	5.32281
35	32	5.32503
35	32	5.32602
35	32	5.33147
35	32	5.33168
35	32	5.33414
35	32	5.34454
35	32	5.34549
35	32	5.35115
35	32	5.35185
35	32	5.36226
35	32	5.36247
35	32	5.36387
35	32	5.36941
35	32	5.3749
35	32	5.37747
35	32	5.37912
35	32	5.3804
35	32	5.38347
35	32	5.39533
35	32	5.39734
35	32	5.41507
35	32	5.41683
35	32	5.41902
35	32	5.41929
35	32	5.42131
35	32	5.4253
35	32	5.4324
35	32	5.45107
35	32	5.45144
35	32	5.46045
35	32	5.47924
35	32	5.50165
35	33	5.20626
35	33	5.21863
35	33	5.22432
35	33	5.24333
35	33	5.24412
35	33	5.24881
35	33	5.24893
35	33	5.25084
35	33	5.25287
35	33	5.26207
35	33	5.26429
35	33	5.27006
35	33	5.27119
35	33	5.27381
35	33	5.2769
35	33	5.28216
35	33	5.28786
35	33	5.29082
35	33	5.29308
35	33	5.29377
35	33	5.29922
35	33	5.30136
35	33	5.30162
35	33	5.30493
35	33	5.30512
35	33	5.30577
35	33	5.3094
35	33	5.31007
35	33	5.32412
35	33	5.32724
35	33	5.3289
35	33	5.332
35	33	5.3421
35	33	5.34498
35	33	5.34515
35	33	5.34728
35	33	5.34868
35	33	5.35013
35	33	5.35179
35	33	5.35431
35	33	5.35629
35	33	5.35741
35	33	5.36115
35	33	5.36145
35	33	5.36154
35	33	5.36165
35	33	5.3636
35	33	5.3697
35	33	5.37012
35	33	5.3728
35	33	5.37488
35	33	5.37551
35	33	5.37889
35	33	5.38127
35	33	5.38818
35	33	5.38884
35	33	5.39803
35	33	5.39952
35	33	5.40123
35	33	5.40297
35	33	5.40465
35	33	5.4061
35	33	5.40648
35	33	5.40944
35	33	5.41179
35	33	5.41471
35	33	5.41475
35	33	5.41641
35	33	5.42066
35	33	5.42177
35	33	5.42259
35	33	5.42385
35	33	5.42738
35	33	5.42832
35	33	5.43358
35	33	5.44287
35	33	5.44468
35	33	5.4492
35	33	5.45086
35	33	5.45197
35	33	5.45724
35	33	5.46859
35	33	5.46983
35	33	5.47071
35	33	5.48862
35	33	5.48985
35	33	5.49271
35	33	5.49469
35	33	5.49914
35	33	5.49941
35	33	5.5034
35	33	5.51521
35	33	5.52202
35	33	5.53809
35	33	5.55024
35	33	5.55227
35	33	5.55264
35	33	5.58196
35	33	5.61082
35	33	5.61642
35	34	5.31377
35	34	5.31456
35	34	5.3414
35	34	5.3444
35	34	5.34923
35	34	5.35436
35	34	5.35447
35	34	5.35521
35	34	5.35625
35	34	5.36339
35	34	5.36495
35	34	5.36576
35	34	5.36815
35	34	5.3687
35	34	5.36933
35	34	5.37248
35	34	5.38139
35	34	5.3828
35	34	5.38914
35	34	5.39007
35	34	5.39015
35	34	5.40083
35	34	5.40546
35	34	5.40746
35	34	5.40887
35	34	5.41088
35	34	5.41621
35	34	5.41756
35	34	5.4185
35	34	5.42211
35	34	5.42272
35	34	5.43104
35	34	5.43311
35	34	5.43668
35	34	5.43745
35	34	5.4383
35	34	5.43909
35	34	5.43979
35	34	5.44842
35	34	5.44951
35	34	5.45
35	34	5.45157
35	34	5.45243
35	34	5.46062
35	34	5.46701
35	34	5.47089
35	34	5.47293
35	34	5.47625
35	34	5.47795
35	34	5.47899
35	34	5.48064
35	34	5.48122
35	34	5.48354
35	34	5.49163
35	34	5.4918
35	34	5.49371
35	34	5.49452
35	34	5.49472
35	34	5.49636
35	34	5.49743
35	34	5.5045
35	34	5.5053
35	34	5.5061
35	34	5.50694
35	34	5.50824
35	34	5.51443
35	34	5.51817
35	34	5.52954
35	34	5.53374
35	34	5.53459
35	34	5.54392
35	34	5.55093
35	34	5.55664
35	34	5.56279
35	34	5.56293
35	34	5.56367
35	34	5.56768
35	34	5.56869
35	34	5.57352
35	34	5.57607
35	34	5.57677
35	34	5.5777
35	34	5.58098
35	34	5.58525
35	34	5.59167
35	34	5.59383
35	34	5.59676
35	34	5.60301
35	34	5.61167
35	34	5.62198
35	34	5.62347
35	34	5.63001
35	34	5.63589
35	34	5.63686
35	34	5.64276
35	34	5.65638
35	34	5.66398
35	34	5.69605
35	34	5.69753
35	34	5.745
35	35	5.45308
35	35	5.4536
35	35	5.47581
35	35	5.48329
35	35	5.48334
35	35	5.48432
35	35	5.48781
35	35	5.4892
35	35	5.48923
35	35	5.49107
35	35	5.4922
35	35	5.49504
35	35	5.49679
35	35	5.51352
35	35	5.51807
35	35	5.51978
35	35	5.52045
35	35	5.52059
35	35	5.52061
35	35	5.52131
35	35	5.52467
35	35	5.52709
35	35	5.53262
35	35	5.53486
35	35	5.53603
35	35	5.53834
35	35	5.54027
35	35	5.54286
35	35	5.5436
35	35	5.55111
35	35	5.55191
35	35	5.55481
35	35	5.55649
35	35	5.55685
35	35	5.56414
35	35	5.56579
35	35	5.56582
35	35	5.56746
35	35	5.56931
35	35	5.5701
35	35	5.57162
35	35	5.57359
35	35	5.57603
35	35	5.57629
35	35	5.57635
35	35	5.58292
35	35	5.58387
35	35	5.58463
35	35	5.58534
35	35	5.58608
35	35	5.59056
35	35	5.59165
35	35	5.59221
35	35	5.60153
35	35	5.60448
35	35	5.60556
35	35	5.60679
35	35	5.6166
35	35	5.61894
35	35	5.6197
35	35	5.62113
35	35	5.62556
35	35	5.63321
35	35	5.63485
35	35	5.6479
35	35	5.66077
35	35	5.66445
35	35	5.66993
35	35	5.67122
35	35	5.67329
35	35	5.6741
35	35	5.68122
35	35	5.68646
35	35	5.68891
35	35	5.68939
35	35	5.69032
35	35	5.69191
35	35	5.6933
35	35	5.70003
35	35	5.70234
35	35	5.70648
35	35	5.71606
35	35	5.71843
35	35	5.71858
35	35	5.72028
35	35	5.72832
35	35	5.7287
35	35	5.72924
35	35	5.74865
35	35	5.75063
35	35	5.76377
35	35	5.78676
35	35	5.79337
35	35	5.79477
35	35	5.81303
35	35	5.8186
35	35	5.83341
35	35	5.86145
35	35	5.89772
35	35	5.95082
35	40	5.05817
35	40	5.10582
35	40	5.12203
35	40	5.15605
35	40	5.17075
35	40	5.20537
35	40	5.2391
35	40	5.24927
35	40	5.25064
35	40	5.25941
35	40	5.26722
35	40	5.26757
35	40	5.26789
35	40	5.2712
35	40	5.27679
35	40	5.27756
35	40	5.2795
35	40	5.2861
35	40	5.31625
35	40	5.32847
35	40	5.34117
35	40	5.34875
35	40	5.35488
35	40	5.36093
35	40	5.36152
35	40	5.36352
35	40	5.36363
35	40	5.36768
35	40	5.3818
35	40	5.38198
35	40	5.38322
35	40	5.39276
35	40	5.40542
35	40	5.42844
35	40	5.43164
35	40	5.43269
35	40	5.43385
35	40	5.4381
35	40	5.43988
35	40	5.44418
35	40	5.44738
35	40	5.44755
35	40	5.47055
35	40	5.47138
35	40	5.47717
35	40	5.47909
35	40	5.48756
35	40	5.48826
35	40	5.49552
35	40	5.49717
35	40	5.50577
35	40	5.50644
35	40	5.51159
35	40	5.52189
35	40	5.52332
35	40	5.52454
35	40	5.52967
35	40	5.53068
35	40	5.53537
35	40	5.5392
35	40	5.54531
35	40	5.55111
35	40	5.55234
35	40	5.55398
35	40	5.56848
35	40	5.57317
35	40	5.57368
35	40	5.5761
35	40	5.58412
35	40	5.59635
35	40	5.59934
35	40	5.61228
35	40	5.62205
35	40	5.64891
35	40	5.65183
35	40	5.65655
35	40	5.66233
35	40	5.66234
35	40	5.66532
35	40	5.66535
35	40	5.67023
35	40	5.67841
35	40	5.70306
35	40	5.70645
35	40	5.73738
35	40	5.74276
35	40	5.75415
35	40	5.75851
35	40	5.7709
35	40	5.7804
35	40	5.78704
35	40	5.7951
35	40	5.8209
35	40	5.8902
35	40	5.8924
35	40	5.90407
35	40	5.91042
35	40	5.95402
35	40	5.98364
35	40	5.98551
