duplication	M76611:1-6000	6000	26.3076	0	0	0	0	1
duplication	PFC10_API_IRAB:1-34400	34400	2.20079	0	2.87092e+09	0	1.62002e-234	1
deletion	Pf3D7_01_v3:2001-9200	7200	0.303005	4.41174e-07	2.871e+09	0.00356218	2.871e+09	1
deletion	Pf3D7_01_v3:36201-48000	11800	0.356351	1.35061e-11	2.871e+09	9.48754e-08	2.871e+09	1
deletion	Pf3D7_01_v3:57801-59800	2000	0.251254	0.334314	1.0694e-09	1	1	1
deletion	Pf3D7_01_v3:65001-79800	14800	0.510044	404.854	2.871e+09	2316.71	2.871e+09	1
deletion	Pf3D7_01_v3:80201-82000	1800	0.310349	0.491275	6.31201e-22	1	1	1
deletion	Pf3D7_01_v3:88201-88800	600	0.128348	1790.86	2.42729e-13	1	1	1
deletion	Pf3D7_01_v3:514001-514600	600	0	28.9165	5.57643e-23	1	1	1
deletion	Pf3D7_01_v3:565601-566000	400	0.276259	33297.3	0.00791068	1	1	1
deletion	Pf3D7_01_v3:580201-581000	800	0.373462	922.162	5.88591e-05	1	1	1
deletion	Pf3D7_01_v3:603401-604400	1000	0.201273	82.1889	1.77595e-14	1	1	1
deletion	Pf3D7_01_v3:621401-622600	1200	0.376736	46.5915	1.36942e-11	1	1	1
deletion	Pf3D7_01_v3:623401-624000	600	0.0943755	2681.61	2.97895e-14	1	1	1
deletion	Pf3D7_01_v3:625401-626600	1200	0.321722	7.22535	4.54449e-13	1	1	1
deletion	Pf3D7_01_v3:640001-641000	1000	0.298513	1450.78	2.90086e-05	1	1	1
deletion	Pf3D7_02_v3:1201-10800	9600	0.265644	1.66013e-11	3.80455e+06	2.09701e-11	1.51297e+07	1
deletion	Pf3D7_02_v3:23001-24000	1000	0.341514	800.636	9.79856e-08	1	1	1
deletion	Pf3D7_02_v3:31001-37200	6200	0.431819	0.315406	2.871e+09	734.558	2.871e+09	1
deletion	Pf3D7_02_v3:42401-43200	800	0.149695	34.0143	1.35078e-19	1	1	1
deletion	Pf3D7_02_v3:49601-50000	400	0.213692	14863.7	7.38471e-05	1	1	1
deletion	Pf3D7_02_v3:63601-105600	42000	0.179453	3.79458e-12	2.871e+09	3.98431e-12	2.871e+09	1
deletion	Pf3D7_02_v3:111001-111800	800	0.387302	3560.85	0.0240432	1	1	1
deletion	Pf3D7_02_v3:274001-274400	400	0.130636	241849	0.00113739	1	1	1
deletion	Pf3D7_02_v3:823201-823600	400	0.0850093	141053	1.33256e-06	1	1	1
deletion	Pf3D7_02_v3:875801-878400	2600	0.435896	0.0111081	1.95997e-19	24135.5	908.316	1
deletion	Pf3D7_02_v3:879801-881800	2000	0.33675	0.0927667	1.02817e-21	1	1	1
deletion	Pf3D7_02_v3:884601-886200	1600	0.362223	34.6951	1.31022e-09	1	1	1
deletion	Pf3D7_02_v3:887201-889800	2600	0.145103	0.000140946	1.25559e-41	17.2833	3.68554e-21	1
deletion	Pf3D7_02_v3:893201-915000	21800	0.590022	3.43418e-05	2.871e+09	0.003768	2.871e+09	1
deletion	Pf3D7_02_v3:915601-916000	400	0.222705	139654	0.00733131	1	1	1
deletion	Pf3D7_02_v3:924001-924600	600	0.357815	10741	0.0290631	1	1	1
deletion	Pf3D7_02_v3:936801-940600	3800	0.25844	3.789e-06	1.56499e-12	2.82447	0.24313	1
deletion	Pf3D7_02_v3:944001-946000	2000	0.0592376	5.00748e-06	4.85384e-63	1	1	1
deletion	Pf3D7_03_v3:8001-11800	3800	0.294885	0.00360017	1.55918e+09	19.4742	0.00302269	1
deletion	Pf3D7_03_v3:35001-36200	1200	0.40982	560.527	1.76179e-05	1	1	1
deletion	Pf3D7_03_v3:36601-37000	400	0.0497505	30041.8	6.4584e-10	1	1	1
deletion	Pf3D7_03_v3:38601-39200	600	0.0285761	1379.03	2.87453e-18	1	1	1
deletion	Pf3D7_03_v3:46201-46800	600	0.15204	2194.35	8.5782e-13	1	1	1
deletion	Pf3D7_03_v3:47201-59600	12400	0.331771	1.28526e-11	2.86327e+09	1.53243e-11	2.86452e+09	1
deletion	Pf3D7_03_v3:65201-65600	400	0.0911482	605.955	4.5695e-09	1	1	1
deletion	Pf3D7_03_v3:1003801-1005200	1400	0.26864	49.5081	1.35856e-12	1	1	1
deletion	Pf3D7_03_v3:1006401-1016800	10400	0.450247	1.30256e-09	2.84971e+09	9.42165e-06	2.85379e+09	1
deletion	Pf3D7_03_v3:1025401-1032400	7000	0.343231	7.92309e-08	2.78762e+09	0.00290212	2.81119e+09	1
deletion	Pf3D7_03_v3:1053401-1059600	6200	0.377355	1.11173e-06	7.48498e+07	0.000628298	0.0665524	1
deletion	Pf3D7_03_v3:1060201-1061400	1200	0.195204	138.576	1.01597e-14	1	1	1
deletion	Pf3D7_04_v3:1-7200	7200	0.226979	2.21351e-11	493.894	3.06486e-11	1.80653e-33	1
deletion	Pf3D7_04_v3:7401-8000	600	0.243054	12075.2	7.35769e-08	1	1	1
deletion	Pf3D7_04_v3:27001-27600	600	0.292968	38083.4	0.0141624	1	1	1
deletion	Pf3D7_04_v3:28001-28600	600	0.0528397	505.861	2.18839e-18	1	1	1
deletion	Pf3D7_04_v3:37401-39200	1800	0.405903	13.7506	5.38088e-08	1	1	1
deletion	Pf3D7_04_v3:40001-40800	800	0.361038	1183.36	2.00979e-05	1	1	1
deletion	Pf3D7_04_v3:58801-60000	1200	0.291522	20.8937	1.11742e-15	1	1	1
deletion	Pf3D7_04_v3:60601-61600	1000	0.302685	703.38	7.61923e-10	1	1	1
deletion	Pf3D7_04_v3:63401-65200	1800	0.19093	0.00227582	3.71196e-38	1	1	1
deletion	Pf3D7_04_v3:66001-67600	1600	0.247743	5.75421	3.149e-13	1	1	1
deletion	Pf3D7_04_v3:74201-77400	3200	0.0635832	4.98039e-11	1.1177e-107	0.608482	6.37373e-35	1
deletion	Pf3D7_04_v3:84401-84800	400	0.0752208	29670.2	4.8402e-09	1	1	1
deletion	Pf3D7_04_v3:86001-86600	600	0.126139	9344.26	2.67737e-11	1	1	1
deletion	Pf3D7_04_v3:546201-548800	2600	0.170591	0.00240629	3.86457e-11	136062	74547.6	1
deletion	Pf3D7_04_v3:549001-550600	1600	0.156273	7.24487	3.53138e-05	1	1	1
deletion	Pf3D7_04_v3:558201-559400	1200	0.229756	421.73	1.54516e-08	1	1	1
deletion	Pf3D7_04_v3:563001-563600	600	0.151272	611.596	1.95785e-13	1	1	1
deletion	Pf3D7_04_v3:569601-592600	23000	0.424125	6.92924e-12	2.17856e+09	7.58917e-12	2.23147e+09	1
deletion	Pf3D7_04_v3:603001-604000	1000	0.187774	854.189	4.04826e-09	1	1	1
deletion	Pf3D7_04_v3:942201-947600	5400	0.225723	1.80917e-08	0.010473	0.00216171	180.449	1
deletion	Pf3D7_04_v3:950601-951400	800	0.324912	3789.75	1.51991e-05	1	1	1
deletion	Pf3D7_04_v3:954001-954800	800	0.137646	1296.52	5.46661e-15	1	1	1
deletion	Pf3D7_04_v3:955401-962800	7400	0.362296	3.47876e-06	2.87035e+09	0.00491149	2.87052e+09	1
deletion	Pf3D7_04_v3:963201-964200	1000	0.0931338	23.2482	2.58971e-23	1	1	1
deletion	Pf3D7_04_v3:966201-967800	1600	0.242869	0.221846	1.42782e-19	1	1	1
deletion	Pf3D7_04_v3:973401-974400	1000	0.17762	475.339	2.19101e-14	1	1	1
deletion	Pf3D7_04_v3:975201-975600	400	0.136261	230490	0.00103958	1	1	1
deletion	Pf3D7_04_v3:976801-978400	1600	0.373334	309.022	0.00190283	1	1	1
deletion	Pf3D7_04_v3:1145401-1154800	9400	0.20607	1.69545e-11	6.11686e+08	6.46105e-11	8.49967e+08	1
deletion	Pf3D7_04_v3:1167601-1171000	3400	0.178657	5.15331e-06	0.000136109	4.2331e-05	2.19368e-50	1
deletion	Pf3D7_04_v3:1172001-1173200	1200	0.20348	43.1465	1.44981e-12	1	1	1
deletion	Pf3D7_04_v3:1176601-1181400	4800	0.264607	5.94126e-05	1.7441e+09	7.72538	2.14666e+09	1
deletion	Pf3D7_04_v3:1192401-1200600	8200	0.446986	0.0580937	2.871e+09	43.6599	2.871e+09	1
deletion	Pf3D7_05_v3:1-12000	12000	0.274241	1.3281e-11	5.25805e+06	1.59373e-11	1.50323e+07	1
deletion	Pf3D7_05_v3:17801-18800	1000	0.10682	73.27	1.56851e-21	1	1	1
deletion	Pf3D7_05_v3:19001-21200	2200	0.283929	0.866714	0.00021905	1	1	1
deletion	Pf3D7_05_v3:21801-24000	2200	0.138607	0.0574016	2.47799e-07	1	1	1
deletion	Pf3D7_05_v3:32001-33000	1000	0.0976327	213.352	3.55205e-14	1	1	1
duplication	Pf3D7_05_v3:888401-970400	82000	2.06456	0	6.46255e-197	0	6.70192e-192	1
deletion	Pf3D7_05_v3:1336601-1337200	600	0.0114888	60.3234	8.31664e-22	1	1	1
deletion	Pf3D7_06_v3:801-1200	400	0.0166735	27391.5	3.72244e-11	1	1	1
deletion	Pf3D7_06_v3:5001-6000	1000	0.0378708	0.166626	1.11548e-36	1	1	1
deletion	Pf3D7_06_v3:6801-7200	400	0.0161633	26539.7	3.41245e-11	1	1	1
deletion	Pf3D7_06_v3:7401-48200	40800	0.634369	0.0274072	2.871e+09	0.124701	2.871e+09	1
deletion	Pf3D7_06_v3:57401-58400	1000	0.331176	82.0821	1.07182e-10	1	1	1
deletion	Pf3D7_06_v3:726001-727400	1400	0.0434088	0.0128081	2.37193e-44	1	1	1
deletion	Pf3D7_06_v3:728401-729400	1000	0.147275	433.459	1.3817e-13	1	1	1
deletion	Pf3D7_06_v3:734201-741800	7600	0.153063	2.09701e-11	2.86706e+09	2.42551e-06	2.8681e+09	1
deletion	Pf3D7_06_v3:1295001-1296200	1200	0.319846	1248.74	0.00425326	1	1	1
deletion	Pf3D7_06_v3:1308601-1309000	400	0.26471	62492.8	0.00897274	1	1	1
deletion	Pf3D7_06_v3:1313401-1324800	11400	0.396429	1.398e-11	2.83189e+09	1.30719e-08	2.83871e+09	1
deletion	Pf3D7_06_v3:1325601-1327600	2000	0.338355	0.187519	3.68519e-23	1	1	1
deletion	Pf3D7_06_v3:1334001-1338400	4400	0.281581	0.00166561	2.75588e+09	302.744	2.80762e+09	1
deletion	Pf3D7_06_v3:1357801-1359200	1400	0.0445479	0.181225	1.62615e-33	1	1	1
deletion	Pf3D7_06_v3:1373001-1374600	1600	0.34077	33.3855	2.36354e-08	1	1	1
deletion	Pf3D7_06_v3:1389601-1390200	600	0.137093	3528.44	1.31378e-12	1	1	1
deletion	Pf3D7_06_v3:1406201-1416600	10400	0.229699	1.53243e-11	2.77396e+09	1.89729e-11	2.79236e+09	1
deletion	Pf3D7_07_v3:1801-10800	9000	0.364514	5.29471e-09	2.86714e+09	4.43144e-06	2.868e+09	1
deletion	Pf3D7_07_v3:18401-18800	400	0.0791562	116867	3.1683e-07	1	1	1
deletion	Pf3D7_07_v3:24401-24800	400	0.0421921	42441.4	6.42425e-10	1	1	1
deletion	Pf3D7_07_v3:28001-29000	1000	0.444025	849.258	0.00945294	1	1	1
deletion	Pf3D7_07_v3:30801-35000	4200	0.0932333	2.75107e-08	3.78172e-09	7.24421e-11	1.91009e-105	1
deletion	Pf3D7_07_v3:41401-42800	1400	0.272564	254.795	0.000294269	1	1	1
deletion	Pf3D7_07_v3:43001-44400	1400	0.270965	182.228	4.73138e-09	1	1	1
deletion	Pf3D7_07_v3:45201-73000	27800	0.371325	5.73282e-12	2.871e+09	6.17723e-12	2.871e+09	1
deletion	Pf3D7_07_v3:73801-75000	1200	0.141399	28.9578	2.55543e-17	1	1	1
deletion	Pf3D7_07_v3:75801-76400	600	0.076607	9007.36	6.91757e-12	1	1	1
deletion	Pf3D7_07_v3:522401-523200	800	0.259755	5546.52	3.52513e-06	1	1	1
deletion	Pf3D7_07_v3:535201-544600	9400	0.200254	1.69545e-11	2.86544e+09	2.15368e-11	2.86662e+09	1
deletion	Pf3D7_07_v3:545201-546000	800	0.076456	1314.32	6.0553e-14	1	1	1
duplication	Pf3D7_07_v3:558401-564800	6400	2.6517	2.34144e-05	2.871e+09	0.00250612	5.07934e-43	1
deletion	Pf3D7_07_v3:577001-581200	4200	0.281622	0.000150858	10956.1	95.4322	4.16711e+06	1
deletion	Pf3D7_07_v3:585401-585800	400	0.157975	247250	0.00619782	1	1	1
deletion	Pf3D7_07_v3:593801-594400	600	0.187902	21579.5	2.90582e-06	1	1	1
deletion	Pf3D7_07_v3:1329001-1329800	800	0.151928	825.458	5.46263e-14	1	1	1
deletion	Pf3D7_07_v3:1360401-1360800	400	0.00725887	177.548	3.95794e-12	1	1	1
deletion	Pf3D7_07_v3:1386601-1387000	400	0.260346	77909.2	0.0107613	1	1	1
deletion	Pf3D7_07_v3:1387601-1390000	2400	0.41612	0.257376	1.31309e-05	424900	31.617	1
deletion	Pf3D7_07_v3:1392401-1393200	800	0.11431	1046.99	1.63671e-13	1	1	1
deletion	Pf3D7_07_v3:1394001-1407200	13200	0.457714	0.0603276	2.871e+09	10.1919	2.871e+09	1
deletion	Pf3D7_07_v3:1407601-1409200	1600	0.545009	2.6352	0.000688513	1	1	1
deletion	Pf3D7_07_v3:1411401-1415000	3600	0.268248	0.000925627	4.44845e+08	704.343	1.25346e+09	1
deletion	Pf3D7_07_v3:1419801-1421200	1400	0.0215872	0.000646311	6.32859e-52	1	1	1
deletion	Pf3D7_07_v3:1434801-1435200	400	0.225125	157520	0.0145337	1	1	1
deletion	Pf3D7_07_v3:1436801-1445400	8600	0.3041	1.1119e-10	2.85027e+09	2.17326e-10	5.71324e+08	1
deletion	Pf3D7_08_v3:1-1800	1800	0.290311	2.77226	2.91845e-14	1	1	1
deletion	Pf3D7_08_v3:2201-3000	800	0.245966	7292.46	0.0328061	1	1	1
deletion	Pf3D7_08_v3:10801-11600	800	0.319673	3958.14	2.99962e-07	1	1	1
deletion	Pf3D7_08_v3:31801-33200	1400	0.183148	136.995	8.49827e-08	1	1	1
deletion	Pf3D7_08_v3:45801-46200	400	0.114722	208768	0.000133029	1	1	1
deletion	Pf3D7_08_v3:60001-61400	1400	0.460273	13.9981	0.000667059	1	1	1
deletion	Pf3D7_08_v3:431001-431800	800	0.223532	4690.29	4.11501e-06	1	1	1
deletion	Pf3D7_08_v3:437801-438600	800	0.266114	3070.08	3.41635e-07	1	1	1
duplication	Pf3D7_08_v3:447801-456200	8400	2.63998	4.84644e-07	2.34024e+09	0.000668257	2.45695e+09	1
deletion	Pf3D7_08_v3:456201-458800	2600	0.160676	0.00080637	2.6252e-28	58206.7	8.13957	1
deletion	Pf3D7_08_v3:1328601-1330000	1400	0.437514	26.2031	7.83909e-05	1	1	1
deletion	Pf3D7_08_v3:1366001-1399000	33000	0.61062	14995.7	2.871e+09	19513.6	2.871e+09	1
deletion	Pf3D7_08_v3:1405001-1405800	800	0.0425501	10.9277	1.57429e-27	1	1	1
deletion	Pf3D7_08_v3:1411401-1412600	1200	0.238847	207.278	1.28197e-10	1	1	1
deletion	Pf3D7_08_v3:1422601-1425800	3200	0.264385	0.00113354	0.000258852	144.78	6.92415e-10	1
deletion	Pf3D7_08_v3:1430401-1437800	7400	0.268042	2.15368e-11	1.27062e-41	2.95134e-11	2.35454e-34	1
deletion	Pf3D7_08_v3:1460401-1461200	800	0.375468	3897.84	0.00524711	1	1	1
deletion	Pf3D7_08_v3:1462801-1469400	6600	0.238298	1.18322e-09	2.82125e+09	4.60794e-09	9.6547e-15	1
deletion	Pf3D7_09_v3:1-5800	5800	0.195409	2.7478e-11	3.01544e-45	1.84537e-08	1.23791e-26	1
deletion	Pf3D7_09_v3:6001-7400	1400	0.16628	6.31443	1.15361e-21	1	1	1
deletion	Pf3D7_09_v3:9401-10200	800	0.196237	390.946	2.44105e-15	1	1	1
deletion	Pf3D7_09_v3:17401-17800	400	0.194414	160273	0.00270099	1	1	1
deletion	Pf3D7_09_v3:18601-19400	800	0.13746	611.717	4.89547e-15	1	1	1
deletion	Pf3D7_09_v3:22401-23000	600	0.173302	3458.67	5.52715e-12	1	1	1
deletion	Pf3D7_09_v3:26801-27200	400	0.22033	12923.5	0.000109121	1	1	1
deletion	Pf3D7_09_v3:28001-33400	5400	0.344119	0.00164835	2.7594e+09	0.0208287	5.87312e+08	1
deletion	Pf3D7_09_v3:40801-41800	1000	0.148472	60.2838	1.67736e-19	1	1	1
deletion	Pf3D7_09_v3:47601-48600	1000	0.111868	3.00377	6.31494e-27	1	1	1
deletion	Pf3D7_09_v3:59201-61600	2400	0.277986	0.138466	5.27536e-06	82690.9	1.96638e-08	1
deletion	Pf3D7_09_v3:64401-67200	2800	0.311696	0.0813858	2.16151e-05	24422.6	264735	1
deletion	Pf3D7_09_v3:71201-71600	400	0	9727.86	2.07451e-12	1	1	1
deletion	Pf3D7_09_v3:72001-73000	1000	0.0433416	2.26028	1.9571e-32	1	1	1
deletion	Pf3D7_09_v3:1242001-1244800	2800	0.694718	0.037549	0.360408	3323.05	5057.27	1
deletion	Pf3D7_09_v3:1389201-1390200	1000	0.0866949	7.18445	1.62766e-27	1	1	1
deletion	Pf3D7_09_v3:1483201-1484000	800	0.406058	3315.13	0.00373582	1	1	1
deletion	Pf3D7_09_v3:1485601-1493000	7400	0.196574	2.15368e-11	1.64641e-17	2.95134e-11	2.03626e-10	1
deletion	Pf3D7_09_v3:1493201-1496000	2800	0.37195	0.815446	0.000825289	5656.06	0.0137732	1
deletion	Pf3D7_09_v3:1502801-1503200	400	0.137391	128076	2.5672e-05	1	1	1
deletion	Pf3D7_09_v3:1506201-1506600	400	0.168466	3363.29	1.95651e-06	1	1	1
deletion	Pf3D7_09_v3:1531601-1533600	2000	0.198724	0.102846	1.01908e-18	1	1	1
deletion	Pf3D7_09_v3:1534201-1535800	1600	0.0972653	0.0164324	2.07548e-39	1	1	1
deletion	Pf3D7_10_v3:1-8400	8400	0.323616	7.7789e-10	2.871e+09	2.98823e-10	2.68698e+09	1
deletion	Pf3D7_10_v3:9001-11000	2000	0.284673	0.976688	7.2096e-15	1	1	1
deletion	Pf3D7_10_v3:30801-31400	600	0.234199	15478	3.49965e-05	1	1	1
deletion	Pf3D7_10_v3:39801-43200	3400	0.265774	0.000394133	203.561	1346.12	3.26729e+06	1
deletion	Pf3D7_10_v3:64801-68600	3800	0.180806	4.26384e-05	4.80149e-07	1.16944e-06	3.66783e-67	1
deletion	Pf3D7_10_v3:110201-111200	1000	0.151136	358.397	5.69154e-13	1	1	1
deletion	Pf3D7_10_v3:1395001-1396600	1600	0.0490375	0.00733893	1.72904e-47	1	1	1
deletion	Pf3D7_10_v3:1523201-1524200	1000	0.087059	5.49144	2.99877e-31	1	1	1
deletion	Pf3D7_10_v3:1526201-1526600	400	0.0252226	3895.3	2.27316e-11	1	1	1
deletion	Pf3D7_10_v3:1528001-1528800	800	0.108847	367.928	2.32577e-17	1	1	1
deletion	Pf3D7_10_v3:1543001-1543600	600	0.121325	2461.38	5.95988e-14	1	1	1
deletion	Pf3D7_10_v3:1582801-1585200	2400	0.199679	0.0262681	1.44936e-08	628168	3.76031e+06	1
deletion	Pf3D7_10_v3:1588201-1590200	2000	0.222959	0.0300555	2.49795e-23	1	1	1
deletion	Pf3D7_10_v3:1592801-1624800	32000	0.5049	4.98039e-12	2.871e+09	5.31242e-12	2.871e+09	1
deletion	Pf3D7_10_v3:1628401-1630000	1600	0.333274	85.5671	3.46181e-10	1	1	1
deletion	Pf3D7_10_v3:1635001-1635600	600	0.143424	3933.6	2.59003e-11	1	1	1
deletion	Pf3D7_10_v3:1638801-1639800	1000	0.224395	556.287	3.56817e-11	1	1	1
deletion	Pf3D7_10_v3:1642801-1643400	600	0.245932	18636.8	3.1371e-06	1	1	1
deletion	Pf3D7_10_v3:1651001-1651800	800	0.373154	2363.56	5.28044e-05	1	1	1
deletion	Pf3D7_10_v3:1652601-1654400	1800	0.3618	0.48252	3.67058e-08	1	1	1
deletion	Pf3D7_10_v3:1670201-1670600	400	0.298807	3031.09	0.0139285	1	1	1
deletion	Pf3D7_10_v3:1677601-1681400	3800	0.262092	0.000166023	1520.86	6.57233	255.85	1
deletion	Pf3D7_10_v3:1681801-1684000	2200	0.259823	0.48514	0.00184328	1	1	1
deletion	Pf3D7_10_v3:1684401-1685800	1400	0.0789981	0.043451	5.7851e-37	1	1	1
deletion	Pf3D7_11_v3:1401-8800	7400	0.339472	1.94047e-08	2.86799e+09	4.18175e-05	2.8688e+09	1
deletion	Pf3D7_11_v3:9001-10200	1200	0.29002	588.005	0.000144706	1	1	1
deletion	Pf3D7_11_v3:30201-31200	1000	0.340451	357.188	1.1099e-09	1	1	1
deletion	Pf3D7_11_v3:40201-41400	1200	0.10052	49.1503	2.45408e-14	1	1	1
deletion	Pf3D7_11_v3:48601-72200	23600	0.381521	6.75307e-12	2.871e+09	7.37836e-12	2.871e+09	1
deletion	Pf3D7_11_v3:76801-89800	13000	0.31716	1.22594e-11	9.05388e+06	1.44884e-11	2.19601e+07	1
deletion	Pf3D7_11_v3:93801-96400	2600	0.416155	0.102005	8.85753e-05	130804	2.18864e+06	1
deletion	Pf3D7_11_v3:103001-107600	4600	0.534649	0.00821749	89.8046	57.4039	164523	1
deletion	Pf3D7_11_v3:1920001-1921200	1200	0.204998	101.276	1.22022e-11	1	1	1
deletion	Pf3D7_11_v3:1931801-1932200	400	0.234841	123012	0.00897274	1	1	1
deletion	Pf3D7_11_v3:2015201-2020200	5000	0.249742	0.000190754	2.871e+09	0.00042609	1.58495e-11	1
deletion	Pf3D7_11_v3:2031201-2031800	600	0.108014	6080.47	1.78964e-13	1	1	1
deletion	Pf3D7_12_v3:1-6000	6000	0.275926	8.26346e-08	1.79678e+08	0.000922158	4.52559e+08	1
deletion	Pf3D7_12_v3:27201-30000	2800	0.199281	7.65557e-08	5.65833e-63	20.5423	2.75602e-15	1
deletion	Pf3D7_12_v3:33401-35000	1600	0.0864453	0.0116844	1.32047e-39	1	1	1
deletion	Pf3D7_12_v3:37401-37800	400	0.0189108	31137.4	5.44485e-11	1	1	1
deletion	Pf3D7_12_v3:38601-40000	1400	0.0820236	0.736868	5.23549e-28	1	1	1
deletion	Pf3D7_12_v3:44601-50200	5600	0.285183	9.63065e-07	17687.8	0.000524839	707330	1
duplication	Pf3D7_12_v3:971201-976400	5200	3.14971	0	9.64677e-303	6.36006e-06	1.98738e-203	1
deletion	Pf3D7_12_v3:1695401-1696600	1200	0.326866	1876.59	0.00231009	1	1	1
deletion	Pf3D7_12_v3:1705601-1706000	400	0.0288233	27595.9	1.03405e-10	1	1	1
deletion	Pf3D7_12_v3:1707001-1708200	1200	0.120918	2.85635	1.4506e-27	1	1	1
deletion	Pf3D7_12_v3:1716201-1718200	2000	0.118746	0.00054588	4.29649e-37	1	1	1
deletion	Pf3D7_12_v3:1720401-1721600	1200	0.136337	44.9126	1.08922e-12	1	1	1
deletion	Pf3D7_12_v3:1726001-1727200	1200	0.302676	150.174	0.00028518	1	1	1
deletion	Pf3D7_12_v3:1731401-1733800	2400	0.30292	0.458292	2.54667e-10	33107.2	1.237e-06	1
deletion	Pf3D7_12_v3:2163601-2190600	27000	0.319786	5.90269e-12	2.871e+09	6.3749e-12	2.871e+09	1
deletion	Pf3D7_12_v3:2195201-2198200	3000	0.363536	0.0527869	3.47945e-11	3062.95	0.000658175	1
deletion	Pf3D7_12_v3:2202001-2203200	1200	0.308208	175.525	2.49868e-10	1	1	1
deletion	Pf3D7_12_v3:2207401-2208400	1000	0.26419	65.7832	1.51703e-15	1	1	1
deletion	Pf3D7_12_v3:2211801-2212400	600	0.238522	41601.1	0.0333544	1	1	1
deletion	Pf3D7_12_v3:2214601-2215000	400	0.0756121	70730.9	3.21276e-08	1	1	1
deletion	Pf3D7_12_v3:2219001-2219600	600	0.167897	19027.8	1.1851e-07	1	1	1
deletion	Pf3D7_12_v3:2222401-2225600	3200	0.241526	0.0406128	4.17342e+08	8.98593	8.84685e-21	1
deletion	Pf3D7_12_v3:2226001-2226400	400	0.21353	109570	0.00164903	1	1	1
deletion	Pf3D7_12_v3:2228001-2229400	1400	0.148376	12.5793	1.32137e-14	1	1	1
deletion	Pf3D7_12_v3:2231401-2235200	3800	0.238409	0.000129102	1.41039e+07	314.97	2.31442e+08	1
deletion	Pf3D7_12_v3:2248801-2250800	2000	0.264675	0.340361	2.4076e-12	1	1	1
deletion	Pf3D7_12_v3:2260401-2261000	600	0.219818	2049.51	2.25832e-10	1	1	1
deletion	Pf3D7_12_v3:2265201-2269800	4600	0.317482	2.88338e-05	127.977	0.0039021	8.17384e-21	1
deletion	Pf3D7_13_v3:1-12400	12400	0.312003	1.28526e-11	2.64667e+09	1.53243e-11	1.29837e+09	1
deletion	Pf3D7_13_v3:18201-19000	800	0.187115	1289.83	1.55216e-11	1	1	1
deletion	Pf3D7_13_v3:19401-23800	4400	0.28508	0.00177184	1.57156e+07	25.4118	1.6764e+08	1
deletion	Pf3D7_13_v3:27801-31400	3600	0.310058	0.00153375	0.26915	0.224288	5.23115e-29	1
deletion	Pf3D7_13_v3:38601-39000	400	0.0852094	138819	1.22933e-06	1	1	1
deletion	Pf3D7_13_v3:61401-68600	7200	0.46585	3.61466e-07	9.55259e+08	0.00321716	1.2968e+09	1
deletion	Pf3D7_13_v3:873401-874200	800	0.307417	2156.49	1.23898e-06	1	1	1
deletion	Pf3D7_13_v3:2673601-2674400	800	0.0759031	19.5352	5.84452e-25	1	1	1
deletion	Pf3D7_13_v3:2845601-2850400	4800	0.430378	2.00657e-06	1.87886e-13	0.0033675	0.000329068	1
deletion	Pf3D7_13_v3:2868801-2871800	3000	0.104672	8.91025e-06	3.74378e-25	0.00101172	1.5939e-42	1
deletion	Pf3D7_13_v3:2875201-2876200	1000	0.115588	280.917	2.21677e-12	1	1	1
deletion	Pf3D7_13_v3:2880001-2881800	1800	0.209113	0.184373	8.31637e-18	1	1	1
deletion	Pf3D7_13_v3:2895201-2895800	600	0.223343	26151.9	0.00123934	1	1	1
deletion	Pf3D7_13_v3:2902401-2903200	800	0.273662	262.693	4.41849e-10	1	1	1
deletion	Pf3D7_13_v3:2912601-2921200	8600	0.383521	2.49614e-06	2.871e+09	0.0143934	2.871e+09	1
deletion	Pf3D7_13_v3:2922001-2922600	600	0.286978	12877.8	9.1746e-05	1	1	1
deletion	Pf3D7_14_v3:4801-15400	10600	0.392655	5.36716e-05	2.871e+09	0.000914801	2.871e+09	1
deletion	Pf3D7_14_v3:17601-18600	1000	0.0934433	71.8683	1.57597e-23	1	1	1
deletion	Pf3D7_14_v3:20601-23800	3200	0.339334	0.00137706	3.38169e-15	2168.74	3.05278	1
deletion	Pf3D7_14_v3:32801-33600	800	0.0664296	21.9314	1.164e-24	1	1	1
deletion	Pf3D7_14_v3:3197401-3198400	1000	0.375605	380.106	2.47569e-09	1	1	1
deletion	Pf3D7_14_v3:3256001-3259800	3800	0.373811	8.34646e-06	6.80357e-06	28.0652	339.048	1
deletion	Pf3D7_14_v3:3261201-3262800	1600	0.380391	12.9283	1.08446e-11	1	1	1
deletion	Pf3D7_14_v3:3264401-3269800	5400	0.426575	2.44716e-06	0.000126811	0.000679132	5.1149	1
deletion	Pf3D7_14_v3:3273601-3275600	2000	0.217491	0.0136578	7.44116e-31	1	1	1
deletion	Pf3D7_14_v3:3276201-3277000	800	0.082555	287.427	2.76581e-19	1	1	1
deletion	Pf3D7_14_v3:3280001-3284000	4000	0.435055	0.0100109	2.58675e+09	935.003	2.72517e+09	1
deletion	Pf3D7_14_v3:3286601-3287000	400	0.0422854	71305.2	2.61676e-09	1	1	1
