duplication	M76611:1-6000	6000	18.1622	0	0	0	0	1
duplication	PFC10_API_IRAB:1-34400	34400	4.12882	0	2.8429e+09	0	0	1
deletion	Pf3D7_01_v3:1-9200	9200	0.376161	1.24172e-07	2.871e+09	2.19881e-05	2.871e+09	1
deletion	Pf3D7_01_v3:27601-28200	600	0.174329	15878.8	8.90772e-11	1	1	1
deletion	Pf3D7_01_v3:33601-34600	1000	0.190147	1020.98	6.38378e-08	1	1	1
deletion	Pf3D7_01_v3:36201-48000	11800	0.339558	1.35061e-11	2.871e+09	4.89501e-09	2.871e+09	1
deletion	Pf3D7_01_v3:49001-50000	1000	0.3691	3909.5	0.00017249	1	1	1
deletion	Pf3D7_01_v3:51401-52400	1000	0.294108	2310.29	8.96605e-11	1	1	1
deletion	Pf3D7_01_v3:53401-54200	800	0.240396	5104.84	3.14613e-09	1	1	1
deletion	Pf3D7_01_v3:66201-82000	15800	0.473749	112.645	2.871e+09	891.167	2.871e+09	1
deletion	Pf3D7_01_v3:83001-84800	1800	0.529388	1.38329	6.06794e-07	1	1	1
deletion	Pf3D7_01_v3:88201-88800	600	0.119597	2449.72	7.56937e-17	1	1	1
deletion	Pf3D7_01_v3:514001-514600	600	0.00246885	9.76999	2.64557e-27	1	1	1
deletion	Pf3D7_01_v3:546801-547800	1000	0.336129	1159.52	3.69178e-08	1	1	1
deletion	Pf3D7_01_v3:580201-581000	800	0.385422	679.531	4.18368e-06	1	1	1
deletion	Pf3D7_01_v3:596001-596400	400	0.168999	315015	0.0034061	1	1	1
deletion	Pf3D7_01_v3:596601-597400	800	0.203678	1796.32	8.47343e-14	1	1	1
deletion	Pf3D7_01_v3:603401-604400	1000	0.154413	1.82455	4.77529e-30	1	1	1
deletion	Pf3D7_01_v3:623401-624000	600	0.103803	5887.49	4.60792e-15	1	1	1
deletion	Pf3D7_01_v3:625401-626600	1200	0.336733	25.3653	1.13314e-12	1	1	1
duplication	Pf3D7_01_v3:627001-638000	11000	2.4349	0.0426868	2.871e+09	1.84203	2.871e+09	1
deletion	Pf3D7_02_v3:1201-10800	9600	0.27598	1.66013e-11	1.75401e+09	8.38803e-11	1.94364e+09	1
deletion	Pf3D7_02_v3:23001-24000	1000	0.370508	1329.33	1.10211e-05	1	1	1
deletion	Pf3D7_02_v3:31001-37200	6200	0.37421	0.0037795	2.871e+09	48.1444	2.871e+09	1
deletion	Pf3D7_02_v3:42401-43400	1000	0.190348	19.0271	1.66044e-24	1	1	1
deletion	Pf3D7_02_v3:43801-44400	600	0.262966	24729.1	0.000240233	1	1	1
deletion	Pf3D7_02_v3:45401-45800	400	0.0278721	13497	4.78793e-14	1	1	1
deletion	Pf3D7_02_v3:49601-50000	400	0.189779	53300.7	5.49776e-07	1	1	1
deletion	Pf3D7_02_v3:58401-105600	47200	0.193312	3.37654e-12	2.871e+09	3.52594e-12	2.871e+09	1
deletion	Pf3D7_02_v3:111001-111800	800	0.436926	7464.64	0.0465174	1	1	1
deletion	Pf3D7_02_v3:274001-274400	400	0.125996	232090	9.21532e-06	1	1	1
deletion	Pf3D7_02_v3:447601-449400	1800	0.695186	0.0110028	0.00135225	1	1	1
deletion	Pf3D7_02_v3:875801-881800	6000	0.505071	1.12476	2.871e+09	2044.84	2.871e+09	1
deletion	Pf3D7_02_v3:887201-889800	2600	0.122694	2.13551e-05	2.54913e-53	59.9872	5.62632e-26	1
deletion	Pf3D7_02_v3:893201-915000	21800	0.536692	2.04699e-09	2.871e+09	9.49611e-07	2.871e+09	1
deletion	Pf3D7_02_v3:919801-921200	1400	0.205616	121.53	4.60734e-09	1	1	1
deletion	Pf3D7_02_v3:924001-924600	600	0.308278	17583.1	0.00041352	1	1	1
deletion	Pf3D7_02_v3:944001-946000	2000	0.0690921	2.68777e-05	9.2482e-65	1	1	1
deletion	Pf3D7_03_v3:7801-11800	4000	0.346193	0.0451642	2.83187e+09	28.9822	2.67818e-05	1
deletion	Pf3D7_03_v3:36601-37000	400	0.0243606	30526.4	9.36424e-14	1	1	1
deletion	Pf3D7_03_v3:38601-39200	600	0.0186036	160.785	1.35755e-25	1	1	1
deletion	Pf3D7_03_v3:40601-41400	800	0.14066	1567.92	4.50666e-14	1	1	1
deletion	Pf3D7_03_v3:42001-42400	400	0.0357839	17955	1.34656e-13	1	1	1
deletion	Pf3D7_03_v3:43201-59600	16400	0.355404	9.71784e-12	2.87099e+09	1.10675e-11	2.87099e+09	1
deletion	Pf3D7_03_v3:64401-64800	400	0.198714	241542	0.00135048	1	1	1
deletion	Pf3D7_03_v3:65201-65600	400	0.102452	29402	1.23261e-10	1	1	1
deletion	Pf3D7_03_v3:597801-600600	2800	0.733645	0.00489455	5.22328	1182.91	7519.22	1
deletion	Pf3D7_03_v3:1005801-1016800	11000	0.43644	1.44884e-11	2.86612e+09	4.43056e-08	2.86701e+09	1
deletion	Pf3D7_03_v3:1018201-1019200	1000	0.243218	1672.31	8.91923e-09	1	1	1
deletion	Pf3D7_03_v3:1025201-1032400	7200	0.324485	2.43486e-10	1.55654e+09	1.41501e-05	1.84507e+09	1
deletion	Pf3D7_03_v3:1053401-1053800	400	0.227876	184001	0.0010935	1	1	1
deletion	Pf3D7_03_v3:1054201-1059600	5400	0.346315	1.02214e-06	5.66967e-09	0.0311484	0.0204536	1
deletion	Pf3D7_03_v3:1060601-1061400	800	0.0450111	41.2727	3.46524e-30	1	1	1
duplication	Pf3D7_03_v3:1063601-1067800	4200	3.42919	0.0345147	1.21873e-14	290.132	0.00164245	1
deletion	Pf3D7_04_v3:1-7200	7200	0.246389	2.21351e-11	9.00165e+07	3.06486e-11	3.98335e-32	1
deletion	Pf3D7_04_v3:7601-9000	1400	0.162464	6.49162	2.34535e-18	1	1	1
deletion	Pf3D7_04_v3:27001-27600	600	0.223965	22605.1	3.32338e-09	1	1	1
deletion	Pf3D7_04_v3:28001-28600	600	0.0473739	222.772	1.91068e-23	1	1	1
deletion	Pf3D7_04_v3:37401-39600	2200	0.38223	0.233905	6.87063e-17	1	1	1
deletion	Pf3D7_04_v3:58401-60000	1600	0.34259	11.6742	1.06601e-08	1	1	1
deletion	Pf3D7_04_v3:60801-61600	800	0.369031	1370.92	2.2351e-07	1	1	1
deletion	Pf3D7_04_v3:63401-67600	4200	0.334378	0.00902845	1.86126e+09	1040.65	2.28791e+09	1
deletion	Pf3D7_04_v3:74201-77400	3200	0.0570768	4.98039e-11	3.79874e-130	0.318896	2.39131e-43	1
deletion	Pf3D7_04_v3:79201-79600	400	0.275535	72791.7	0.000623368	1	1	1
deletion	Pf3D7_04_v3:84201-84800	600	0.166102	29606.5	2.11869e-06	1	1	1
deletion	Pf3D7_04_v3:86001-86600	600	0.114126	9012.63	4.51817e-14	1	1	1
deletion	Pf3D7_04_v3:546201-548800	2600	0.16986	0.00140073	2.41783e-12	138180	39324.4	1
deletion	Pf3D7_04_v3:549201-550600	1400	0.129949	13.3819	6.47019e-15	1	1	1
deletion	Pf3D7_04_v3:552601-553400	800	0.265215	6203.64	6.98919e-05	1	1	1
deletion	Pf3D7_04_v3:558401-559400	1000	0.150161	367.329	2.36591e-17	1	1	1
deletion	Pf3D7_04_v3:563001-563600	600	0.134926	242.559	9.57905e-19	1	1	1
deletion	Pf3D7_04_v3:566801-567400	600	0.0358971	554.627	3.54938e-24	1	1	1
deletion	Pf3D7_04_v3:571801-577800	6000	0.242467	2.65621e-11	2.83704e-40	5.17961e-10	1.2872e-68	1
deletion	Pf3D7_04_v3:586001-592800	6800	0.185366	2.34371e-11	5.13029e-66	3.32026e-11	1.15963e-64	1
deletion	Pf3D7_04_v3:593201-595600	2400	0.399802	2.73563	3.43912e-05	275570	0.000200547	1
deletion	Pf3D7_04_v3:596001-597600	1600	0.311718	113.938	0.00792613	1	1	1
deletion	Pf3D7_04_v3:603001-604200	1200	0.261553	467.914	1.35851e-09	1	1	1
deletion	Pf3D7_04_v3:941801-943200	1400	0.274644	89.9702	7.2393e-14	1	1	1
deletion	Pf3D7_04_v3:943401-962800	19400	0.395947	8.21508e-12	2.871e+09	9.15934e-12	2.871e+09	1
deletion	Pf3D7_04_v3:963201-964200	1000	0.0836925	8.43877	2.41586e-34	1	1	1
deletion	Pf3D7_04_v3:973401-974400	1000	0.167958	369.324	3.10798e-12	1	1	1
deletion	Pf3D7_04_v3:975201-975600	400	0.171564	310749	0.00336638	1	1	1
deletion	Pf3D7_04_v3:979601-981000	1400	0.309037	198.159	3.07547e-07	1	1	1
deletion	Pf3D7_04_v3:1120601-1121000	400	0.337731	65006.8	0.0310292	1	1	1
deletion	Pf3D7_04_v3:1145401-1154800	9400	0.178124	1.69545e-11	208.888	2.15368e-11	6897.03	1
deletion	Pf3D7_04_v3:1167601-1181000	13400	0.399525	2.37869e-11	2.871e+09	8.24543e-08	2.871e+09	1
deletion	Pf3D7_04_v3:1182801-1183400	600	0.192131	16287.7	2.79781e-09	1	1	1
deletion	Pf3D7_04_v3:1186201-1186600	400	0.287813	166536	0.0253353	1	1	1
deletion	Pf3D7_04_v3:1192401-1196600	4200	0.349299	0.000784419	172.825	0.90955	5.35441e-11	1
deletion	Pf3D7_05_v3:1-11800	11800	0.303125	1.35061e-11	1.15311e+09	1.62625e-11	1.34591e+09	1
deletion	Pf3D7_05_v3:17801-18800	1000	0.158659	824.313	1.23868e-11	1	1	1
deletion	Pf3D7_05_v3:20001-24000	4000	0.246218	0.00059118	1.22706e+09	191.633	1.87693e+09	1
deletion	Pf3D7_05_v3:27001-27800	800	0.24935	2238.02	6.59391e-08	1	1	1
deletion	Pf3D7_05_v3:32001-33000	1000	0.107259	227.476	1.06361e-16	1	1	1
deletion	Pf3D7_05_v3:34001-36000	2000	0.385683	48.4761	0.00502818	1	1	1
duplication	Pf3D7_05_v3:882201-970000	87800	2.00419	0	3.53444e-05	0	7.33112e-05	1
deletion	Pf3D7_05_v3:1336601-1337200	600	0.0109723	54.9649	1.72128e-26	1	1	1
deletion	Pf3D7_06_v3:6801-7200	400	0.0331969	1948.04	4.07376e-14	1	1	1
deletion	Pf3D7_06_v3:7401-48600	41200	0.577537	4.19163e-06	2.871e+09	2.93785e-05	2.871e+09	1
deletion	Pf3D7_06_v3:726001-727400	1400	0.0379524	0.00113952	4.30062e-59	1	1	1
deletion	Pf3D7_06_v3:728201-729400	1200	0.2315	591.315	2.70124e-08	1	1	1
deletion	Pf3D7_06_v3:734201-740400	6200	0.123663	2.57052e-11	2.86915e+09	4.24902e-05	2.86975e+09	1
deletion	Pf3D7_06_v3:740601-741800	1200	0.0508377	5.1772	2.0538e-30	1	1	1
deletion	Pf3D7_06_v3:1295001-1296200	1200	0.327463	1442.05	0.0111429	1	1	1
deletion	Pf3D7_06_v3:1313401-1320400	7000	0.364527	1.22945e-09	1.80971e+07	4.79375e-05	7.69666e+07	1
deletion	Pf3D7_06_v3:1320801-1328400	7600	0.347445	2.09701e-11	788758	2.84594e-11	2.88707e-36	1
deletion	Pf3D7_06_v3:1334001-1338400	4400	0.259971	0.000286918	2.71526e+09	104.95	2.78498e+09	1
deletion	Pf3D7_06_v3:1348801-1351000	2200	0.242799	0.0203761	3.22924e-31	1	1	1
deletion	Pf3D7_06_v3:1351401-1351800	400	0.178139	347459	0.0179926	1	1	1
deletion	Pf3D7_06_v3:1357801-1359200	1400	0.030768	0.0117257	1.42261e-51	1	1	1
deletion	Pf3D7_06_v3:1366001-1368200	2200	0.251703	0.0796847	1.70308e-19	1	1	1
deletion	Pf3D7_06_v3:1368601-1372200	3600	0.344122	0.027881	1.90476e+09	1233.11	2.39242e+09	1
deletion	Pf3D7_06_v3:1380001-1381600	1600	0.119529	2.02219	1.05862e-15	1	1	1
deletion	Pf3D7_06_v3:1389601-1390200	600	0.206119	3261.9	5.27132e-12	1	1	1
deletion	Pf3D7_06_v3:1404801-1405400	600	0.255812	3849.78	1.0756e-10	1	1	1
deletion	Pf3D7_06_v3:1406201-1416600	10400	0.225093	1.53243e-11	2.58107e+09	1.89729e-11	2.63446e+09	1
deletion	Pf3D7_07_v3:1801-3400	1600	0.176246	4.12618	5.10313e-15	1	1	1
deletion	Pf3D7_07_v3:4001-6800	2800	0.209206	0.00282231	1.36671e-24	2.99408	1.45921e-35	1
deletion	Pf3D7_07_v3:11401-12000	600	0.369365	17035.1	0.0209874	1	1	1
deletion	Pf3D7_07_v3:18401-18800	400	0.120198	220027	3.71704e-06	1	1	1
deletion	Pf3D7_07_v3:28001-29000	1000	0.384646	131.139	6.57161e-09	1	1	1
deletion	Pf3D7_07_v3:29801-35000	5200	0.203658	1.96059e-06	5.36163e+08	4.98039e-11	7.71719e-181	1
deletion	Pf3D7_07_v3:43001-73000	30000	0.333034	5.31242e-12	2.871e+09	5.69188e-12	2.871e+09	1
deletion	Pf3D7_07_v3:73801-75000	1200	0.123757	16.2862	1.22912e-21	1	1	1
deletion	Pf3D7_07_v3:75801-76400	600	0.0413773	2966.07	5.27651e-20	1	1	1
deletion	Pf3D7_07_v3:522401-523200	800	0.221852	2228.7	1.05863e-12	1	1	1
deletion	Pf3D7_07_v3:537001-544200	7200	0.057832	2.21351e-11	1.65834e-66	3.06486e-11	1.31589e-45	1
deletion	Pf3D7_07_v3:545201-546000	800	0.0758913	1111.57	5.65244e-18	1	1	1
deletion	Pf3D7_07_v3:549601-550200	600	0.355676	13433.5	0.00252934	1	1	1
deletion	Pf3D7_07_v3:553201-554600	1400	0.439091	5.22111	3.40915e-10	1	1	1
duplication	Pf3D7_07_v3:558401-564800	6400	2.24738	0.000621095	2.871e+09	0.0767402	2.41728e-18	1
deletion	Pf3D7_07_v3:577001-581200	4200	0.240084	1.81153e-06	0.00307121	6.00521	1540.47	1
deletion	Pf3D7_07_v3:585401-585800	400	0.118306	203388	1.57781e-06	1	1	1
deletion	Pf3D7_07_v3:591801-592200	400	0.31932	5997.97	0.00165733	1	1	1
deletion	Pf3D7_07_v3:592601-593400	800	0.354447	235.923	1.21563e-10	1	1	1
deletion	Pf3D7_07_v3:593801-594400	600	0.125813	7623.09	1.65528e-15	1	1	1
deletion	Pf3D7_07_v3:809201-811800	2600	0.692197	0.0361861	2272.88	2611	303.305	1
deletion	Pf3D7_07_v3:1081001-1081600	600	0.322407	47988.6	0.0130023	1	1	1
deletion	Pf3D7_07_v3:1329001-1329800	800	0.148653	571.386	4.37937e-18	1	1	1
deletion	Pf3D7_07_v3:1360401-1360800	400	0	8398.9	1.27609e-15	1	1	1
deletion	Pf3D7_07_v3:1387601-1390000	2400	0.368404	0.0185677	1.3659e-25	318350	0.0053576	1
deletion	Pf3D7_07_v3:1393801-1415000	21200	0.511431	0.671427	2.871e+09	12.3058	2.871e+09	1
deletion	Pf3D7_07_v3:1419801-1421200	1400	0.0293543	0.00654437	3.14043e-53	1	1	1
deletion	Pf3D7_07_v3:1427001-1427800	800	0.370269	3244.26	5.87733e-07	1	1	1
deletion	Pf3D7_07_v3:1438001-1445400	7400	0.267161	6.46105e-11	1.28834e+07	2.64352e-07	5.55424e+07	1
deletion	Pf3D7_08_v3:10801-11600	800	0.380485	11179	0.00529784	1	1	1
deletion	Pf3D7_08_v3:31801-33200	1400	0.149631	14.0105	2.34506e-25	1	1	1
deletion	Pf3D7_08_v3:39001-39800	800	0.309714	15723.2	0.000162558	1	1	1
deletion	Pf3D7_08_v3:48201-48600	400	0.050217	54179.6	4.11787e-12	1	1	1
deletion	Pf3D7_08_v3:53601-55000	1400	0.144303	0.026528	1.48077e-45	1	1	1
deletion	Pf3D7_08_v3:60001-61400	1400	0.435747	7.7662	2.40242e-12	1	1	1
deletion	Pf3D7_08_v3:431001-431800	800	0.219165	3878.65	1.10382e-08	1	1	1
deletion	Pf3D7_08_v3:439601-440400	800	0.293402	5270.35	1.01623e-07	1	1	1
deletion	Pf3D7_08_v3:456201-459200	3000	0.190233	0.00020539	1.86216e-22	1348.52	4.91251e-07	1
deletion	Pf3D7_08_v3:461201-461600	400	0.0116459	19035.2	1.35184e-14	1	1	1
deletion	Pf3D7_08_v3:463601-464000	400	0.1825	96504.5	1.81588e-06	1	1	1
deletion	Pf3D7_08_v3:1328601-1329600	1000	0.456893	104.649	2.91161e-08	1	1	1
deletion	Pf3D7_08_v3:1366001-1399000	33000	0.619704	16494.7	2.871e+09	21085.4	2.871e+09	1
deletion	Pf3D7_08_v3:1399601-1400200	600	0.248943	3828.87	1.50061e-10	1	1	1
deletion	Pf3D7_08_v3:1405001-1405800	800	0.0601246	25.9915	1.07054e-31	1	1	1
deletion	Pf3D7_08_v3:1407401-1411200	3800	0.105908	4.27789e-09	6.47092e-14	0.000118998	1.02072e-66	1
deletion	Pf3D7_08_v3:1411401-1412600	1200	0.24402	248.035	7.88674e-13	1	1	1
deletion	Pf3D7_08_v3:1422801-1425800	3000	0.188544	7.78296e-06	8.42446e-55	277.434	1.44749e-15	1
deletion	Pf3D7_08_v3:1430401-1437800	7400	0.242708	2.15368e-11	1.99744e-45	2.95134e-11	5.43806e-70	1
deletion	Pf3D7_08_v3:1448801-1449400	600	0.225476	7449.04	3.47055e-09	1	1	1
deletion	Pf3D7_08_v3:1449601-1450000	400	0.163862	46593.8	5.20791e-08	1	1	1
deletion	Pf3D7_08_v3:1460401-1461200	800	0.334247	1868.07	9.3835e-09	1	1	1
deletion	Pf3D7_08_v3:1463801-1468800	5000	0.197712	9.43485e-09	5.77556	0.0157259	17384.8	1
deletion	Pf3D7_08_v3:1469001-1469400	400	0.264262	138236	0.00243545	1	1	1
deletion	Pf3D7_09_v3:1-5400	5400	0.207835	2.95134e-11	1.34812e-68	8.86861e-08	1.02988e-41	1
deletion	Pf3D7_09_v3:6001-7400	1400	0.165446	8.86336	1.01118e-24	1	1	1
deletion	Pf3D7_09_v3:9401-10200	800	0.185313	137.299	3.61288e-20	1	1	1
deletion	Pf3D7_09_v3:17401-17800	400	0.196742	215863	0.000473499	1	1	1
deletion	Pf3D7_09_v3:22401-23000	600	0.151184	1482.8	5.92655e-16	1	1	1
deletion	Pf3D7_09_v3:28001-28600	600	0.130778	2648.2	1.81835e-17	1	1	1
deletion	Pf3D7_09_v3:29801-33200	3400	0.207363	0.000293409	1.24018e+08	0.0487033	8.67903e-40	1
deletion	Pf3D7_09_v3:47601-48600	1000	0.111345	9.21621	1.44355e-30	1	1	1
deletion	Pf3D7_09_v3:52201-55000	2800	0.285097	0.0424441	0.000567951	1876.06	1.76847e-14	1
deletion	Pf3D7_09_v3:59201-61600	2400	0.249959	0.0315931	2.82983e-18	81546.1	7.21583e-10	1
deletion	Pf3D7_09_v3:64401-71600	7200	0.534569	1.72479	2.871e+09	1278.13	2.871e+09	1
deletion	Pf3D7_09_v3:72001-73000	1000	0.0436872	1.35793	3.6747e-39	1	1	1
deletion	Pf3D7_09_v3:1389201-1390200	1000	0.0752654	1.6823	1.89204e-37	1	1	1
deletion	Pf3D7_09_v3:1398401-1399000	600	0.0889653	91.9019	2.06439e-21	1	1	1
deletion	Pf3D7_09_v3:1475001-1477600	2600	0.275023	0.0732891	1.24279e-07	177461	480628	1
deletion	Pf3D7_09_v3:1483201-1484000	800	0.404641	1550.16	1.60452e-06	1	1	1
deletion	Pf3D7_09_v3:1485601-1496000	10400	0.232454	1.53243e-11	2.2652e-07	1.89729e-11	0.000283024	1
deletion	Pf3D7_09_v3:1497401-1498800	1400	0.403218	1343.55	0.0162083	1	1	1
deletion	Pf3D7_09_v3:1506201-1506600	400	0.122516	38552.5	1.1233e-09	1	1	1
deletion	Pf3D7_09_v3:1531601-1533600	2000	0.194062	0.0397709	1.38978e-27	1	1	1
deletion	Pf3D7_09_v3:1534201-1535800	1600	0.123593	0.069578	8.36837e-37	1	1	1
deletion	Pf3D7_09_v3:1537401-1538800	1400	0.0720173	0.204005	3.47844e-37	1	1	1
deletion	Pf3D7_09_v3:1539801-1541000	1200	0.349739	619.481	0.0109008	1	1	1
deletion	Pf3D7_10_v3:801-7200	6400	0.200266	2.4902e-11	1.14593e-24	6.33868e-09	3.13549e-14	1
deletion	Pf3D7_10_v3:9001-11000	2000	0.285808	1.45533	9.36293e-16	1	1	1
deletion	Pf3D7_10_v3:20601-21000	400	0.180916	295227	0.00325794	1	1	1
deletion	Pf3D7_10_v3:24401-25000	600	0.380158	6315.95	0.000407365	1	1	1
deletion	Pf3D7_10_v3:25601-26200	600	0.0354574	1084.24	2.07629e-22	1	1	1
deletion	Pf3D7_10_v3:30801-31400	600	0.195412	35210.2	8.14238e-05	1	1	1
deletion	Pf3D7_10_v3:35401-39600	4200	0.449307	0.0263505	63773	128.545	1.04843e+07	1
deletion	Pf3D7_10_v3:41001-43200	2200	0.254943	0.0686511	7.03167e-20	1	1	1
deletion	Pf3D7_10_v3:64601-68600	4000	0.215963	0.00017449	4.93283e-11	0.201629	2.05262e-07	1
deletion	Pf3D7_10_v3:110401-111200	800	0.0857185	778.63	4.4573e-19	1	1	1
deletion	Pf3D7_10_v3:1395001-1396600	1600	0.0401778	0.00185423	5.63161e-59	1	1	1
deletion	Pf3D7_10_v3:1522201-1522600	400	0.218688	114360	4.99513e-05	1	1	1
deletion	Pf3D7_10_v3:1523201-1524200	1000	0.101126	6.25649	1.32888e-35	1	1	1
deletion	Pf3D7_10_v3:1526201-1526600	400	0.0201706	21015.2	3.52988e-14	1	1	1
deletion	Pf3D7_10_v3:1528001-1528800	800	0.115275	105.951	1.31749e-23	1	1	1
deletion	Pf3D7_10_v3:1543001-1543600	600	0.166276	7545.14	1.04114e-13	1	1	1
deletion	Pf3D7_10_v3:1582801-1584000	1200	0.139955	28.0551	4.36508e-26	1	1	1
deletion	Pf3D7_10_v3:1584201-1624800	40600	0.498037	3.92543e-12	2.871e+09	4.12882e-12	2.871e+09	1
deletion	Pf3D7_10_v3:1628401-1630000	1600	0.304505	58.4646	1.16594e-11	1	1	1
deletion	Pf3D7_10_v3:1632001-1632400	400	0.102718	9726.1	4.65402e-11	1	1	1
deletion	Pf3D7_10_v3:1633601-1634400	800	0.231993	5486.94	9.43039e-10	1	1	1
deletion	Pf3D7_10_v3:1635001-1635600	600	0.101165	2304.03	1.83026e-17	1	1	1
deletion	Pf3D7_10_v3:1638801-1639800	1000	0.193395	132.305	1.10296e-21	1	1	1
deletion	Pf3D7_10_v3:1640801-1642000	1200	0.42046	196.306	2.59889e-09	1	1	1
deletion	Pf3D7_10_v3:1651001-1651800	800	0.418188	5557.93	0.00481356	1	1	1
deletion	Pf3D7_10_v3:1652601-1654400	1800	0.363373	0.545134	1.12763e-07	1	1	1
deletion	Pf3D7_10_v3:1677601-1684200	6600	0.337638	1.52507e-06	2.87096e+09	0.00945835	2.87097e+09	1
deletion	Pf3D7_11_v3:4401-8800	4400	0.35386	0.00783109	2.87049e+09	0.229533	7.19096e-09	1
deletion	Pf3D7_11_v3:18801-19200	400	0.241599	93088.6	0.000116454	1	1	1
deletion	Pf3D7_11_v3:30201-31200	1000	0.319127	177.028	2.53499e-10	1	1	1
deletion	Pf3D7_11_v3:40201-41400	1200	0.0836857	6.47469	8.35127e-29	1	1	1
deletion	Pf3D7_11_v3:48601-93200	44600	0.482536	3.57337e-12	2.871e+09	3.74114e-12	2.871e+09	1
deletion	Pf3D7_11_v3:103201-107600	4400	0.513663	0.0114548	736.937	68.44	122137	1
deletion	Pf3D7_11_v3:1920201-1921200	1000	0.102303	70.4023	3.51647e-24	1	1	1
deletion	Pf3D7_11_v3:2015201-2020600	5400	0.281033	9.46659e-05	2.871e+09	3.38353e-05	1.96341e-12	1
deletion	Pf3D7_11_v3:2031201-2031800	600	0.111147	6224.93	2.67106e-17	1	1	1
deletion	Pf3D7_12_v3:601-6000	5400	0.224355	3.06763e-07	2.73252e+09	0.1122	2.78301e+09	1
deletion	Pf3D7_12_v3:26401-30200	3800	0.239377	0.00077888	2.72515e+09	0.00245525	9.31166e-45	1
deletion	Pf3D7_12_v3:38601-40000	1400	0.0829502	0.417018	1.03193e-42	1	1	1
deletion	Pf3D7_12_v3:44601-50200	5600	0.264111	5.9537e-08	0.0349095	6.62481e-05	3.17004e-08	1
duplication	Pf3D7_12_v3:568401-639200	70800	1.75995	0	2.871e+09	0	2.871e+09	1
duplication	Pf3D7_12_v3:971201-976400	5200	2.89868	0	1.17961e-232	7.46312e-06	8.17751e-140	1
deletion	Pf3D7_12_v3:1578801-1579200	400	0.159307	283187	0.000590216	1	1	1
deletion	Pf3D7_12_v3:1695401-1696600	1200	0.28376	842.432	1.64635e-08	1	1	1
deletion	Pf3D7_12_v3:1705401-1708600	3200	0.302981	0.0136899	2.55598e-07	2277.69	2748.56	1
deletion	Pf3D7_12_v3:1709001-1710000	1000	0.333644	7871.83	6.19239e-05	1	1	1
deletion	Pf3D7_12_v3:1713401-1718200	4800	0.255419	0.000197174	2.86952e+09	5.11346	2.87013e+09	1
deletion	Pf3D7_12_v3:1726001-1727200	1200	0.265391	28.2796	3.43778e-17	1	1	1
deletion	Pf3D7_12_v3:1731401-1733800	2400	0.2676	0.0194781	4.80085e-20	45123.3	3.5555e-09	1
deletion	Pf3D7_12_v3:2163601-2182600	19000	0.288196	8.38803e-12	2.871e+09	3.74994e-11	2.871e+09	1
deletion	Pf3D7_12_v3:2183201-2184000	800	0.28422	648.366	4.45867e-13	1	1	1
deletion	Pf3D7_12_v3:2186801-2190200	3400	0.0261624	4.68743e-11	6.64572e-131	0.00536581	6.06835e-54	1
deletion	Pf3D7_12_v3:2195201-2198200	3000	0.363463	0.02115	6.02341e-23	2573.75	0.000426572	1
deletion	Pf3D7_12_v3:2202001-2203400	1400	0.3759	256.312	8.25503e-07	1	1	1
deletion	Pf3D7_12_v3:2211801-2212400	600	0.204349	20952.2	4.7543e-07	1	1	1
deletion	Pf3D7_12_v3:2219001-2219600	600	0.132809	10268.7	2.38196e-13	1	1	1
deletion	Pf3D7_12_v3:2222201-2225600	3400	0.24204	0.00234542	7.07644	0.560102	9.89484e-34	1
deletion	Pf3D7_12_v3:2228001-2229400	1400	0.140803	5.55743	1.43188e-25	1	1	1
deletion	Pf3D7_12_v3:2231401-2235200	3800	0.215391	4.70991e-05	2.37955e+07	193.433	2.96511e+08	1
deletion	Pf3D7_12_v3:2235601-2238000	2400	0.305754	0.0826539	0.027037	96586.3	5.59555e-08	1
deletion	Pf3D7_12_v3:2239401-2240400	1000	0.383554	4599.98	0.0309147	1	1	1
deletion	Pf3D7_12_v3:2248801-2250800	2000	0.232901	0.0430024	4.44729e-33	1	1	1
deletion	Pf3D7_12_v3:2265201-2269800	4600	0.307326	6.32577e-06	0.00132398	0.00108909	4.76207e-35	1
deletion	Pf3D7_12_v3:2271001-2271600	600	0.0701705	3608.49	2.17809e-18	1	1	1
deletion	Pf3D7_13_v3:801-12400	11600	0.300546	1.3739e-11	2.51352e+09	1.66013e-11	2.57181e+09	1
deletion	Pf3D7_13_v3:18201-19000	800	0.208665	1419.96	2.46476e-13	1	1	1
deletion	Pf3D7_13_v3:22201-23800	1600	0.0477958	0.00127183	2.1863e-62	1	1	1
deletion	Pf3D7_13_v3:26801-31400	4600	0.392777	0.00557558	2.77846e+09	0.0572515	4.44279e-05	1
deletion	Pf3D7_13_v3:38601-39000	400	0.0729381	126972	1.39037e-09	1	1	1
deletion	Pf3D7_13_v3:58801-59800	1000	0.463536	2505.33	0.0105569	1	1	1
deletion	Pf3D7_13_v3:64001-68600	4600	0.388761	2.14675e-06	2.50613e-14	0.134458	9.787e-10	1
deletion	Pf3D7_13_v3:754601-755200	600	0.290882	60384.9	0.000147042	1	1	1
deletion	Pf3D7_13_v3:873401-874200	800	0.322508	2244.11	3.2763e-09	1	1	1
deletion	Pf3D7_13_v3:2424601-2425000	400	0.0790392	106253	8.02121e-10	1	1	1
deletion	Pf3D7_13_v3:2673601-2674400	800	0.0613095	11.4938	2.23891e-32	1	1	1
deletion	Pf3D7_13_v3:2845601-2850400	4800	0.423034	7.19202e-07	1.08302e-22	0.00124184	2.06626e-14	1
deletion	Pf3D7_13_v3:2851201-2852400	1200	0.493345	2.07677	1.99097e-08	1	1	1
deletion	Pf3D7_13_v3:2868801-2871800	3000	0.1049	2.75206e-05	1.9373e-14	0.00291875	2.09984e-49	1
deletion	Pf3D7_13_v3:2873801-2874800	1000	0.27496	276.135	3.53517e-18	1	1	1
deletion	Pf3D7_13_v3:2875201-2876000	800	0.0408513	0.997434	1.09324e-34	1	1	1
deletion	Pf3D7_13_v3:2880001-2881800	1800	0.175889	0.0212915	1.47473e-29	1	1	1
deletion	Pf3D7_13_v3:2883001-2884600	1600	0.332874	15.4495	8.4079e-11	1	1	1
deletion	Pf3D7_13_v3:2895201-2895800	600	0.23722	26577.2	5.54465e-05	1	1	1
deletion	Pf3D7_13_v3:2913201-2921200	8000	0.388679	2.71182e-05	2.871e+09	0.105942	2.871e+09	1
deletion	Pf3D7_14_v3:4801-7000	2200	0.255288	0.0295751	1.06032e-08	1	1	1
deletion	Pf3D7_14_v3:9001-10800	1800	0.156542	0.000604607	9.6893e-49	1	1	1
duplication	Pf3D7_14_v3:10801-16600	5800	0.377035	0.0490475	2.871e+09	77.9341	2.871e+09	1
deletion	Pf3D7_14_v3:17601-18600	1000	0.0854373	53.0088	5.11641e-30	1	1	1
deletion	Pf3D7_14_v3:20601-24200	3600	0.349907	0.000946005	24.9549	21.5502	2.00871e-10	1
deletion	Pf3D7_14_v3:32801-33600	800	0.0696919	69.679	1.97041e-27	1	1	1
deletion	Pf3D7_14_v3:3197401-3198400	1000	0.446802	1335.83	3.18151e-05	1	1	1
deletion	Pf3D7_14_v3:3256001-3259800	3800	0.396917	8.72138e-05	1.3042	83.088	107783	1
deletion	Pf3D7_14_v3:3260801-3262800	2000	0.468549	4.35362	3.34968e-07	1	1	1
deletion	Pf3D7_14_v3:3264401-3269800	5400	0.397942	1.32822e-06	0.00552881	0.000620468	120.69	1
deletion	Pf3D7_14_v3:3276201-3276800	600	0.0351786	106.107	1.44315e-24	1	1	1
deletion	Pf3D7_14_v3:3277401-3278600	1200	0.20443	243.857	3.3682e-05	1	1	1
deletion	Pf3D7_14_v3:3280401-3284000	3600	0.411658	0.00202882	8.73891e+06	708.9	2.18552e+08	1
deletion	Pf3D7_14_v3:3286601-3287000	400	0.0467804	79251	1.20964e-11	1	1	1
