duplication	M76611:1-6000	6000	23.8446	0	0	0	0	1
duplication	PFC10_API_IRAB:1-34400	34400	2.8158	0	2.87099e+09	0	0	1
deletion	Pf3D7_01_v3:1-9200	9200	0.393441	7.31451e-07	2.871e+09	8.5351e-05	2.871e+09	1
deletion	Pf3D7_01_v3:32401-33000	600	0.0198034	46.2284	3.1763e-28	1	1	1
deletion	Pf3D7_01_v3:36201-48000	11800	0.33488	1.35061e-11	2.871e+09	1.28474e-09	2.871e+09	1
deletion	Pf3D7_01_v3:51401-52400	1000	0.305211	2373.61	2.08217e-09	1	1	1
deletion	Pf3D7_01_v3:53401-54200	800	0.243314	5284.06	1.1534e-10	1	1	1
deletion	Pf3D7_01_v3:58001-59800	1800	0.23815	1.12253	1.68835e-09	1	1	1
deletion	Pf3D7_01_v3:65001-79800	14800	0.475144	169.81	2.871e+09	1198.19	2.871e+09	1
deletion	Pf3D7_01_v3:80201-82000	1800	0.2521	0.0511468	1.223e-37	1	1	1
deletion	Pf3D7_01_v3:83001-84800	1800	0.523791	0.458069	2.52571e-11	1	1	1
deletion	Pf3D7_01_v3:86001-87600	1600	0.413507	53.3292	1.63767e-09	1	1	1
deletion	Pf3D7_01_v3:88001-88800	800	0.219686	1090.85	7.4194e-15	1	1	1
deletion	Pf3D7_01_v3:514001-514600	600	0	19.8678	4.3182e-30	1	1	1
deletion	Pf3D7_01_v3:546801-547600	800	0.313226	5207.13	0.000239598	1	1	1
deletion	Pf3D7_01_v3:565601-566000	400	0.306511	389.426	9.96681e-05	1	1	1
deletion	Pf3D7_01_v3:580201-581000	800	0.348043	1826.53	3.41611e-07	1	1	1
deletion	Pf3D7_01_v3:593401-594200	800	0.164518	12988	0.0389123	1	1	1
deletion	Pf3D7_01_v3:596601-597400	800	0.210777	3157.04	4.97432e-13	1	1	1
deletion	Pf3D7_01_v3:603401-604400	1000	0.172305	16.9039	1.23713e-25	1	1	1
deletion	Pf3D7_01_v3:613001-613400	400	0.0733387	104636	3.21488e-11	1	1	1
deletion	Pf3D7_01_v3:623401-624000	600	0.121531	3034.65	2.60049e-17	1	1	1
deletion	Pf3D7_01_v3:625401-626600	1200	0.379886	110.984	2.05963e-08	1	1	1
deletion	Pf3D7_02_v3:1201-2800	1600	0.132382	0.0124332	2.03218e-48	1	1	1
deletion	Pf3D7_02_v3:3201-4800	1600	0.122963	0.0831482	6.15758e-43	1	1	1
deletion	Pf3D7_02_v3:5001-10600	5600	0.284683	1.33759e-09	1.15997e-23	2.28285e-05	1.03231e-29	1
deletion	Pf3D7_02_v3:24201-24800	600	0.046965	16.3155	2.05903e-26	1	1	1
deletion	Pf3D7_02_v3:31001-37200	6200	0.385768	0.00360446	2.871e+09	47.3265	2.871e+09	1
deletion	Pf3D7_02_v3:42401-43400	1000	0.170385	24.6524	9.9465e-25	1	1	1
deletion	Pf3D7_02_v3:47001-47400	400	0.153023	121634	6.36655e-08	1	1	1
deletion	Pf3D7_02_v3:49601-50000	400	0.172494	51800.5	1.33821e-08	1	1	1
deletion	Pf3D7_02_v3:58401-59800	1400	0.111554	1.46886	4.93147e-30	1	1	1
deletion	Pf3D7_02_v3:62601-105600	43000	0.180336	3.70634e-12	2.871e+09	3.88713e-12	2.871e+09	1
deletion	Pf3D7_02_v3:111001-111800	800	0.413013	6102.91	6.78338e-05	1	1	1
deletion	Pf3D7_02_v3:875801-881800	6000	0.543656	8.18193	2.871e+09	5492.17	2.871e+09	1
deletion	Pf3D7_02_v3:884601-886200	1600	0.331498	11.7674	7.75721e-17	1	1	1
deletion	Pf3D7_02_v3:887201-889800	2600	0.126124	2.0708e-05	1.32991e-51	0.00566504	1.41451e-27	1
deletion	Pf3D7_02_v3:893201-896400	3200	0.203664	0.000373597	12.8409	81.8859	1.75193e-19	1
deletion	Pf3D7_02_v3:896801-899800	3000	0.399246	0.214318	0.0474287	708.138	5.28983e-11	1
deletion	Pf3D7_02_v3:906801-915000	8200	0.38345	8.65082e-08	2.871e+09	0.0018685	2.871e+09	1
deletion	Pf3D7_02_v3:917201-917600	400	0.23097	208292	0.000604299	1	1	1
deletion	Pf3D7_02_v3:919801-921200	1400	0.260652	469.915	6.64708e-06	1	1	1
deletion	Pf3D7_02_v3:934601-940000	5400	0.325252	9.65852e-05	2.47494e+09	0.500239	2.0035e+09	1
deletion	Pf3D7_02_v3:944001-946000	2000	0.0795145	0.000142968	1.433e-60	1	1	1
deletion	Pf3D7_03_v3:5001-5600	600	0.185934	49474.6	0.000641636	1	1	1
deletion	Pf3D7_03_v3:8001-9200	1200	0.103615	0.440016	9.09776e-39	1	1	1
deletion	Pf3D7_03_v3:9201-11800	2600	0.414286	24.4445	2.27439e+09	24755.6	6.81672	1
deletion	Pf3D7_03_v3:35001-36200	1200	0.459544	546.82	0.00107485	1	1	1
deletion	Pf3D7_03_v3:36601-37000	400	0.0471781	35095.2	4.96633e-14	1	1	1
deletion	Pf3D7_03_v3:38601-39200	600	0.030273	763.225	3.41497e-25	1	1	1
deletion	Pf3D7_03_v3:41001-41400	400	0.239016	148758	0.000120936	1	1	1
deletion	Pf3D7_03_v3:42001-42800	800	0.180226	3829.39	1.68677e-10	1	1	1
deletion	Pf3D7_03_v3:43201-59600	16400	0.355572	9.71784e-12	2.871e+09	1.10675e-11	2.871e+09	1
deletion	Pf3D7_03_v3:65201-65600	400	0.0962561	15330	2.02118e-12	1	1	1
deletion	Pf3D7_03_v3:122601-123200	600	0.456439	2506.05	0.00403846	1	1	1
deletion	Pf3D7_03_v3:597801-600600	2800	0.710603	0.00657761	1.02618	614.202	244.746	1
deletion	Pf3D7_03_v3:1003801-1005200	1400	0.231097	16.291	2.47426e-21	1	1	1
deletion	Pf3D7_03_v3:1005601-1007200	1600	0.511364	99.9269	0.0109178	1	1	1
deletion	Pf3D7_03_v3:1007601-1016800	9200	0.395913	5.19693e-11	2.61963e+09	9.64337e-07	2.67233e+09	1
deletion	Pf3D7_03_v3:1018201-1019200	1000	0.219923	1552.92	3.72579e-09	1	1	1
deletion	Pf3D7_03_v3:1025401-1032200	6800	0.314413	1.07811e-08	1.37481e+09	0.00173527	1.70726e+09	1
deletion	Pf3D7_03_v3:1038001-1039200	1200	0.15765	3.66363	3.03532e-35	1	1	1
deletion	Pf3D7_03_v3:1053601-1059000	5400	0.368548	3.16524e-05	1.45156e+07	0.160808	6071.87	1
deletion	Pf3D7_03_v3:1060601-1061400	800	0.0604923	91.9329	1.06911e-29	1	1	1
duplication	Pf3D7_03_v3:1063601-1067800	4200	3.30662	0.0330157	5.15233e-26	330.582	1.81022e-09	1
deletion	Pf3D7_04_v3:1-7000	7000	0.283177	2.27675e-11	2.37564e+07	2.23122e-09	0.00869646	1
deletion	Pf3D7_04_v3:7401-9000	1600	0.157513	0.607929	7.57517e-26	1	1	1
deletion	Pf3D7_04_v3:27001-27600	600	0.304369	59358.2	0.00643663	1	1	1
deletion	Pf3D7_04_v3:28001-28600	600	0.0745592	287.962	1.58969e-23	1	1	1
deletion	Pf3D7_04_v3:33601-34600	1000	0.407101	6008.26	0.0181065	1	1	1
deletion	Pf3D7_04_v3:39801-40800	1000	0.373165	731.406	0.000222524	1	1	1
deletion	Pf3D7_04_v3:41401-42200	800	0.389711	2190.59	0.00030366	1	1	1
deletion	Pf3D7_04_v3:52801-53200	400	0.0237543	30656.5	3.50278e-15	1	1	1
deletion	Pf3D7_04_v3:58401-60000	1600	0.358878	52.5053	0.0156665	1	1	1
deletion	Pf3D7_04_v3:66001-67600	1600	0.243095	6.23192	3.09633e-22	1	1	1
deletion	Pf3D7_04_v3:74201-77600	3400	0.0984504	6.80614e-08	7.8396e-19	0.0256213	2.96084e-53	1
deletion	Pf3D7_04_v3:84401-84800	400	0.0857763	70566.6	3.04367e-13	1	1	1
deletion	Pf3D7_04_v3:86001-86600	600	0.0590555	1730.33	5.48387e-23	1	1	1
deletion	Pf3D7_04_v3:546201-550600	4400	0.212086	0.000247251	2.87078e+09	60.8736	2.87088e+09	1
deletion	Pf3D7_04_v3:552601-553400	800	0.267659	5512.45	5.42373e-06	1	1	1
deletion	Pf3D7_04_v3:558401-559400	1000	0.14021	360.492	7.28888e-18	1	1	1
deletion	Pf3D7_04_v3:563001-563600	600	0.128063	94.745	5.30667e-21	1	1	1
deletion	Pf3D7_04_v3:566801-567400	600	0.0513289	1097.09	1.65829e-23	1	1	1
deletion	Pf3D7_04_v3:571801-592800	21000	0.353398	7.58917e-12	2.63791e+09	8.38803e-12	2.65927e+09	1
deletion	Pf3D7_04_v3:593201-595600	2400	0.404698	2.06138	1.21399e-06	337917	0.00597572	1
deletion	Pf3D7_04_v3:598201-598600	400	0.239966	68642	6.5767e-06	1	1	1
deletion	Pf3D7_04_v3:603001-604200	1200	0.254978	415.846	7.65258e-12	1	1	1
deletion	Pf3D7_04_v3:941801-947200	5400	0.193749	1.77081e-10	1.13375e-15	0.00107509	1.23839e-06	1
deletion	Pf3D7_04_v3:950401-951400	1000	0.238935	684.223	1.28264e-15	1	1	1
deletion	Pf3D7_04_v3:954001-962800	8800	0.3277	3.6221e-11	2.16432e+09	6.77099e-08	2.30787e+09	1
deletion	Pf3D7_04_v3:963201-964200	1000	0.0956958	35.2521	1.61044e-28	1	1	1
deletion	Pf3D7_04_v3:966201-967800	1600	0.206158	0.0229047	3.06764e-39	1	1	1
deletion	Pf3D7_04_v3:973401-975000	1600	0.320482	91.4361	1.35484e-05	1	1	1
deletion	Pf3D7_04_v3:975201-975600	400	0.172924	325232	0.00128496	1	1	1
deletion	Pf3D7_04_v3:979601-980800	1200	0.268815	424.262	2.62093e-05	1	1	1
deletion	Pf3D7_04_v3:1120601-1121000	400	0.280588	10809.9	1.88326e-05	1	1	1
deletion	Pf3D7_04_v3:1145401-1146600	1200	0.0567999	0.265599	1.87463e-47	1	1	1
deletion	Pf3D7_04_v3:1146801-1157400	10600	0.320654	1.50351e-11	2.87089e+09	1.66785e-10	1.25076e+09	1
deletion	Pf3D7_04_v3:1163601-1164000	400	0.148174	163616	2.90952e-07	1	1	1
deletion	Pf3D7_04_v3:1167601-1171000	3400	0.169128	2.43948e-06	2.53333e-11	0.000834318	4.14913e-61	1
deletion	Pf3D7_04_v3:1176601-1181400	4800	0.235078	5.12283e-07	1.27695e+07	0.405369	1.21931e+08	1
deletion	Pf3D7_04_v3:1186201-1186600	400	0.26367	83710.6	6.85255e-05	1	1	1
deletion	Pf3D7_04_v3:1192401-1196600	4200	0.336944	0.000369845	2.30496	0.57188	6.08897e-15	1
deletion	Pf3D7_05_v3:1-12200	12200	0.323784	1.30633e-11	2.42484e+09	1.56248e-11	2.49291e+09	1
deletion	Pf3D7_05_v3:21801-24000	2200	0.121853	0.0272475	7.60448e-11	1	1	1
deletion	Pf3D7_05_v3:32001-33000	1000	0.0914002	155.686	4.21847e-21	1	1	1
deletion	Pf3D7_05_v3:34001-36000	2000	0.341943	16.0549	1.60302e-06	1	1	1
deletion	Pf3D7_05_v3:79001-79400	400	0.306871	56446.9	0.000636508	1	1	1
duplication	Pf3D7_05_v3:888401-970200	81800	2.01173	0	1.71611e-57	0	7.14004e-56	1
deletion	Pf3D7_05_v3:1291801-1292600	800	0.242878	1674.53	1.31813e-13	1	1	1
deletion	Pf3D7_05_v3:1336601-1337200	600	0.00411567	27.2406	3.23831e-29	1	1	1
deletion	Pf3D7_05_v3:1338001-1338400	400	0.237499	123754	4.33314e-05	1	1	1
deletion	Pf3D7_06_v3:801-1200	400	0.0136295	13919.3	4.13668e-16	1	1	1
deletion	Pf3D7_06_v3:7401-52200	44800	0.582122	2.97127e-07	2.871e+09	6.16024e-06	2.871e+09	1
deletion	Pf3D7_06_v3:55001-56200	1200	0.515529	757.499	0.0339272	1	1	1
deletion	Pf3D7_06_v3:726001-727400	1400	0.0472569	0.0274154	8.73513e-52	1	1	1
deletion	Pf3D7_06_v3:728401-729400	1000	0.139971	357.016	2.53023e-19	1	1	1
deletion	Pf3D7_06_v3:734201-742200	8000	0.175961	1.99216e-11	2.85324e+09	3.96838e-08	2.85767e+09	1
deletion	Pf3D7_06_v3:1295001-1296200	1200	0.312839	790.892	2.18242e-05	1	1	1
deletion	Pf3D7_06_v3:1313201-1328400	15200	0.401554	1.0485e-11	2.8477e+09	1.20737e-11	2.85075e+09	1
deletion	Pf3D7_06_v3:1334001-1336400	2400	0.108643	2.79407e-06	6.44885e-73	75488.6	4.33808e-13	1
deletion	Pf3D7_06_v3:1348401-1351000	2600	0.306854	0.0437354	5.40774e-16	36446.3	5.47819e-06	1
deletion	Pf3D7_06_v3:1353001-1354800	1800	0.429846	2.99732	1.16629e-07	1	1	1
deletion	Pf3D7_06_v3:1360801-1361600	800	0.248309	14366.2	2.63857e-05	1	1	1
deletion	Pf3D7_06_v3:1362001-1362600	600	0.0680495	1780.24	1.71588e-22	1	1	1
deletion	Pf3D7_06_v3:1366001-1372200	6200	0.409248	0.156668	2.871e+09	419.585	2.871e+09	1
deletion	Pf3D7_06_v3:1373001-1375000	2000	0.375628	3.8359	4.45974e-13	1	1	1
deletion	Pf3D7_06_v3:1380001-1381600	1600	0.144067	11.3582	2.91564e-08	1	1	1
deletion	Pf3D7_06_v3:1389601-1390200	600	0.144571	2703.99	9.01935e-18	1	1	1
deletion	Pf3D7_06_v3:1404801-1405400	600	0.303525	5515.62	5.75802e-08	1	1	1
deletion	Pf3D7_06_v3:1406201-1416600	10400	0.241702	1.53243e-11	2.75098e+09	1.89729e-11	2.77366e+09	1
deletion	Pf3D7_07_v3:1801-3800	2000	0.261735	4.78742	1.3318e-12	1	1	1
deletion	Pf3D7_07_v3:4001-10800	6800	0.38964	3.21309e-05	2.54683e+09	0.0204294	2.63818e+09	1
deletion	Pf3D7_07_v3:11401-12000	600	0.393883	18740.6	0.0243955	1	1	1
deletion	Pf3D7_07_v3:18401-18800	400	0.0788394	92376.1	2.6921e-11	1	1	1
deletion	Pf3D7_07_v3:20401-21000	600	0.0886482	791.015	6.28272e-22	1	1	1
deletion	Pf3D7_07_v3:26801-27200	400	0.243902	8407.94	8.8545e-07	1	1	1
deletion	Pf3D7_07_v3:28001-29000	1000	0.384427	320.805	1.13559e-08	1	1	1
deletion	Pf3D7_07_v3:30801-35000	4200	0.085666	1.78345e-09	3.30192e-29	7.24421e-11	3.14848e-131	1
deletion	Pf3D7_07_v3:43001-73000	30000	0.350126	5.31242e-12	2.871e+09	5.69188e-12	2.871e+09	1
deletion	Pf3D7_07_v3:73801-74800	1000	0.0758445	4.10529	1.91243e-37	1	1	1
deletion	Pf3D7_07_v3:75801-76400	600	0.0724006	8023.71	5.64641e-17	1	1	1
deletion	Pf3D7_07_v3:511001-512200	1200	0.128163	8.33717	9.93903e-30	1	1	1
deletion	Pf3D7_07_v3:516601-517200	600	0.167932	52227.5	0.00055509	1	1	1
deletion	Pf3D7_07_v3:522401-523200	800	0.208008	2679.28	2.95802e-12	1	1	1
deletion	Pf3D7_07_v3:527801-528200	400	0.120821	137050	9.78036e-09	1	1	1
deletion	Pf3D7_07_v3:528801-529200	400	0.356924	8114.1	0.00533536	1	1	1
deletion	Pf3D7_07_v3:535001-536000	1000	0.274312	1934.93	0.00217663	1	1	1
deletion	Pf3D7_07_v3:537001-544200	7200	0.0578622	2.21351e-11	1.27298e-67	3.06486e-11	2.06086e-46	1
deletion	Pf3D7_07_v3:545201-546000	800	0.0986655	2908.81	2.52549e-13	1	1	1
deletion	Pf3D7_07_v3:549601-550200	600	0.315837	7032.43	7.97836e-07	1	1	1
deletion	Pf3D7_07_v3:553201-554600	1400	0.454136	54.8261	0.000148055	1	1	1
deletion	Pf3D7_07_v3:556601-558400	1800	0.290182	52.7014	0.00494801	1	1	1
duplication	Pf3D7_07_v3:558401-564800	6400	2.31299	0.000262777	2.871e+09	0.0238107	3.62311e-22	1
deletion	Pf3D7_07_v3:577001-581000	4000	0.228154	2.80448e-06	1.85048e-08	25.0459	7.28884	1
deletion	Pf3D7_07_v3:585401-585800	400	0.139147	237095	3.93651e-06	1	1	1
deletion	Pf3D7_07_v3:591801-592200	400	0.342872	44371.2	0.00563736	1	1	1
deletion	Pf3D7_07_v3:593801-594400	600	0.125954	7328.91	7.10463e-16	1	1	1
deletion	Pf3D7_07_v3:1081001-1081600	600	0.273265	27422.3	1.58261e-06	1	1	1
deletion	Pf3D7_07_v3:1088001-1088600	600	0.353221	79837.1	0.0412852	1	1	1
deletion	Pf3D7_07_v3:1329001-1329800	800	0.150409	1176.57	3.24222e-16	1	1	1
deletion	Pf3D7_07_v3:1360401-1360800	400	0	8063.41	3.76889e-17	1	1	1
deletion	Pf3D7_07_v3:1386601-1387000	400	0.20784	67585.7	4.99218e-07	1	1	1
deletion	Pf3D7_07_v3:1387601-1390000	2400	0.343186	0.0270016	1.48129e-21	323127	0.00111419	1
deletion	Pf3D7_07_v3:1392401-1393200	800	0.135887	2053.01	1.01151e-13	1	1	1
deletion	Pf3D7_07_v3:1394001-1415000	21000	0.511405	0.498845	2.871e+09	11.9928	2.871e+09	1
deletion	Pf3D7_07_v3:1419801-1421200	1400	0.0280246	0.00458795	1.15066e-58	1	1	1
deletion	Pf3D7_07_v3:1427001-1427800	800	0.417969	4326.9	0.000527842	1	1	1
deletion	Pf3D7_07_v3:1434801-1435200	400	0.274972	178700	0.00377287	1	1	1
deletion	Pf3D7_07_v3:1437601-1445400	7800	0.286378	6.12971e-11	9.18812e+08	1.48601e-07	1.23055e+09	1
deletion	Pf3D7_08_v3:4801-5800	1000	0.161541	1570.23	4.83929e-05	1	1	1
deletion	Pf3D7_08_v3:6201-8000	1800	0.320182	33.8699	5.71877e-05	1	1	1
deletion	Pf3D7_08_v3:10801-11400	600	0.495789	944.936	0.0268504	1	1	1
deletion	Pf3D7_08_v3:31801-33200	1400	0.178358	107.98	9.56846e-14	1	1	1
deletion	Pf3D7_08_v3:33801-34600	800	0.415077	30527.7	0.0228388	1	1	1
deletion	Pf3D7_08_v3:39001-39400	400	0.114816	183279	5.63991e-08	1	1	1
deletion	Pf3D7_08_v3:40801-41200	400	0.0931203	165593	4.27961e-09	1	1	1
deletion	Pf3D7_08_v3:42401-43400	1000	0.00957474	0.00421668	8.65182e-53	1	1	1
deletion	Pf3D7_08_v3:48001-48600	600	0.200379	62466.5	0.0330586	1	1	1
deletion	Pf3D7_08_v3:55601-56600	1000	0.153782	34.005	1.33081e-25	1	1	1
deletion	Pf3D7_08_v3:60001-61400	1400	0.425097	1.59002	2.29315e-17	1	1	1
deletion	Pf3D7_08_v3:437801-438600	800	0.252953	1851.83	5.31318e-15	1	1	1
deletion	Pf3D7_08_v3:439601-440400	800	0.272704	4220.62	1.54948e-08	1	1	1
deletion	Pf3D7_08_v3:442201-442600	400	0.322921	37657.1	0.00112025	1	1	1
deletion	Pf3D7_08_v3:443201-443600	400	0.110408	187396	4.89832e-08	1	1	1
deletion	Pf3D7_08_v3:444601-445000	400	0.0795272	31515.3	9.78498e-13	1	1	1
deletion	Pf3D7_08_v3:447401-447800	400	0.178488	273253	0.000239268	1	1	1
duplication	Pf3D7_08_v3:450801-456200	5400	2.20589	0.0423128	2.86952e+09	6.51044	1.08079e-69	1
deletion	Pf3D7_08_v3:456201-459400	3200	0.197942	0.000198968	3.10347e-19	41.7224	4.64978e-20	1
deletion	Pf3D7_08_v3:587201-587600	400	0.195939	80035	3.2196e-07	1	1	1
deletion	Pf3D7_08_v3:1328601-1329800	1200	0.48748	139.728	0.000107106	1	1	1
deletion	Pf3D7_08_v3:1366001-1399000	33000	0.586521	13006.2	2.871e+09	17236.8	2.871e+09	1
deletion	Pf3D7_08_v3:1399601-1400200	600	0.272399	1104.65	9.22876e-12	1	1	1
deletion	Pf3D7_08_v3:1405001-1405800	800	0.0612646	35.2336	1.03464e-33	1	1	1
deletion	Pf3D7_08_v3:1407401-1411000	3600	0.0640312	4.42701e-11	1.66139e-145	0.000121077	2.24629e-70	1
deletion	Pf3D7_08_v3:1411401-1412600	1200	0.22202	181.291	2.87803e-13	1	1	1
deletion	Pf3D7_08_v3:1418401-1419400	1000	0.248704	580.733	8.23049e-18	1	1	1
deletion	Pf3D7_08_v3:1422601-1425800	3200	0.229719	9.03546e-05	1.49176e-24	63.6224	1.32522e-18	1
deletion	Pf3D7_08_v3:1429801-1437800	8000	0.359292	2.26695e-05	2.871e+09	2.65621e-11	1.06758e-63	1
deletion	Pf3D7_08_v3:1460401-1461200	800	0.374035	3964.43	9.22666e-07	1	1	1
deletion	Pf3D7_08_v3:1463601-1469400	5800	0.231545	8.24341e-10	0.460547	1.34343e-05	3.88167e-06	1
deletion	Pf3D7_09_v3:1-5000	5000	0.221521	4.78118e-10	9.50213e-54	1.00463e-06	5.87849e-49	1
deletion	Pf3D7_09_v3:6201-7400	1200	0.196835	77.1882	9.3128e-20	1	1	1
deletion	Pf3D7_09_v3:9401-10200	800	0.216799	568.939	6.59179e-16	1	1	1
deletion	Pf3D7_09_v3:17401-17800	400	0.268632	245090	0.0216983	1	1	1
deletion	Pf3D7_09_v3:22401-23000	600	0.142094	1073.84	2.86977e-18	1	1	1
deletion	Pf3D7_09_v3:24001-24400	400	0.149594	189921	1.04259e-06	1	1	1
deletion	Pf3D7_09_v3:29801-33200	3400	0.217397	0.000981796	1.09809e+09	0.0228304	3.81521e-42	1
deletion	Pf3D7_09_v3:40801-41800	1000	0.125747	29.687	4.92032e-27	1	1	1
deletion	Pf3D7_09_v3:42601-44000	1400	0.19856	17.2558	6.73758e-21	1	1	1
deletion	Pf3D7_09_v3:44401-44800	400	0.0638441	87866.9	5.35195e-12	1	1	1
deletion	Pf3D7_09_v3:47601-48800	1200	0.15057	6.06413	8.26428e-29	1	1	1
deletion	Pf3D7_09_v3:52001-55000	3000	0.299767	0.0270149	3.9945e-10	251.266	3.05825e-19	1
deletion	Pf3D7_09_v3:59201-61600	2400	0.243014	0.0113534	3.6902e-20	33640.5	2.03229e-13	1
deletion	Pf3D7_09_v3:64401-67200	2800	0.291682	0.00562511	1.54194e-26	3472.77	0.240381	1
deletion	Pf3D7_09_v3:68201-71600	3400	0.421641	0.0525797	3.35703e-16	885.545	0.155555	1
deletion	Pf3D7_09_v3:72001-73000	1000	0.050384	1.82728	9.42893e-42	1	1	1
deletion	Pf3D7_09_v3:1475001-1477600	2600	0.298998	0.117016	2.48456e-08	185011	331488	1
deletion	Pf3D7_09_v3:1485601-1496000	10400	0.243131	1.53243e-11	1.48989e-36	1.89729e-11	7.61703e-28	1
deletion	Pf3D7_09_v3:1503601-1504000	400	0.332939	105422	0.0169762	1	1	1
deletion	Pf3D7_09_v3:1506201-1506600	400	0.182728	6226.74	4.14235e-09	1	1	1
deletion	Pf3D7_09_v3:1531601-1533600	2000	0.225554	0.603408	2.43448e-09	1	1	1
deletion	Pf3D7_09_v3:1534201-1535800	1600	0.112594	0.0136681	7.70379e-48	1	1	1
deletion	Pf3D7_09_v3:1537401-1538800	1400	0.0944047	0.509467	1.52034e-37	1	1	1
deletion	Pf3D7_10_v3:801-7200	6400	0.228303	2.4902e-11	2.01214e-05	4.82826e-08	0.533212	1
deletion	Pf3D7_10_v3:9001-11000	2000	0.296441	4.24144	2.66445e-09	1	1	1
deletion	Pf3D7_10_v3:25601-26200	600	0.0338145	257.316	3.09476e-26	1	1	1
deletion	Pf3D7_10_v3:31001-31400	400	0.213465	349609	0.0306951	1	1	1
deletion	Pf3D7_10_v3:39001-43200	4200	0.275277	5.57878e-05	2.45185e+07	1.31847	17054.4	1
deletion	Pf3D7_10_v3:65201-68600	3400	0.121618	2.30757e-06	4.46153e-24	0.00246521	5.73665e-60	1
deletion	Pf3D7_10_v3:110201-111200	1000	0.139132	251.871	9.40704e-21	1	1	1
deletion	Pf3D7_10_v3:1395001-1396600	1600	0.0394644	0.00161374	8.7449e-64	1	1	1
deletion	Pf3D7_10_v3:1525201-1525600	400	0.126962	104466	3.33156e-09	1	1	1
deletion	Pf3D7_10_v3:1526201-1526600	400	0.0190883	935.042	3.1743e-16	1	1	1
deletion	Pf3D7_10_v3:1528001-1528800	800	0.100936	86.2688	8.61576e-27	1	1	1
deletion	Pf3D7_10_v3:1582201-1625200	43000	0.487296	3.70634e-12	2.871e+09	3.88713e-12	2.871e+09	1
deletion	Pf3D7_10_v3:1628401-1630000	1600	0.298739	46.8195	4.89992e-13	1	1	1
deletion	Pf3D7_10_v3:1633601-1634400	800	0.246966	4870.23	6.42925e-09	1	1	1
deletion	Pf3D7_10_v3:1635001-1635600	600	0.128358	4395.83	1.55875e-16	1	1	1
deletion	Pf3D7_10_v3:1651001-1651800	800	0.418447	3978.72	0.00371254	1	1	1
deletion	Pf3D7_10_v3:1652601-1654400	1800	0.379394	2.17935	0.000277264	1	1	1
deletion	Pf3D7_10_v3:1670201-1670600	400	0.329844	47682.9	0.00249496	1	1	1
deletion	Pf3D7_10_v3:1677801-1681400	3600	0.282256	0.00157426	78632.2	32.7947	50.1768	1
deletion	Pf3D7_10_v3:1684401-1685800	1400	0.104299	0.177921	8.84672e-40	1	1	1
deletion	Pf3D7_11_v3:1401-8600	7200	0.394893	1.65151e-05	2.871e+09	0.00350615	2.871e+09	1
deletion	Pf3D7_11_v3:9001-10200	1200	0.317662	766.912	9.05777e-06	1	1	1
deletion	Pf3D7_11_v3:18801-19200	400	0.268642	75256.9	7.33849e-05	1	1	1
deletion	Pf3D7_11_v3:30201-31200	1000	0.32736	365.423	1.68577e-09	1	1	1
deletion	Pf3D7_11_v3:40201-41400	1200	0.105908	40.8604	2.18197e-21	1	1	1
deletion	Pf3D7_11_v3:48601-93200	44600	0.485201	3.57337e-12	2.871e+09	3.74114e-12	2.871e+09	1
deletion	Pf3D7_11_v3:95201-96400	1200	0.269209	32.4017	3.98697e-20	1	1	1
deletion	Pf3D7_11_v3:105001-107600	2600	0.497568	4.40937	0.000140276	80425.7	20.6548	1
deletion	Pf3D7_11_v3:108401-109200	800	0.366314	5792.46	0.00354168	1	1	1
deletion	Pf3D7_11_v3:1920001-1921400	1400	0.242925	69.7819	5.70172e-15	1	1	1
deletion	Pf3D7_11_v3:1923401-1924000	600	0.176847	38911.1	1.76455e-05	1	1	1
deletion	Pf3D7_11_v3:2015201-2020600	5400	0.280004	9.46398e-06	2.8693e+09	1.89363e-05	3.74414e-13	1
deletion	Pf3D7_11_v3:2022001-2023400	1400	0.379223	624.921	9.70325e-05	1	1	1
deletion	Pf3D7_11_v3:2025601-2026000	400	0.0577168	54959.8	4.5447e-13	1	1	1
deletion	Pf3D7_11_v3:2031201-2031800	600	0.141962	7941.12	1.65202e-16	1	1	1
deletion	Pf3D7_12_v3:601-6000	5400	0.244848	2.47145e-07	3.79758e+06	0.0641546	4.4221e+07	1
deletion	Pf3D7_12_v3:7401-8200	800	0.247925	2044.71	2.26905e-09	1	1	1
deletion	Pf3D7_12_v3:26401-30000	3600	0.204288	0.000677276	2.56406e+09	0.0023323	5.79044e-54	1
deletion	Pf3D7_12_v3:38601-40000	1400	0.0622697	0.0439814	2.36098e-51	1	1	1
deletion	Pf3D7_12_v3:44601-49200	4600	0.271571	2.46858e-06	21.4223	0.0030508	8.35153e-30	1
deletion	Pf3D7_12_v3:49401-50200	800	0.0202922	13.1442	1.56311e-36	1	1	1
deletion	Pf3D7_12_v3:526801-527200	400	0.293036	152679	0.00525783	1	1	1
duplication	Pf3D7_12_v3:595601-598800	3200	1.34595	0.000178905	4.29998e-10	96.3124	2.32431	1
duplication	Pf3D7_12_v3:971201-976400	5200	2.76892	0	4.94297e-239	2.80697e-05	9.72414e-144	1
deletion	Pf3D7_12_v3:1578801-1579200	400	0.193156	343428	0.0080859	1	1	1
deletion	Pf3D7_12_v3:1705401-1708600	3200	0.303261	0.0340918	0.00812166	5510.47	134087	1
deletion	Pf3D7_12_v3:1709001-1710000	1000	0.360974	11896.2	0.00166133	1	1	1
deletion	Pf3D7_12_v3:1713401-1715800	2400	0.201177	0.0822042	9.30246e-09	18319.3	1.52751e-15	1
deletion	Pf3D7_12_v3:1716201-1718200	2000	0.109366	0.00045731	2.58894e-51	1	1	1
deletion	Pf3D7_12_v3:1723601-1724000	400	0.103412	52794.6	3.01211e-11	1	1	1
deletion	Pf3D7_12_v3:1724801-1725400	600	0.294962	19527.8	1.85029e-06	1	1	1
deletion	Pf3D7_12_v3:1726001-1727200	1200	0.271665	12.1885	1.21599e-16	1	1	1
deletion	Pf3D7_12_v3:1731401-1733800	2400	0.276803	0.126133	2.28605e-11	81155.2	2.65585e-09	1
deletion	Pf3D7_12_v3:2163601-2190600	27000	0.30925	5.90269e-12	2.871e+09	6.3749e-12	2.871e+09	1
deletion	Pf3D7_12_v3:2195201-2198200	3000	0.38762	0.0844771	2.1254e-13	3759.2	0.00164511	1
deletion	Pf3D7_12_v3:2202001-2203400	1400	0.342929	101.768	5.86959e-13	1	1	1
deletion	Pf3D7_12_v3:2211801-2212400	600	0.197666	25651.9	3.38945e-07	1	1	1
deletion	Pf3D7_12_v3:2219001-2219600	600	0.125568	11644	6.50779e-14	1	1	1
deletion	Pf3D7_12_v3:2222401-2225600	3200	0.210535	0.000524623	0.0846084	3.06374	1.9695e-33	1
deletion	Pf3D7_12_v3:2228001-2229400	1400	0.154045	6.94483	2.46607e-27	1	1	1
deletion	Pf3D7_12_v3:2231401-2238000	6600	0.320192	2.1269e-06	2.871e+09	0.189495	2.871e+09	1
deletion	Pf3D7_12_v3:2239401-2240400	1000	0.368984	2747.9	0.00176743	1	1	1
deletion	Pf3D7_12_v3:2248801-2250800	2000	0.259161	0.0637302	6.46179e-32	1	1	1
deletion	Pf3D7_12_v3:2265601-2269000	3400	0.21638	1.17941e-05	2.81308e-45	20.524	1.84643e-17	1
deletion	Pf3D7_12_v3:2271001-2271600	600	0.140664	16918.1	1.59942e-11	1	1	1
deletion	Pf3D7_13_v3:1201-12400	11200	0.298758	1.42297e-11	2.81729e+09	1.73231e-11	2.8268e+09	1
deletion	Pf3D7_13_v3:18201-19000	800	0.166731	217.97	3.58098e-24	1	1	1
deletion	Pf3D7_13_v3:22201-23800	1600	0.0747959	0.0318926	4.28011e-47	1	1	1
deletion	Pf3D7_13_v3:27801-33600	5800	0.363955	0.000334419	2.871e+09	1.28994	2.871e+09	1
deletion	Pf3D7_13_v3:49601-50200	600	0.169263	11171.4	1.11146e-11	1	1	1
deletion	Pf3D7_13_v3:64201-68600	4400	0.383763	3.66336e-06	5.56e-15	0.650245	0.000333958	1
deletion	Pf3D7_13_v3:873401-874200	800	0.333028	1750.92	5.24017e-10	1	1	1
deletion	Pf3D7_13_v3:2424601-2425000	400	0.070763	91759.4	1.25305e-11	1	1	1
deletion	Pf3D7_13_v3:2845601-2850400	4800	0.411908	5.08664e-08	5.16731e-31	0.00150649	2.59508e-20	1
deletion	Pf3D7_13_v3:2851201-2852400	1200	0.575008	104.783	0.0159302	1	1	1
deletion	Pf3D7_13_v3:2864201-2865200	1000	0.483227	1657.36	9.20315e-07	1	1	1
deletion	Pf3D7_13_v3:2865201-2871800	6600	0.371575	7.02929e-06	2.86842e+09	0.0747393	2.8692e+09	1
deletion	Pf3D7_13_v3:2873201-2874800	1600	0.303411	0.281338	3.89121e-26	1	1	1
deletion	Pf3D7_13_v3:2875201-2876200	1000	0.120039	237.233	3.66331e-17	1	1	1
deletion	Pf3D7_13_v3:2880001-2881800	1800	0.208175	0.0126205	6.66555e-34	1	1	1
deletion	Pf3D7_13_v3:2883001-2884600	1600	0.343942	11.3463	7.70614e-15	1	1	1
deletion	Pf3D7_13_v3:2892201-2893400	1200	0.391963	477.221	0.00295005	1	1	1
deletion	Pf3D7_13_v3:2895401-2895800	400	0.129916	44568.9	2.22508e-10	1	1	1
deletion	Pf3D7_13_v3:2902401-2903200	800	0.277077	115.14	5.93342e-17	1	1	1
deletion	Pf3D7_13_v3:2907601-2908000	400	0.355174	74777.6	0.0307238	1	1	1
deletion	Pf3D7_13_v3:2912601-2921200	8600	0.41819	0.000116342	2.871e+09	0.191458	2.871e+09	1
deletion	Pf3D7_14_v3:4801-10400	5600	0.475488	39.9526	2.871e+09	16759.7	2.871e+09	1
duplication	Pf3D7_14_v3:10401-16000	5600	0.345844	0.0249176	2.871e+09	2.29895e-07	2.90173e-24	1
deletion	Pf3D7_14_v3:17601-18600	1000	0.0977534	90.5125	6.44267e-26	1	1	1
deletion	Pf3D7_14_v3:20001-23800	3800	0.377279	0.00436855	64.6425	8.38795	1.23122e-18	1
deletion	Pf3D7_14_v3:32801-33600	800	0.0802396	69.0666	5.83241e-30	1	1	1
deletion	Pf3D7_14_v3:3256001-3259800	3800	0.384615	8.30493e-05	0.163239	69.4907	40275.4	1
deletion	Pf3D7_14_v3:3261001-3263200	2200	0.490035	4.66871	1.90083e-06	1	1	1
deletion	Pf3D7_14_v3:3264401-3269800	5400	0.379906	1.48453e-08	1.67304e-19	4.76582e-05	4.79445e-09	1
deletion	Pf3D7_14_v3:3273601-3275600	2000	0.201627	0.00144465	1.13445e-45	1	1	1
deletion	Pf3D7_14_v3:3276201-3276800	600	0.0341953	442.664	1.59599e-25	1	1	1
deletion	Pf3D7_14_v3:3277601-3278600	1000	0.108001	2.63093	6.38662e-36	1	1	1
deletion	Pf3D7_14_v3:3280001-3284000	4000	0.350112	6.20142e-05	7.66575e+07	72.5429	4.69131e+08	1
deletion	Pf3D7_14_v3:3286601-3287000	400	0.0832882	146576	7.17385e-10	1	1	1
