duplication	M76611:1-6000	6000	13.6506	0	0	0	0	1
duplication	PFC10_API_IRAB:1-26600	26600	1.95917	0	6.7801e-15	0	1.40591e-52	1
duplication	PFC10_API_IRAB:27001-34400	7400	2.05986	0	2.87089e+09	0	4.09215e-53	1
deletion	Pf3D7_01_v3:1-9200	9200	0.378917	1.89827e-07	2.871e+09	0.000102578	2.871e+09	1
deletion	Pf3D7_01_v3:36201-46200	10000	0.322482	1.59373e-11	2.85975e+09	1.23075e-07	2.862e+09	1
deletion	Pf3D7_01_v3:47001-48000	1000	0.0837178	17.0409	1.56722e-18	1	1	1
deletion	Pf3D7_01_v3:51401-52400	1000	0.328127	3433.68	0.00497222	1	1	1
deletion	Pf3D7_01_v3:53401-54200	800	0.23033	4229.69	3.94569e-06	1	1	1
deletion	Pf3D7_01_v3:55001-55800	800	0.117693	84.1216	1.1908e-14	1	1	1
deletion	Pf3D7_01_v3:57801-60000	2200	0.275157	0.703745	1.16084e-06	1	1	1
deletion	Pf3D7_01_v3:65801-82000	16200	0.498411	146.058	2.871e+09	922.835	2.871e+09	1
deletion	Pf3D7_01_v3:86001-87600	1600	0.43065	78.7686	0.000225189	1	1	1
deletion	Pf3D7_01_v3:88201-88800	600	0.122415	1055.73	7.20042e-10	1	1	1
deletion	Pf3D7_01_v3:514001-514600	600	0.00388847	24.305	4.70166e-16	1	1	1
deletion	Pf3D7_01_v3:594601-595200	600	0.127233	26205.4	0.00217011	1	1	1
deletion	Pf3D7_01_v3:596601-597400	800	0.152486	1357.95	2.48146e-10	1	1	1
deletion	Pf3D7_01_v3:603401-604400	1000	0.152882	3.09204	9.16708e-18	1	1	1
deletion	Pf3D7_01_v3:606601-607800	1200	0.169099	4.5575	2.9439e-18	1	1	1
deletion	Pf3D7_01_v3:621401-622600	1200	0.356381	73.5881	0.000768525	1	1	1
deletion	Pf3D7_01_v3:625401-626600	1200	0.32334	23.751	2.24992e-05	1	1	1
duplication	Pf3D7_01_v3:626801-640000	13200	2.1932	0.0191182	2.8708e+09	0.509766	2.87081e+09	1
deletion	Pf3D7_02_v3:1201-10800	9600	0.272787	1.66013e-11	4.90054e+08	1.17432e-09	7.08272e+08	1
deletion	Pf3D7_02_v3:31001-37200	6200	0.38864	0.0082401	2.871e+09	68.5105	2.871e+09	1
deletion	Pf3D7_02_v3:42401-43200	800	0.153448	212.037	1.66131e-13	1	1	1
deletion	Pf3D7_02_v3:58401-59800	1400	0.110766	3.38975	1.08595e-13	1	1	1
deletion	Pf3D7_02_v3:62601-105600	43000	0.18215	3.70634e-12	2.871e+09	3.88713e-12	2.871e+09	1
deletion	Pf3D7_02_v3:107401-107800	400	0.17364	22651.3	0.00432934	1	1	1
deletion	Pf3D7_02_v3:274001-274400	400	0.091502	162436	0.00381551	1	1	1
deletion	Pf3D7_02_v3:823201-823600	400	0.0844026	148712	0.00168964	1	1	1
deletion	Pf3D7_02_v3:875801-878400	2600	0.397353	0.00395151	1.51715e-18	3728.38	208.729	1
deletion	Pf3D7_02_v3:879801-881600	1800	0.244772	0.0532615	1.7892e-24	1	1	1
deletion	Pf3D7_02_v3:887201-889800	2600	0.134002	0.00014027	1.70192e-28	268.116	1.43551e-14	1
deletion	Pf3D7_02_v3:893201-896400	3200	0.172079	0.000157157	122.7	16.7593	1.46703e-15	1
deletion	Pf3D7_02_v3:897601-900000	2400	0.398397	1.00594	0.00293164	841668	1.67693e+07	1
deletion	Pf3D7_02_v3:906601-915000	8400	0.396316	1.40494e-07	2.87099e+09	0.00183237	2.87099e+09	1
deletion	Pf3D7_02_v3:919801-921200	1400	0.257282	528.237	0.0127696	1	1	1
deletion	Pf3D7_02_v3:924001-924600	600	0.254135	4012.68	0.000268305	1	1	1
deletion	Pf3D7_02_v3:926601-927000	400	0.193364	53192.2	0.0298599	1	1	1
deletion	Pf3D7_02_v3:936801-938000	1200	0.251601	10.9146	1.42062e-11	1	1	1
deletion	Pf3D7_02_v3:938201-940600	2400	0.232914	0.424058	0.0323732	5614.64	0.00986591	1
deletion	Pf3D7_02_v3:944001-946000	2000	0.0569565	1.73354e-05	5.32196e-43	1	1	1
deletion	Pf3D7_03_v3:8001-11800	3800	0.306266	0.0168734	2.53659e+09	28.54	3.12711e-05	1
deletion	Pf3D7_03_v3:36601-37000	400	0.0309672	34957.8	1.26155e-06	1	1	1
deletion	Pf3D7_03_v3:38601-39200	600	0.0175011	129.366	2.59073e-15	1	1	1
deletion	Pf3D7_03_v3:43201-59600	16400	0.359016	9.71784e-12	2.87064e+09	1.10675e-11	2.87068e+09	1
deletion	Pf3D7_03_v3:62201-62600	400	0.119483	174889	0.0227941	1	1	1
deletion	Pf3D7_03_v3:64201-64800	600	0.277014	35891	0.0295916	1	1	1
deletion	Pf3D7_03_v3:65201-65600	400	0.115592	51606.5	0.000391132	1	1	1
deletion	Pf3D7_03_v3:1003801-1005200	1400	0.219445	27.6383	1.83989e-11	1	1	1
deletion	Pf3D7_03_v3:1006401-1016800	10400	0.423193	3.06486e-11	2.26359e+09	9.74772e-07	2.36947e+09	1
deletion	Pf3D7_03_v3:1018201-1019400	1200	0.259612	398.871	0.0001144	1	1	1
deletion	Pf3D7_03_v3:1025401-1032400	7000	0.300181	3.16468e-09	2.65869e+09	0.000381692	2.7177e+09	1
deletion	Pf3D7_03_v3:1038001-1039200	1200	0.159051	15.93	8.92853e-17	1	1	1
deletion	Pf3D7_03_v3:1054201-1059600	5400	0.31269	7.19537e-08	1.3781e-12	0.00422396	0.000108421	1
deletion	Pf3D7_03_v3:1060201-1061400	1200	0.168346	66.8898	1.90191e-11	1	1	1
deletion	Pf3D7_04_v3:1-7200	7200	0.229788	2.21351e-11	2.26026e-05	3.06486e-11	9.74783e-24	1
deletion	Pf3D7_04_v3:7401-9000	1600	0.144581	0.0654248	8.49547e-27	1	1	1
deletion	Pf3D7_04_v3:18001-19000	1000	0.423722	90.661	0.00107663	1	1	1
deletion	Pf3D7_04_v3:58801-60000	1200	0.236085	6.95751	7.53287e-17	1	1	1
deletion	Pf3D7_04_v3:60601-61600	1000	0.315913	1268.75	0.00318365	1	1	1
deletion	Pf3D7_04_v3:63401-65200	1800	0.188916	0.00186651	1.15524e-30	1	1	1
deletion	Pf3D7_04_v3:74201-77600	3400	0.104749	3.12651e-08	4.81679e-17	0.107759	7.62052e-29	1
deletion	Pf3D7_04_v3:86001-86600	600	0.0866163	11226.5	4.87358e-07	1	1	1
deletion	Pf3D7_04_v3:546201-550600	4400	0.227625	0.0149357	2.871e+09	599.54	2.871e+09	1
deletion	Pf3D7_04_v3:552601-553400	800	0.192909	890.614	3.2866e-08	1	1	1
deletion	Pf3D7_04_v3:563001-563600	600	0.154394	1800.74	3.04521e-08	1	1	1
deletion	Pf3D7_04_v3:566801-567400	600	0.0647944	1322.14	1.79619e-12	1	1	1
deletion	Pf3D7_04_v3:570601-571400	800	0.124536	885.893	7.05882e-11	1	1	1
deletion	Pf3D7_04_v3:572001-595600	23600	0.386713	6.75307e-12	4.85475e+08	7.37836e-12	5.6439e+08	1
deletion	Pf3D7_04_v3:603001-604200	1200	0.239723	430.04	0.0058521	1	1	1
deletion	Pf3D7_04_v3:941801-962800	21000	0.443595	7.58917e-12	2.871e+09	8.38803e-12	2.871e+09	1
deletion	Pf3D7_04_v3:963201-964200	1000	0.085749	38.7172	3.86996e-16	1	1	1
deletion	Pf3D7_04_v3:966201-967800	1600	0.196214	0.00717287	6.31848e-26	1	1	1
deletion	Pf3D7_04_v3:1145401-1154800	9400	0.209061	1.69545e-11	2.30639e+09	1.93831e-10	2.41639e+09	1
deletion	Pf3D7_04_v3:1163601-1164000	400	0.157528	39098.7	0.00285453	1	1	1
deletion	Pf3D7_04_v3:1167601-1171000	3400	0.143164	8.3155e-08	3.31703e-25	0.000529866	1.35427e-37	1
deletion	Pf3D7_04_v3:1172001-1173200	1200	0.21506	31.2029	6.95577e-10	1	1	1
deletion	Pf3D7_04_v3:1176601-1181400	4800	0.236566	5.27855e-07	24.0807	0.24565	55823.9	1
deletion	Pf3D7_04_v3:1192401-1200600	8200	0.449162	0.0174888	2.871e+09	13.4334	2.871e+09	1
deletion	Pf3D7_05_v3:1-11800	11800	0.299064	1.35061e-11	1.98346e+09	1.62625e-11	2.11176e+09	1
deletion	Pf3D7_05_v3:17801-18800	1000	0.103776	92.8564	1.30434e-15	1	1	1
deletion	Pf3D7_05_v3:19201-24000	4800	0.271636	2.21234e-05	8.22703e+08	2.06831	1.38486e+09	1
deletion	Pf3D7_05_v3:32001-33000	1000	0.0940325	142.963	1.64074e-11	1	1	1
deletion	Pf3D7_05_v3:33801-36000	2200	0.354054	3.54336	5.89221e-05	1	1	1
duplication	Pf3D7_05_v3:888401-970200	81800	2.08842	0	4.03977e-258	0	1.3516e-251	1
deletion	Pf3D7_05_v3:1336601-1337200	600	0.0148267	158.036	4.20303e-15	1	1	1
deletion	Pf3D7_06_v3:5001-6000	1000	0.0318536	0.0318866	4.0342e-29	1	1	1
deletion	Pf3D7_06_v3:7401-48600	41200	0.602074	0.000209941	2.871e+09	0.00104392	2.871e+09	1
deletion	Pf3D7_06_v3:49001-52200	3200	0.4519	0.145773	0.00194251	1658.69	62917.9	1
deletion	Pf3D7_06_v3:57401-58400	1000	0.310165	302.993	4.09294e-07	1	1	1
deletion	Pf3D7_06_v3:726001-727400	1400	0.0394438	0.0197348	5.36424e-32	1	1	1
deletion	Pf3D7_06_v3:728401-729400	1000	0.148866	594.385	3.99783e-07	1	1	1
deletion	Pf3D7_06_v3:734201-740200	6000	0.104141	7.96863e-11	2.86794e+09	0.000568587	2.86896e+09	1
deletion	Pf3D7_06_v3:740601-741800	1200	0.045205	3.35662	1.10683e-20	1	1	1
deletion	Pf3D7_06_v3:1316401-1327600	11200	0.380036	1.42297e-11	2.66667e+09	1.73231e-11	2.70206e+09	1
deletion	Pf3D7_06_v3:1334001-1336400	2400	0.121755	0.00014478	6.27309e-28	62944.2	5.61051e-06	1
deletion	Pf3D7_06_v3:1341801-1342800	1000	0.243229	117.065	1.0496e-08	1	1	1
deletion	Pf3D7_06_v3:1349001-1354800	5800	0.441966	0.00280135	2.86835e+09	33.5098	2.86926e+09	1
deletion	Pf3D7_06_v3:1357801-1359200	1400	0.0237794	0.00397862	5.28043e-36	1	1	1
deletion	Pf3D7_06_v3:1366001-1368200	2200	0.240935	0.0669069	6.18265e-06	1	1	1
deletion	Pf3D7_06_v3:1368601-1372200	3600	0.325885	0.00600818	539264	277.544	6.33768e+07	1
deletion	Pf3D7_06_v3:1389601-1390200	600	0.156344	1754.54	1.33884e-08	1	1	1
deletion	Pf3D7_06_v3:1406201-1416600	10400	0.216618	1.53243e-11	1.67177e+08	1.89729e-11	2.88834e+08	1
deletion	Pf3D7_07_v3:1601-3800	2200	0.262497	0.487663	2.84358e-11	1	1	1
deletion	Pf3D7_07_v3:4201-10800	6600	0.354805	2.42014e-06	1.98416e+08	0.00697146	4.45893e+08	1
deletion	Pf3D7_07_v3:20401-21000	600	0.131784	630.669	9.54149e-10	1	1	1
deletion	Pf3D7_07_v3:24401-24800	400	0.0693811	44631.4	1.99699e-05	1	1	1
deletion	Pf3D7_07_v3:28001-29000	1000	0.376013	260.39	0.0026189	1	1	1
deletion	Pf3D7_07_v3:30001-34400	4400	0.151155	8.0201e-06	4.44726e+07	6.64052e-11	5.43655e-90	1
deletion	Pf3D7_07_v3:40401-73000	32600	0.364109	4.88873e-12	2.871e+09	5.20825e-12	2.871e+09	1
deletion	Pf3D7_07_v3:73801-75000	1200	0.124908	11.0765	7.65143e-15	1	1	1
deletion	Pf3D7_07_v3:522401-523200	800	0.205298	2701.91	2.27481e-06	1	1	1
deletion	Pf3D7_07_v3:537001-544600	7600	0.078551	2.09701e-11	4.97661e-51	2.84594e-11	2.65179e-35	1
deletion	Pf3D7_07_v3:545201-546000	800	0.107273	2587.07	1.81746e-06	1	1	1
duplication	Pf3D7_07_v3:558401-564800	6400	2.2569	0.00133763	2.871e+09	0.229439	6.62929e-11	1
deletion	Pf3D7_07_v3:568401-569000	600	0.237651	14102.5	0.0131998	1	1	1
deletion	Pf3D7_07_v3:577001-581200	4200	0.252003	4.1309e-06	0.00799872	12.2982	2543.36	1
deletion	Pf3D7_07_v3:593801-594400	600	0.134058	10943.1	8.17758e-07	1	1	1
deletion	Pf3D7_07_v3:595201-595600	400	0.151496	93549.4	0.0103165	1	1	1
deletion	Pf3D7_07_v3:809201-811800	2600	0.614595	0.00333885	0.000262685	1215.81	894.978	1
deletion	Pf3D7_07_v3:1329001-1329800	800	0.100126	113.866	1.82336e-15	1	1	1
deletion	Pf3D7_07_v3:1360401-1360800	400	0	14082.1	3.8695e-08	1	1	1
deletion	Pf3D7_07_v3:1392401-1393200	800	0.11049	937.512	6.90967e-10	1	1	1
deletion	Pf3D7_07_v3:1394001-1410600	16600	0.437842	1.77306e-06	2.871e+09	0.000869886	2.871e+09	1
duplication	Pf3D7_07_v3:1411401-1415000	3600	0.227062	0.000249133	1.22669e+08	566.642	7.07061e+08	1
deletion	Pf3D7_07_v3:1419801-1421200	1400	0.0218071	0.00531463	1.65726e-35	1	1	1
deletion	Pf3D7_07_v3:1437601-1445400	7800	0.268511	2.04324e-11	8.03336e+08	2.84975e-07	1.11359e+09	1
deletion	Pf3D7_08_v3:16401-16800	400	0.136752	64393.4	0.00193691	1	1	1
deletion	Pf3D7_08_v3:24801-25200	400	0.0273058	12772.5	4.12743e-07	1	1	1
deletion	Pf3D7_08_v3:31801-33200	1400	0.18745	127.096	3.32985e-05	1	1	1
deletion	Pf3D7_08_v3:42401-43400	1000	0.003724	0.000152078	1.00209e-32	1	1	1
deletion	Pf3D7_08_v3:53601-55000	1400	0.146829	0.0117068	1.82335e-28	1	1	1
deletion	Pf3D7_08_v3:60001-61400	1400	0.441735	16.2828	7.79457e-06	1	1	1
deletion	Pf3D7_08_v3:430801-431800	1000	0.260089	631.863	1.20556e-06	1	1	1
deletion	Pf3D7_08_v3:437801-438600	800	0.251728	1189.67	3.05607e-08	1	1	1
duplication	Pf3D7_08_v3:447801-456200	8400	2.35764	8.51725e-06	2.66898e+09	0.00631387	2.71575e+09	1
deletion	Pf3D7_08_v3:456201-459400	3200	0.204065	0.000340228	1.11768e-08	203.125	0.000109337	1
deletion	Pf3D7_08_v3:461201-461600	400	0.00980772	16001.1	1.47275e-07	1	1	1
deletion	Pf3D7_08_v3:1366001-1399000	33000	0.637668	18296.6	2.871e+09	23090.7	2.871e+09	1
deletion	Pf3D7_08_v3:1402001-1404600	2600	0.134788	0.0319635	938973	335468	4.50521e+08	1
deletion	Pf3D7_08_v3:1405001-1405800	800	0.0471504	31.8116	4.65876e-20	1	1	1
deletion	Pf3D7_08_v3:1407401-1412600	5200	0.17413	2.51318e-09	937649	0.0146284	2.05498e+07	1
deletion	Pf3D7_08_v3:1422801-1425800	3000	0.198584	8.24673e-06	2.59554e-35	361.209	8.57895e-09	1
deletion	Pf3D7_08_v3:1430401-1437800	7400	0.249971	2.15368e-11	1.45568e-33	2.95134e-11	1.92364e-31	1
deletion	Pf3D7_08_v3:1460401-1461200	800	0.364344	3183.04	0.0207138	1	1	1
deletion	Pf3D7_08_v3:1463601-1469400	5800	0.203995	2.7478e-10	0.000704788	5.23006e-06	0.217135	1
deletion	Pf3D7_09_v3:1-8200	8200	0.306076	0.0003146	2.871e+09	0.0128593	2.871e+09	1
deletion	Pf3D7_09_v3:9401-10200	800	0.19841	421.291	1.46126e-10	1	1	1
deletion	Pf3D7_09_v3:18601-19400	800	0.127984	521.68	2.02355e-11	1	1	1
deletion	Pf3D7_09_v3:22401-23000	600	0.234921	5081.78	3.15003e-05	1	1	1
deletion	Pf3D7_09_v3:26801-27400	600	0.140372	11018.6	1.83446e-06	1	1	1
deletion	Pf3D7_09_v3:29801-33400	3600	0.21802	7.42515e-05	117217	0.00263792	1.44535e-35	1
deletion	Pf3D7_09_v3:47601-48800	1200	0.155197	31.6096	5.10349e-11	1	1	1
deletion	Pf3D7_09_v3:52001-55000	3000	0.314856	0.0403906	0.00684515	404.435	1.75938e-09	1
deletion	Pf3D7_09_v3:59201-61600	2400	0.232629	0.0133883	6.53048e-13	24919.9	1.0382e-06	1
deletion	Pf3D7_09_v3:64401-67200	2800	0.262994	0.00600154	1.25532e-14	8050.58	608.069	1
deletion	Pf3D7_09_v3:72001-73000	1000	0.0373519	0.674176	1.90582e-26	1	1	1
deletion	Pf3D7_09_v3:1389201-1390200	1000	0.0777286	3.18876	1.44243e-22	1	1	1
deletion	Pf3D7_09_v3:1398401-1399000	600	0.0932182	653.927	2.08769e-11	1	1	1
deletion	Pf3D7_09_v3:1483201-1484000	800	0.33002	4382.67	0.00710167	1	1	1
deletion	Pf3D7_09_v3:1485601-1496000	10400	0.232848	1.53243e-11	1.23218e-35	1.89729e-11	4.19622e-27	1
deletion	Pf3D7_09_v3:1502801-1503200	400	0.140813	118301	0.0122787	1	1	1
deletion	Pf3D7_09_v3:1506201-1506600	400	0.103621	13051	5.31526e-05	1	1	1
deletion	Pf3D7_09_v3:1531601-1533600	2000	0.197399	0.321297	3.92631e-07	1	1	1
deletion	Pf3D7_09_v3:1534201-1535800	1600	0.131121	0.207747	1.11003e-21	1	1	1
deletion	Pf3D7_09_v3:1537401-1538800	1400	0.0572117	0.0501201	2.09666e-28	1	1	1
deletion	Pf3D7_10_v3:1-8400	8400	0.317095	3.79458e-11	2.80718e+09	2.4902e-11	6.15067e+08	1
deletion	Pf3D7_10_v3:9001-10800	1800	0.225856	0.474094	9.18649e-15	1	1	1
deletion	Pf3D7_10_v3:24401-25000	600	0.330524	3726.01	0.0262794	1	1	1
deletion	Pf3D7_10_v3:25601-26200	600	0.0192332	310.447	1.43316e-14	1	1	1
deletion	Pf3D7_10_v3:37401-43200	5800	0.322352	1.35849e-06	0.750682	0.0202571	1512.84	1
deletion	Pf3D7_10_v3:65801-68400	2600	0.0140045	6.12971e-11	8.56493e-83	150.415	2.67688e-15	1
deletion	Pf3D7_10_v3:110001-111200	1200	0.238845	634.557	0.010286	1	1	1
deletion	Pf3D7_10_v3:1395001-1396600	1600	0.040796	0.00296959	1.27707e-35	1	1	1
deletion	Pf3D7_10_v3:1523201-1524200	1000	0.111355	16.6831	5.71803e-21	1	1	1
deletion	Pf3D7_10_v3:1526201-1526600	400	0.01668	27402.4	3.70157e-07	1	1	1
deletion	Pf3D7_10_v3:1528001-1528800	800	0.133309	27.6862	9.53284e-15	1	1	1
deletion	Pf3D7_10_v3:1582801-1624800	42000	0.500107	3.79458e-12	2.871e+09	3.98431e-12	2.871e+09	1
deletion	Pf3D7_10_v3:1632001-1632400	400	0.118352	53812.5	0.00049222	1	1	1
deletion	Pf3D7_10_v3:1642801-1643400	600	0.262423	11019.5	0.00220758	1	1	1
deletion	Pf3D7_10_v3:1646801-1647200	400	0.206962	32595	0.0352256	1	1	1
deletion	Pf3D7_10_v3:1652601-1654400	1800	0.312493	0.129547	2.8049e-09	1	1	1
deletion	Pf3D7_10_v3:1677401-1684200	6800	0.313999	1.8281e-08	2.50465e+09	0.00117386	2.60726e+09	1
deletion	Pf3D7_11_v3:2001-4000	2000	0.172551	0.0908783	2.68159e-14	1	1	1
deletion	Pf3D7_11_v3:4001-8600	4600	0.403427	0.193958	2.871e+09	415.225	2.871e+09	1
deletion	Pf3D7_11_v3:27401-27800	400	0.103423	185941	0.0145496	1	1	1
deletion	Pf3D7_11_v3:30201-31200	1000	0.35422	532.523	0.000218499	1	1	1
deletion	Pf3D7_11_v3:40201-41400	1200	0.129098	68.448	9.75538e-10	1	1	1
deletion	Pf3D7_11_v3:48601-52200	3600	0.020048	4.42701e-11	2.96069e-105	9.96078e-11	3.79945e-57	1
deletion	Pf3D7_11_v3:56601-93200	36600	0.499554	4.35444e-12	2.871e+09	4.60614e-12	2.871e+09	1
deletion	Pf3D7_11_v3:95201-96400	1200	0.239761	36.8774	5.73772e-14	1	1	1
deletion	Pf3D7_11_v3:103001-107600	4600	0.538845	0.049094	42495.8	157.12	5.34823e+06	1
deletion	Pf3D7_11_v3:1920001-1921400	1400	0.257562	141.94	0.000308975	1	1	1
deletion	Pf3D7_11_v3:2015201-2020600	5400	0.300937	0.00215003	2.871e+09	8.4392e-06	8.79896e-07	1
deletion	Pf3D7_11_v3:2031201-2031800	600	0.113951	3309.06	1.01036e-09	1	1	1
deletion	Pf3D7_12_v3:201-4200	4000	0.307526	0.0295586	5.63211e+08	194.931	1.2716e+09	1
deletion	Pf3D7_12_v3:17801-18600	800	0.158267	177.576	1.92293e-11	1	1	1
deletion	Pf3D7_12_v3:26401-27000	600	0.0159832	420.698	1.78691e-14	1	1	1
deletion	Pf3D7_12_v3:27201-30000	2800	0.165124	4.42259e-08	5.63108e-46	77.675	4.44562e-12	1
deletion	Pf3D7_12_v3:33401-35000	1600	0.0704493	0.0014462	1.43005e-39	1	1	1
deletion	Pf3D7_12_v3:37401-37800	400	0.0578276	99092.4	7.13452e-05	1	1	1
deletion	Pf3D7_12_v3:38601-40000	1400	0.0634999	0.0491344	1.05127e-34	1	1	1
deletion	Pf3D7_12_v3:44601-49200	4600	0.296372	6.68581e-05	34.1409	0.0645316	112.553	1
deletion	Pf3D7_12_v3:49401-50200	800	0.03233	69.8317	2.79936e-18	1	1	1
duplication	Pf3D7_12_v3:589201-621800	32600	2.99926	0	0	0	0	1
duplication	Pf3D7_12_v3:971201-978400	7200	2.45909	5.52637e-06	13246.8	0.00120824	402078	1
deletion	Pf3D7_12_v3:1695401-1696400	1000	0.249991	1706.89	0.00427516	1	1	1
deletion	Pf3D7_12_v3:1705401-1706000	600	0.0344174	1100.26	5.79304e-13	1	1	1
deletion	Pf3D7_12_v3:1707001-1708600	1600	0.199876	3.79077	1.02888e-08	1	1	1
deletion	Pf3D7_12_v3:1713401-1715800	2400	0.225332	0.325609	9.18454e-05	18133.1	2.7306e-07	1
deletion	Pf3D7_12_v3:1716001-1718200	2200	0.145344	0.00624124	4.50999e-13	1	1	1
deletion	Pf3D7_12_v3:1720601-1721600	1000	0.15618	220.172	9.34306e-09	1	1	1
deletion	Pf3D7_12_v3:1726001-1727200	1200	0.288393	119.35	0.000639887	1	1	1
deletion	Pf3D7_12_v3:1731401-1733800	2400	0.243321	0.0290259	5.20475e-15	38229.9	0.000210294	1
deletion	Pf3D7_12_v3:2163601-2190400	26800	0.310121	5.94674e-12	2.871e+09	6.42631e-12	2.871e+09	1
deletion	Pf3D7_12_v3:2195201-2198800	3600	0.438289	0.0304833	5.09092e-07	123.18	0.0584728	1
deletion	Pf3D7_12_v3:2202001-2203400	1400	0.36187	73.2938	0.000425305	1	1	1
deletion	Pf3D7_12_v3:2219201-2219600	400	0.0680892	117930	0.00024745	1	1	1
deletion	Pf3D7_12_v3:2222401-2225600	3200	0.198767	0.00146086	8662.42	14.9835	8.73739e-15	1
deletion	Pf3D7_12_v3:2226601-2227000	400	0.0634675	39566.9	1.15652e-05	1	1	1
deletion	Pf3D7_12_v3:2228001-2229400	1400	0.148251	13.5669	9.45182e-11	1	1	1
deletion	Pf3D7_12_v3:2231401-2235200	3800	0.223374	0.000176793	3.28676e+07	453.807	3.45531e+08	1
deletion	Pf3D7_12_v3:2248801-2250800	2000	0.241813	0.0478701	2.92996e-20	1	1	1
deletion	Pf3D7_12_v3:2260401-2261000	600	0.211121	6416.68	7.51832e-05	1	1	1
deletion	Pf3D7_12_v3:2265201-2269800	4600	0.277597	1.0775e-06	0.000234089	0.00233385	1.50764e-15	1
deletion	Pf3D7_13_v3:801-12400	11600	0.275806	1.3739e-11	2.82824e+09	1.66013e-11	2.83557e+09	1
deletion	Pf3D7_13_v3:18201-19000	800	0.138896	484.013	1.35136e-12	1	1	1
deletion	Pf3D7_13_v3:20401-21600	1200	0.157022	18.9734	2.19853e-15	1	1	1
deletion	Pf3D7_13_v3:22201-23800	1600	0.0551599	0.00588805	1.36219e-32	1	1	1
deletion	Pf3D7_13_v3:27601-30800	3200	0.300409	0.00340744	3.05247e-06	511.634	89.071	1
deletion	Pf3D7_13_v3:38601-39000	400	0.0708606	105865	0.000190119	1	1	1
deletion	Pf3D7_13_v3:60801-68600	7800	0.45015	5.29198e-08	2.62653e+09	0.000134727	2.68716e+09	1
deletion	Pf3D7_13_v3:2424601-2425000	400	0.063233	82725.2	5.43459e-05	1	1	1
deletion	Pf3D7_13_v3:2673601-2674400	800	0.0714491	0.327095	1.34914e-20	1	1	1
deletion	Pf3D7_13_v3:2845601-2849400	3800	0.379336	0.000336789	0.000139551	10.5911	0.0942843	1
deletion	Pf3D7_13_v3:2864201-2871800	7600	0.4021	3.54604e-07	2.84181e+09	0.00569923	2.84946e+09	1
deletion	Pf3D7_13_v3:2880001-2881800	1800	0.165389	0.0177979	7.14206e-20	1	1	1
deletion	Pf3D7_13_v3:2883001-2884800	1800	0.347261	2.54256	8.86437e-09	1	1	1
deletion	Pf3D7_13_v3:2895201-2895800	600	0.176322	13538.9	0.000286052	1	1	1
deletion	Pf3D7_13_v3:2902401-2903200	800	0.232846	10.1562	4.2369e-11	1	1	1
deletion	Pf3D7_13_v3:2912601-2921200	8600	0.384103	1.63214e-05	2.871e+09	0.0592507	2.871e+09	1
deletion	Pf3D7_14_v3:4801-24200	19400	0.47635	6.62135e-08	2.871e+09	1.47483e-05	2.871e+09	1
deletion	Pf3D7_14_v3:3257401-3259800	2400	0.370593	0.226755	2.17886e-09	442757	1344.39	1
deletion	Pf3D7_14_v3:3260801-3263400	2600	0.514069	1.09047	0.00121966	76914.8	5800.95	1
deletion	Pf3D7_14_v3:3264401-3269800	5400	0.386191	2.42866e-07	6.29381e-10	8.51064e-05	2.86942e-05	1
deletion	Pf3D7_14_v3:3276201-3277000	800	0.0645839	282.561	2.19149e-14	1	1	1
deletion	Pf3D7_14_v3:3280401-3284000	3600	0.410877	0.00724022	1.02627e+08	1315.17	6.53167e+08	1
deletion	Pf3D7_14_v3:3286601-3287000	400	0.0595794	102280	8.83922e-05	1	1	1
