duplication	M76611:1-6000	6000	16.1581	0	0	0	0	1
duplication	PFC10_API_IRAB:1-34400	34400	2.7766	0	2.87045e+09	0	0	1
deletion	Pf3D7_01_v3:1-9200	9200	0.354147	4.14022e-09	2.871e+09	6.77694e-06	2.871e+09	1
deletion	Pf3D7_01_v3:36201-48000	11800	0.329339	1.35061e-11	2.86377e+09	9.107e-10	2.865e+09	1
deletion	Pf3D7_01_v3:55001-55800	800	0.174134	967.292	1.05822e-09	1	1	1
deletion	Pf3D7_01_v3:65001-65600	600	0.166222	15500.6	2.12252e-07	1	1	1
deletion	Pf3D7_01_v3:65801-79800	14000	0.482654	313.213	2.871e+09	2181.39	2.871e+09	1
deletion	Pf3D7_01_v3:80401-82000	1600	0.250879	0.356921	2.90395e-24	1	1	1
deletion	Pf3D7_01_v3:83001-84800	1800	0.559635	12.2456	0.0208092	1	1	1
deletion	Pf3D7_01_v3:88201-88800	600	0.118561	1015.9	3.89083e-12	1	1	1
deletion	Pf3D7_01_v3:514001-514600	600	0.00680534	74.8809	8.49587e-19	1	1	1
deletion	Pf3D7_01_v3:546801-547800	1000	0.342039	964.91	3.77223e-05	1	1	1
deletion	Pf3D7_01_v3:580201-581000	800	0.392189	2056.97	0.00088543	1	1	1
deletion	Pf3D7_01_v3:603401-604400	1000	0.159289	29.6133	1.73821e-17	1	1	1
deletion	Pf3D7_01_v3:606401-608000	1600	0.231692	3.0255	4.01426e-13	1	1	1
deletion	Pf3D7_01_v3:621401-622600	1200	0.338018	27.8638	2.04979e-11	1	1	1
deletion	Pf3D7_01_v3:623401-624000	600	0.0991548	4305.62	4.27764e-11	1	1	1
deletion	Pf3D7_02_v3:1201-10800	9600	0.288956	1.66013e-11	2.7967e+09	3.62782e-09	2.81202e+09	1
deletion	Pf3D7_02_v3:31001-37200	6200	0.427924	0.137127	2.871e+09	471.152	2.871e+09	1
deletion	Pf3D7_02_v3:42401-43200	800	0.128942	82.9282	2.67546e-18	1	1	1
deletion	Pf3D7_02_v3:51801-55000	3200	0.463875	0.127609	0.000745946	3699.47	7494.28	1
deletion	Pf3D7_02_v3:58401-59800	1400	0.127134	7.2476	4.34985e-12	1	1	1
deletion	Pf3D7_02_v3:60201-105600	45400	0.197764	3.51041e-12	2.871e+09	3.67218e-12	2.871e+09	1
deletion	Pf3D7_02_v3:111001-111800	800	0.383642	3230.23	0.0117569	1	1	1
deletion	Pf3D7_02_v3:274001-274400	400	0.110332	199835	0.00142236	1	1	1
deletion	Pf3D7_02_v3:823201-823600	400	0.0999519	168513	0.000264626	1	1	1
deletion	Pf3D7_02_v3:875801-878400	2600	0.403436	0.00190965	3.61723e-22	4103.63	212.492	1
deletion	Pf3D7_02_v3:879801-881800	2000	0.314386	0.221903	5.32742e-12	1	1	1
deletion	Pf3D7_02_v3:887201-890000	2800	0.190428	0.045719	9.04946e+06	2.49945	3.31034e-26	1
deletion	Pf3D7_02_v3:893201-915000	21800	0.559425	6.81742e-07	2.871e+09	0.000131931	2.871e+09	1
deletion	Pf3D7_02_v3:924001-924600	600	0.316256	6923.9	0.00490128	1	1	1
deletion	Pf3D7_02_v3:936801-940600	3800	0.285352	0.000127701	0.011819	11.8557	11612.4	1
deletion	Pf3D7_02_v3:944001-946400	2400	0.157041	0.00706731	1.16209e-16	32224.7	5.31138e-09	1
deletion	Pf3D7_03_v3:35201-36200	1000	0.396092	1100.87	0.0105247	1	1	1
deletion	Pf3D7_03_v3:36601-37000	400	0.0297426	49514.5	2.43943e-08	1	1	1
deletion	Pf3D7_03_v3:38601-39200	600	0.0208303	721.507	9.92564e-17	1	1	1
deletion	Pf3D7_03_v3:42001-42400	400	0.0749078	10508.1	1.17396e-07	1	1	1
deletion	Pf3D7_03_v3:43201-59600	16400	0.367024	9.71784e-12	2.87096e+09	1.10675e-11	2.87097e+09	1
deletion	Pf3D7_03_v3:65201-65600	400	0.0845793	14354.7	2.74469e-07	1	1	1
deletion	Pf3D7_03_v3:1003801-1005200	1400	0.228747	32.2593	1.18706e-13	1	1	1
deletion	Pf3D7_03_v3:1007601-1010600	3000	0.410409	0.144863	1.39842e-06	1991.48	13950.2	1
deletion	Pf3D7_03_v3:1012001-1016800	4800	0.252817	1.99216e-10	3.92227e-28	0.00389525	8.98968e-13	1
deletion	Pf3D7_03_v3:1025401-1032400	7000	0.312886	1.04503e-08	2.00067e+09	0.000970183	2.21816e+09	1
deletion	Pf3D7_03_v3:1035801-1036200	400	0.101869	182845	0.000491965	1	1	1
deletion	Pf3D7_03_v3:1038001-1039200	1200	0.173559	26.5884	1.46279e-17	1	1	1
deletion	Pf3D7_03_v3:1053401-1059600	6200	0.38487	7.53927e-06	2.3081e+09	0.000843459	632.581	1
deletion	Pf3D7_03_v3:1060401-1061400	1000	0.144445	141.058	6.61431e-17	1	1	1
deletion	Pf3D7_03_v3:1061801-1063200	1400	0.226717	22.2275	6.53805e-11	1	1	1
deletion	Pf3D7_04_v3:1-7200	7200	0.228777	2.21351e-11	0.00570057	3.06486e-11	6.52646e-21	1
deletion	Pf3D7_04_v3:7601-9000	1400	0.139174	1.88824	6.50852e-20	1	1	1
deletion	Pf3D7_04_v3:18001-19000	1000	0.415905	54.0476	6.36448e-07	1	1	1
deletion	Pf3D7_04_v3:28001-28600	600	0.068709	760.698	4.896e-15	1	1	1
deletion	Pf3D7_04_v3:39801-40800	1000	0.364584	328.4	0.00531564	1	1	1
deletion	Pf3D7_04_v3:58801-60000	1200	0.258963	13.698	2.98171e-15	1	1	1
deletion	Pf3D7_04_v3:60601-61600	1000	0.279803	217.09	4.57998e-10	1	1	1
deletion	Pf3D7_04_v3:63401-65200	1800	0.185976	0.00249741	1.2489e-35	1	1	1
deletion	Pf3D7_04_v3:66001-67600	1600	0.233063	8.05127	2.20827e-12	1	1	1
deletion	Pf3D7_04_v3:74201-77400	3200	0.0682151	4.98039e-11	5.42658e-90	1.43792	2.73349e-28	1
deletion	Pf3D7_04_v3:84401-84800	400	0.0656197	4932.77	4.73312e-08	1	1	1
deletion	Pf3D7_04_v3:86001-86600	600	0.0984741	6616.12	2.62166e-10	1	1	1
deletion	Pf3D7_04_v3:116401-117000	600	0.246708	26818	0.0213248	1	1	1
deletion	Pf3D7_04_v3:546201-548800	2600	0.188062	0.00654787	0.000106593	177475	2.28419e+06	1
deletion	Pf3D7_04_v3:549001-550600	1600	0.126422	2.40535	2.99099e-09	1	1	1
deletion	Pf3D7_04_v3:558401-559400	1000	0.149791	430.081	1.76382e-09	1	1	1
deletion	Pf3D7_04_v3:563001-563600	600	0.118357	96.2319	1.02223e-13	1	1	1
deletion	Pf3D7_04_v3:571801-592600	20800	0.365413	7.66214e-12	2.437e+09	8.47726e-12	2.47571e+09	1
deletion	Pf3D7_04_v3:593201-595600	2400	0.408466	2.13568	5.68946e-06	295507	0.283254	1
deletion	Pf3D7_04_v3:603001-604200	1200	0.259445	648.751	0.0306599	1	1	1
deletion	Pf3D7_04_v3:941801-947200	5400	0.217582	4.3975e-09	0.0550622	0.0103183	513.073	1
deletion	Pf3D7_04_v3:950401-951400	1000	0.268155	1383.03	4.82399e-07	1	1	1
deletion	Pf3D7_04_v3:954001-964200	10200	0.347812	3.12495e-11	2.87026e+09	1.76616e-06	2.8704e+09	1
deletion	Pf3D7_04_v3:966201-967600	1400	0.208492	0.0430235	1.08293e-27	1	1	1
deletion	Pf3D7_04_v3:973401-974400	1000	0.118688	151.091	7.09747e-14	1	1	1
deletion	Pf3D7_04_v3:975201-975600	400	0.130019	182725	0.0023272	1	1	1
deletion	Pf3D7_04_v3:976801-978200	1400	0.276523	144.016	8.76537e-07	1	1	1
deletion	Pf3D7_04_v3:979601-981000	1400	0.321862	297.915	0.00670701	1	1	1
deletion	Pf3D7_04_v3:1120601-1121000	400	0.207522	117899	0.021263	1	1	1
deletion	Pf3D7_04_v3:1145401-1154800	9400	0.198235	1.69545e-11	1.23819e+09	2.15368e-11	1.48081e+09	1
deletion	Pf3D7_04_v3:1167601-1171000	3400	0.164916	3.44573e-07	3.11301e-18	9.03237e-05	7.39503e-45	1
deletion	Pf3D7_04_v3:1172001-1173200	1200	0.214138	14.2427	2.85904e-15	1	1	1
deletion	Pf3D7_04_v3:1176601-1181400	4800	0.24348	1.59074e-06	6.63283e+06	1.18407	8.32092e+07	1
deletion	Pf3D7_04_v3:1192201-1200600	8400	0.474079	0.117662	2.871e+09	50.351	2.871e+09	1
deletion	Pf3D7_05_v3:1-12000	12000	0.30611	1.3281e-11	1.68845e+07	1.59373e-11	3.97417e+07	1
deletion	Pf3D7_05_v3:17801-18400	600	0.185538	14165.4	1.80253e-07	1	1	1
deletion	Pf3D7_05_v3:19001-24000	5000	0.290908	1.03884e-05	677808	0.0839027	1.91371e+07	1
deletion	Pf3D7_05_v3:27001-27800	800	0.223534	2003.36	1.27804e-05	1	1	1
deletion	Pf3D7_05_v3:32001-33000	1000	0.10918	252.134	2.08695e-11	1	1	1
duplication	Pf3D7_05_v3:882201-970000	87800	2.10824	0	2.71513e-25	0	1.61745e-24	1
deletion	Pf3D7_05_v3:1291801-1292600	800	0.232869	1614.55	2.77842e-09	1	1	1
deletion	Pf3D7_05_v3:1336601-1337200	600	0.0030933	15.3565	2.33103e-19	1	1	1
deletion	Pf3D7_05_v3:1338001-1338400	400	0.249687	38082.8	0.0238673	1	1	1
deletion	Pf3D7_06_v3:5001-6000	1000	0.0535347	2.09373	9.43847e-28	1	1	1
deletion	Pf3D7_06_v3:7401-52200	44800	0.599173	1.38208e-05	2.871e+09	0.000213406	2.871e+09	1
deletion	Pf3D7_06_v3:726001-727400	1400	0.0558904	0.00812885	4.73028e-39	1	1	1
deletion	Pf3D7_06_v3:734201-740200	6000	0.113734	1.06248e-10	2.8697e+09	0.000518137	2.87013e+09	1
deletion	Pf3D7_06_v3:740601-742000	1400	0.139755	47.9448	3.78954e-06	1	1	1
deletion	Pf3D7_06_v3:1295001-1296200	1200	0.335976	1575.27	0.0434114	1	1	1
deletion	Pf3D7_06_v3:1315401-1340000	24600	0.635026	0.00665003	2.871e+09	0.109863	2.871e+09	1
deletion	Pf3D7_06_v3:1348401-1351800	3400	0.359451	0.0241976	0.846361	68.7611	2.50715e-08	1
deletion	Pf3D7_06_v3:1357801-1359200	1400	0.0256313	0.00551156	9.201e-41	1	1	1
deletion	Pf3D7_06_v3:1360801-1361800	1000	0.230298	1551.62	7.16696e-06	1	1	1
deletion	Pf3D7_06_v3:1362001-1362600	600	0.0508236	1207.15	1.40641e-15	1	1	1
deletion	Pf3D7_06_v3:1366001-1368200	2200	0.285068	0.408193	9.51068e-08	1	1	1
deletion	Pf3D7_06_v3:1375401-1376000	600	0.244496	5034.53	2.4443e-06	1	1	1
deletion	Pf3D7_06_v3:1389601-1390200	600	0.161611	787.325	1.18169e-10	1	1	1
deletion	Pf3D7_06_v3:1406201-1416600	10400	0.230427	1.53243e-11	2.82903e+09	1.89729e-11	2.83705e+09	1
deletion	Pf3D7_07_v3:1601-3400	1800	0.177713	0.726598	2.59082e-10	1	1	1
deletion	Pf3D7_07_v3:4001-7600	3600	0.304307	0.020158	4.92845e+07	39.6857	0.0010137	1
deletion	Pf3D7_07_v3:18401-19000	600	0.145787	8209.93	4.44693e-10	1	1	1
deletion	Pf3D7_07_v3:20401-21000	600	0.118545	2809.07	3.56676e-11	1	1	1
deletion	Pf3D7_07_v3:28001-29000	1000	0.373403	739.794	0.000181259	1	1	1
deletion	Pf3D7_07_v3:30801-35000	4200	0.0943066	1.54819e-08	7.7989e-05	7.24421e-11	1.51481e-90	1
deletion	Pf3D7_07_v3:43001-44400	1400	0.270145	126.949	6.86012e-06	1	1	1
deletion	Pf3D7_07_v3:45201-69000	23800	0.328963	6.69632e-12	2.871e+09	7.31067e-12	2.871e+09	1
deletion	Pf3D7_07_v3:73801-75000	1200	0.120937	16.5051	2.01894e-15	1	1	1
deletion	Pf3D7_07_v3:511001-512400	1400	0.146663	1.40206	9.53224e-23	1	1	1
deletion	Pf3D7_07_v3:522401-523200	800	0.231917	4250.85	2.2178e-07	1	1	1
deletion	Pf3D7_07_v3:537001-546000	9000	0.148234	1.77081e-11	1.62882e+09	2.27675e-11	1.84746e+09	1
deletion	Pf3D7_07_v3:549601-550200	600	0.36075	6191.47	0.00607578	1	1	1
deletion	Pf3D7_07_v3:553201-554600	1400	0.46702	33.6414	0.00095602	1	1	1
duplication	Pf3D7_07_v3:558601-564800	6200	2.4105	0.000415922	2.871e+09	0.0487863	5.03745e-67	1
deletion	Pf3D7_07_v3:577001-581000	4000	0.230236	5.29882e-06	1.45538e-07	30.1397	20.4411	1
deletion	Pf3D7_07_v3:593801-594400	600	0.168827	14766.9	5.68362e-08	1	1	1
deletion	Pf3D7_07_v3:595201-595600	400	0.111007	52805.5	7.49713e-06	1	1	1
deletion	Pf3D7_07_v3:1081001-1081600	600	0.286152	19421.8	0.000915073	1	1	1
deletion	Pf3D7_07_v3:1329001-1329800	800	0.153493	578.623	1.252e-12	1	1	1
deletion	Pf3D7_07_v3:1360401-1360800	400	0	11679.2	2.60577e-10	1	1	1
deletion	Pf3D7_07_v3:1387601-1389800	2200	0.396068	0.379491	4.50158e-14	1	1	1
deletion	Pf3D7_07_v3:1392401-1393200	800	0.123693	1426.45	4.88806e-10	1	1	1
deletion	Pf3D7_07_v3:1394001-1407200	13200	0.437648	0.00238362	2.871e+09	0.926879	2.871e+09	1
deletion	Pf3D7_07_v3:1409401-1410600	1200	0.195488	213.87	6.4972e-06	1	1	1
deletion	Pf3D7_07_v3:1411401-1415000	3600	0.252205	0.000500021	1.21685e+08	487.154	7.04533e+08	1
deletion	Pf3D7_07_v3:1419801-1421200	1400	0.0289055	0.0299549	4.38261e-36	1	1	1
deletion	Pf3D7_07_v3:1440401-1445400	5000	0.272449	3.31725e-05	2.27311e+09	0.000565194	1.07524e-05	1
deletion	Pf3D7_08_v3:22801-23600	800	0.161027	506.633	8.7252e-16	1	1	1
deletion	Pf3D7_08_v3:31801-33200	1400	0.173086	74.4543	1.07787e-07	1	1	1
deletion	Pf3D7_08_v3:42401-43400	1000	0.016878	0.028293	7.89121e-35	1	1	1
deletion	Pf3D7_08_v3:52801-53200	400	0.0443861	75009.5	2.0686e-07	1	1	1
deletion	Pf3D7_08_v3:53601-55000	1400	0.157408	0.0628964	3.52907e-29	1	1	1
deletion	Pf3D7_08_v3:60001-61400	1400	0.435544	15.3466	5.83894e-06	1	1	1
deletion	Pf3D7_08_v3:437801-438600	800	0.273244	5013.68	1.09864e-05	1	1	1
deletion	Pf3D7_08_v3:439601-440400	800	0.291723	5190.48	0.00118	1	1	1
deletion	Pf3D7_08_v3:443201-443600	400	0.122081	201937	0.00288076	1	1	1
duplication	Pf3D7_08_v3:447801-456200	8400	2.46673	1.19465e-05	2.82402e+09	0.00585532	2.83513e+09	1
deletion	Pf3D7_08_v3:456201-458800	2600	0.140981	6.8416e-05	2.54057e-34	42301.5	0.333198	1
deletion	Pf3D7_08_v3:463601-464000	400	0.123351	75415.7	3.81508e-05	1	1	1
deletion	Pf3D7_08_v3:1366001-1399000	33000	0.570802	11519.8	2.871e+09	15500.1	2.871e+09	1
deletion	Pf3D7_08_v3:1399601-1400200	600	0.294049	2465.4	2.97623e-05	1	1	1
deletion	Pf3D7_08_v3:1405001-1405800	800	0.0741123	65.0378	1.10546e-20	1	1	1
deletion	Pf3D7_08_v3:1407001-1411000	4000	0.176016	0.000276978	2.45982e+09	3.79012e-06	3.68628e-57	1
deletion	Pf3D7_08_v3:1411401-1412600	1200	0.227712	145.712	2.70332e-11	1	1	1
deletion	Pf3D7_08_v3:1422801-1425800	3000	0.219195	6.54717e-05	4.45852e-31	412.972	8.02568e-10	1
deletion	Pf3D7_08_v3:1426201-1426800	600	0.0417277	1551.16	5.6584e-15	1	1	1
deletion	Pf3D7_08_v3:1430401-1437800	7400	0.246527	2.15368e-11	1.90326e-57	2.95134e-11	1.46416e-39	1
deletion	Pf3D7_08_v3:1463601-1469400	5800	0.219635	1.95094e-08	6873.17	0.000693583	596197	1
deletion	Pf3D7_09_v3:1-5800	5800	0.190593	2.7478e-11	8.97431e-45	1.38067e-07	2.52937e-26	1
deletion	Pf3D7_09_v3:6201-7400	1200	0.199788	264.778	1.15328e-09	1	1	1
deletion	Pf3D7_09_v3:9401-10200	800	0.193397	236.571	3.04412e-13	1	1	1
deletion	Pf3D7_09_v3:22401-23000	600	0.169397	1472.96	2.28063e-10	1	1	1
deletion	Pf3D7_09_v3:29801-32400	2600	0.126566	1.8855e-07	8.40312e-47	4126.12	1.56085e-09	1
deletion	Pf3D7_09_v3:40801-41800	1000	0.100579	0.735112	1.06317e-26	1	1	1
deletion	Pf3D7_09_v3:47601-48800	1200	0.169892	68.4945	2.37916e-08	1	1	1
deletion	Pf3D7_09_v3:49801-51000	1200	0.380794	704.822	0.0118347	1	1	1
deletion	Pf3D7_09_v3:52001-55000	3000	0.320072	0.0496281	2.5347e-05	220.683	4.42299e-13	1
deletion	Pf3D7_09_v3:59201-61600	2400	0.251067	0.0317028	2.17126e-10	61493.3	2.02329e-07	1
deletion	Pf3D7_09_v3:64401-67200	2800	0.286224	0.00640885	3.10544e-17	10577.1	109.446	1
deletion	Pf3D7_09_v3:68201-71000	2800	0.471194	0.772863	9.75421e-07	64390.4	10406.1	1
deletion	Pf3D7_09_v3:71201-71600	400	0	11679.2	2.60577e-10	1	1	1
deletion	Pf3D7_09_v3:72001-73000	1000	0.0406692	0.278035	1.1971e-31	1	1	1
deletion	Pf3D7_09_v3:1389201-1390200	1000	0.0935744	1.13883	1.38502e-26	1	1	1
deletion	Pf3D7_09_v3:1398401-1399000	600	0.104272	621.491	2.0672e-13	1	1	1
deletion	Pf3D7_09_v3:1475001-1477600	2600	0.297454	0.127971	0.0493591	223965	9.41628e+06	1
deletion	Pf3D7_09_v3:1478201-1479000	800	0.195869	7166.21	2.44313e-05	1	1	1
deletion	Pf3D7_09_v3:1485601-1496000	10400	0.245048	1.53243e-11	1.72056e-23	1.89729e-11	2.70569e-17	1
deletion	Pf3D7_09_v3:1506201-1506600	400	0.137204	37171.9	2.35779e-05	1	1	1
deletion	Pf3D7_09_v3:1531601-1533600	2000	0.217761	0.698293	1.96201e-07	1	1	1
deletion	Pf3D7_09_v3:1534201-1535800	1600	0.150031	0.200455	3.10766e-27	1	1	1
deletion	Pf3D7_10_v3:801-8400	7600	0.292968	6.29102e-11	2.78762e+09	1.3097e-07	2.80932e+09	1
deletion	Pf3D7_10_v3:9001-11000	2000	0.267839	0.897963	1.16344e-10	1	1	1
deletion	Pf3D7_10_v3:25601-26200	600	0.0132624	122.268	2.41093e-18	1	1	1
deletion	Pf3D7_10_v3:38201-38600	400	0.00623483	10135.5	6.89775e-10	1	1	1
deletion	Pf3D7_10_v3:39001-43200	4200	0.2685	2.01974e-05	295.954	1.00706	4584.05	1
deletion	Pf3D7_10_v3:65201-68600	3400	0.117249	2.14754e-06	6.30717e-19	0.00144068	6.81101e-44	1
deletion	Pf3D7_10_v3:1395001-1396600	1600	0.0474612	0.00459741	2.35552e-39	1	1	1
deletion	Pf3D7_10_v3:1526201-1526600	400	0.0195814	1683.34	1.29341e-09	1	1	1
deletion	Pf3D7_10_v3:1528001-1528800	800	0.101958	141.234	4.35205e-18	1	1	1
deletion	Pf3D7_10_v3:1543001-1543600	600	0.183085	12916.8	1.36522e-07	1	1	1
deletion	Pf3D7_10_v3:1582601-1607200	24600	0.470076	6.47856e-12	2.871e+09	7.05188e-12	2.871e+09	1
deletion	Pf3D7_10_v3:1616801-1624800	8000	0.280994	2.17285e-07	2.871e+09	0.00741123	2.871e+09	1
deletion	Pf3D7_10_v3:1628401-1630000	1600	0.31869	60.05	1.93841e-06	1	1	1
deletion	Pf3D7_10_v3:1632001-1632400	400	0.0942369	56945.8	2.88958e-06	1	1	1
deletion	Pf3D7_10_v3:1635001-1635600	600	0.0977802	489.789	8.02672e-14	1	1	1
deletion	Pf3D7_10_v3:1638801-1639800	1000	0.185412	174.113	9.94579e-12	1	1	1
deletion	Pf3D7_10_v3:1640001-1640400	400	0.177732	76085.1	0.00109567	1	1	1
deletion	Pf3D7_10_v3:1640801-1642000	1200	0.42294	85.7441	3.36122e-06	1	1	1
deletion	Pf3D7_10_v3:1651001-1651800	800	0.419822	1798.92	0.00311631	1	1	1
deletion	Pf3D7_10_v3:1652601-1654400	1800	0.308033	0.469404	1.05302e-10	1	1	1
deletion	Pf3D7_10_v3:1679001-1685800	6800	0.278923	4.92414e-08	2.84797e+09	0.014304	2.85472e+09	1
deletion	Pf3D7_11_v3:2201-8200	6000	0.338267	3.19432e-05	2.8593e+09	0.633839	2.8632e+09	1
deletion	Pf3D7_11_v3:9001-10000	1000	0.210726	277.264	1.00224e-07	1	1	1
deletion	Pf3D7_11_v3:18801-19200	400	0.248069	63477.9	0.0433636	1	1	1
deletion	Pf3D7_11_v3:40201-41400	1200	0.0908905	13.311	2.03109e-18	1	1	1
deletion	Pf3D7_11_v3:48601-52200	3600	0.0309301	4.42701e-11	5.01981e-95	9.96078e-11	9.53883e-66	1
deletion	Pf3D7_11_v3:56601-66200	9600	0.265396	1.66013e-11	7.52706e+07	2.09701e-11	1.53307e-07	1
deletion	Pf3D7_11_v3:67601-69000	1400	0.218275	0.1065	5.84395e-26	1	1	1
deletion	Pf3D7_11_v3:69601-72200	2600	0.211529	0.00805187	3.17463e-11	31571.3	3.9005e-05	1
deletion	Pf3D7_11_v3:76801-89800	13000	0.302632	1.22594e-11	1.81031e+08	1.44884e-11	2.76956e+08	1
deletion	Pf3D7_11_v3:1920201-1921200	1000	0.165345	548.251	5.40412e-07	1	1	1
deletion	Pf3D7_11_v3:2015201-2020600	5400	0.277615	4.44007e-05	2.86853e+09	4.19623e-06	1.16135e-15	1
deletion	Pf3D7_11_v3:2031201-2031800	600	0.0999346	4910.83	1.55029e-12	1	1	1
deletion	Pf3D7_12_v3:601-6000	5400	0.237352	4.12362e-07	4.48774e+08	0.133106	8.92376e+08	1
deletion	Pf3D7_12_v3:26401-30200	3800	0.263787	0.00114252	2.20064e+09	0.00232937	3.35506e-37	1
deletion	Pf3D7_12_v3:33401-35000	1600	0.0689564	0.00319921	2.65166e-40	1	1	1
deletion	Pf3D7_12_v3:37401-37800	400	0.0312933	52178.6	3.06845e-08	1	1	1
deletion	Pf3D7_12_v3:38601-40000	1400	0.0736007	0.168146	4.68787e-33	1	1	1
deletion	Pf3D7_12_v3:44601-50200	5600	0.25889	1.94378e-08	0.00188125	1.36774e-05	7.9372e-09	1
duplication	Pf3D7_12_v3:527401-536000	8600	1.46823	0.00361734	1.12928e+07	0.559731	4.09409e+07	1
duplication	Pf3D7_12_v3:536601-622800	86200	1.93018	0	2.87078e+09	0	2.87079e+09	1
deletion	Pf3D7_12_v3:771001-771400	400	0.0810528	142306	3.30027e-05	1	1	1
duplication	Pf3D7_12_v3:971201-976400	5200	2.87949	0	8.19678e-208	9.93459e-06	1.5847e-124	1
deletion	Pf3D7_12_v3:1695401-1696600	1200	0.290661	831.792	6.94688e-06	1	1	1
deletion	Pf3D7_12_v3:1713401-1721600	8200	0.404377	0.00150101	2.871e+09	1.9265	2.871e+09	1
deletion	Pf3D7_12_v3:1726001-1727200	1200	0.286698	97.4681	2.51485e-07	1	1	1
deletion	Pf3D7_12_v3:1731401-1733800	2400	0.284209	0.0423246	1.74693e-14	50301	4.94635e-05	1
deletion	Pf3D7_12_v3:2163601-2190200	26600	0.317554	5.99145e-12	2.871e+09	6.47856e-12	2.871e+09	1
deletion	Pf3D7_12_v3:2195201-2198400	3200	0.393095	0.0584895	2.98289e-10	3295	1.0904	1
deletion	Pf3D7_12_v3:2211801-2212400	600	0.162659	16123.4	5.89604e-06	1	1	1
deletion	Pf3D7_12_v3:2215601-2216200	600	0.225629	39779.2	0.0211789	1	1	1
deletion	Pf3D7_12_v3:2219201-2219600	400	0.0853846	150598	5.85234e-05	1	1	1
deletion	Pf3D7_12_v3:2228001-2229400	1400	0.176512	38.0399	1.02991e-08	1	1	1
deletion	Pf3D7_12_v3:2231401-2238000	6600	0.342491	5.36539e-05	2.871e+09	1.65817	2.871e+09	1
deletion	Pf3D7_12_v3:2248801-2250800	2000	0.251841	0.10902	1.8062e-15	1	1	1
deletion	Pf3D7_12_v3:2265201-2269800	4600	0.315087	3.40689e-05	6.16319e+06	0.00209977	1.48561e-31	1
deletion	Pf3D7_12_v3:2271001-2271600	600	0.0739738	4885.6	1.00139e-11	1	1	1
deletion	Pf3D7_13_v3:1-12400	12400	0.333985	1.28526e-11	2.82699e+09	1.53243e-11	2.83405e+09	1
deletion	Pf3D7_13_v3:18201-19000	800	0.207344	1569.77	6.73972e-09	1	1	1
deletion	Pf3D7_13_v3:22201-23800	1600	0.049918	0.00265196	1.98026e-41	1	1	1
deletion	Pf3D7_13_v3:26801-33600	6800	0.438701	0.00689737	2.871e+09	0.132935	2.871e+09	1
deletion	Pf3D7_13_v3:64001-68600	4600	0.420525	3.67084e-05	7.71686e-11	1.00273	0.0249112	1
deletion	Pf3D7_13_v3:873401-874200	800	0.316147	3206.89	0.00156817	1	1	1
deletion	Pf3D7_13_v3:2424601-2425000	400	0.0841806	137085	3.27427e-05	1	1	1
deletion	Pf3D7_13_v3:2845601-2849600	4000	0.428024	5.01117e-05	9.58201e-17	4.63249	0.000524499	1
deletion	Pf3D7_13_v3:2861401-2861800	400	0.137334	99005.1	0.000207716	1	1	1
deletion	Pf3D7_13_v3:2864201-2866600	2400	0.441735	2.96328	0.0126916	453892	3.67802e+07	1
deletion	Pf3D7_13_v3:2868801-2871800	3000	0.107604	4.65347e-05	2.22753e-09	0.000980639	3.36912e-37	1
deletion	Pf3D7_13_v3:2873201-2874600	1400	0.32126	6.8031	1.11607e-13	1	1	1
deletion	Pf3D7_13_v3:2875201-2876200	1000	0.0989747	127.741	4.67337e-14	1	1	1
deletion	Pf3D7_13_v3:2880201-2881800	1600	0.158031	0.00521189	1.25449e-33	1	1	1
deletion	Pf3D7_13_v3:2895201-2895800	600	0.184535	18721.8	0.000172193	1	1	1
deletion	Pf3D7_13_v3:2912601-2921200	8600	0.394998	2.49569e-05	2.871e+09	0.0903038	2.871e+09	1
deletion	Pf3D7_13_v3:2921601-2922600	1000	0.339523	376.359	1.20821e-07	1	1	1
deletion	Pf3D7_14_v3:4801-10600	5800	0.488843	74.5915	2.871e+09	18311	2.871e+09	1
duplication	Pf3D7_14_v3:10601-16600	6000	0.38652	0.0364386	2.871e+09	40.0762	2.871e+09	1
deletion	Pf3D7_14_v3:17601-18600	1000	0.106204	122.303	2.74358e-18	1	1	1
deletion	Pf3D7_14_v3:20601-23800	3200	0.311446	0.000117556	3.332e-23	519.08	6.11524e-05	1
deletion	Pf3D7_14_v3:32801-33600	800	0.066661	83.6928	1.12353e-19	1	1	1
deletion	Pf3D7_14_v3:3256001-3259600	3600	0.393631	0.000672208	0.122409	280.195	70639.4	1
deletion	Pf3D7_14_v3:3261401-3262800	1400	0.400023	79.2379	1.3577e-06	1	1	1
deletion	Pf3D7_14_v3:3264401-3269800	5400	0.421667	6.01386e-06	177551	0.000118666	2.24893e-07	1
deletion	Pf3D7_14_v3:3273801-3275600	1800	0.18014	0.0056189	6.14353e-33	1	1	1
deletion	Pf3D7_14_v3:3276201-3276800	600	0.0307139	96.0194	7.17546e-18	1	1	1
deletion	Pf3D7_14_v3:3277601-3278600	1000	0.100326	9.36548	3.30781e-22	1	1	1
deletion	Pf3D7_14_v3:3286601-3287000	400	0.0698641	121230	7.32454e-06	1	1	1
