duplication	M76611:1-6000	6000	21.7889	0	0	0	0	1
duplication	PFC10_API_IRAB:1-34400	34400	2.5423	0	2.87093e+09	0	0	1
deletion	Pf3D7_01_v3:1-400	400	0.253288	95874.1	0.00309349	1	1	1
deletion	Pf3D7_01_v3:1001-9200	8200	0.35997	4.62967e-06	2.871e+09	0.00164137	2.871e+09	1
duplication	Pf3D7_01_v3:16601-24600	8000	2.9373	0.0188773	2.85912e+09	0.853635	2.86208e+09	1
deletion	Pf3D7_01_v3:32001-33400	1400	0.213286	302.287	0.000451675	1	1	1
deletion	Pf3D7_01_v3:36201-79800	43600	0.569001	6.86535e-06	2.871e+09	0.000116532	2.871e+09	1
deletion	Pf3D7_01_v3:80201-82000	1800	0.256899	0.0859191	1.16123e-29	1	1	1
deletion	Pf3D7_01_v3:83001-84800	1800	0.508117	1.50873	1.59388e-06	1	1	1
deletion	Pf3D7_01_v3:86001-87600	1600	0.430798	88.5695	0.000805827	1	1	1
deletion	Pf3D7_01_v3:457801-460400	2600	0.661619	0.282894	0.0185136	3794.56	155.877	1
deletion	Pf3D7_01_v3:514001-514600	600	0.00621994	15.6219	3.71162e-24	1	1	1
deletion	Pf3D7_01_v3:546801-547600	800	0.284112	1417.33	3.60788e-08	1	1	1
deletion	Pf3D7_01_v3:565601-566000	400	0.278603	44096.2	0.00323449	1	1	1
deletion	Pf3D7_01_v3:580201-581000	800	0.347846	2678.74	2.06246e-05	1	1	1
deletion	Pf3D7_01_v3:596601-597400	800	0.188608	1618.64	3.64416e-13	1	1	1
deletion	Pf3D7_01_v3:603401-604400	1000	0.151855	19.7005	3.86782e-21	1	1	1
deletion	Pf3D7_01_v3:613001-613400	400	0.0952076	136576	3.44734e-07	1	1	1
deletion	Pf3D7_01_v3:621401-622600	1200	0.397397	137.157	9.67371e-08	1	1	1
deletion	Pf3D7_01_v3:623401-624000	600	0.0959902	1046.96	1.12475e-16	1	1	1
deletion	Pf3D7_01_v3:625401-626600	1200	0.39202	35.8954	6.99756e-09	1	1	1
duplication	Pf3D7_01_v3:627001-638200	11200	2.45809	0.0243224	2.871e+09	1.57001	2.871e+09	1
deletion	Pf3D7_02_v3:1201-10800	9600	0.30292	1.66013e-11	1.56399e+09	1.99216e-09	1.77498e+09	1
deletion	Pf3D7_02_v3:25801-27000	1200	0.161535	67.2396	3.80329e-16	1	1	1
deletion	Pf3D7_02_v3:31001-37200	6200	0.398058	0.0168521	2.871e+09	130.184	2.871e+09	1
deletion	Pf3D7_02_v3:42401-43400	1000	0.194593	37.7214	3.15381e-20	1	1	1
deletion	Pf3D7_02_v3:43801-44400	600	0.290713	34827	0.0434356	1	1	1
deletion	Pf3D7_02_v3:51801-54800	3000	0.426154	0.0274348	0.103588	5012.2	38.5615	1
deletion	Pf3D7_02_v3:58401-105600	47200	0.1962	3.37654e-12	2.871e+09	3.52594e-12	2.871e+09	1
deletion	Pf3D7_02_v3:107401-107800	400	0.233577	53387.3	0.000218241	1	1	1
deletion	Pf3D7_02_v3:274001-274400	400	0.142856	268013	0.00138735	1	1	1
deletion	Pf3D7_02_v3:823201-823600	400	0.107026	182727	5.56242e-06	1	1	1
deletion	Pf3D7_02_v3:875801-881800	6000	0.514698	1.55355	2.871e+09	2351.87	2.871e+09	1
deletion	Pf3D7_02_v3:887201-889800	2600	0.130275	4.91252e-05	7.90485e-43	174.144	3.86783e-22	1
deletion	Pf3D7_02_v3:893201-900000	6800	0.39375	0.0157471	2.871e+09	16.2928	2.871e+09	1
deletion	Pf3D7_02_v3:903001-903800	800	0.135067	161.367	1.68676e-19	1	1	1
deletion	Pf3D7_02_v3:909201-915000	5800	0.398189	5.32139e-07	34.5804	0.000381788	1.25972e-07	1
deletion	Pf3D7_02_v3:915401-916000	600	0.290652	25655.4	0.00891076	1	1	1
deletion	Pf3D7_02_v3:924001-924600	600	0.302967	2894.59	7.15338e-07	1	1	1
deletion	Pf3D7_02_v3:936801-940600	3800	0.29211	0.00102817	9.38178e+06	70.8731	1.90798e+08	1
deletion	Pf3D7_02_v3:944001-946000	2000	0.0801112	4.19837e-05	1.19353e-60	1	1	1
deletion	Pf3D7_03_v3:35001-36200	1200	0.37327	72.6238	1.64904e-11	1	1	1
deletion	Pf3D7_03_v3:36601-37000	400	0.0503098	23044.8	4.57574e-11	1	1	1
deletion	Pf3D7_03_v3:38601-39200	600	0.0259781	349.049	8.97577e-22	1	1	1
deletion	Pf3D7_03_v3:42001-42800	800	0.191316	2414.7	2.01272e-09	1	1	1
deletion	Pf3D7_03_v3:43201-59600	16400	0.342967	9.71784e-12	2.86934e+09	1.10675e-11	2.86954e+09	1
deletion	Pf3D7_03_v3:64201-64800	600	0.261129	17152.8	6.67669e-07	1	1	1
deletion	Pf3D7_03_v3:65201-65600	400	0.0960708	46366	6.39164e-09	1	1	1
deletion	Pf3D7_03_v3:1003001-1007200	4200	0.490022	0.0170961	757.809	116.887	23.4427	1
deletion	Pf3D7_03_v3:1007601-1010400	2800	0.425083	0.572283	4.80854e-07	4345.41	3.35756	1
deletion	Pf3D7_03_v3:1012001-1016800	4800	0.235193	3.32026e-11	1.50779e-42	0.00049197	3.50655e-21	1
deletion	Pf3D7_03_v3:1018201-1019200	1000	0.249935	1389.46	1.2068e-07	1	1	1
deletion	Pf3D7_03_v3:1025201-1032400	7200	0.323283	2.5234e-09	2.16949e+09	0.000103913	2.34507e+09	1
deletion	Pf3D7_03_v3:1038001-1039200	1200	0.145098	1.72947	4.03471e-31	1	1	1
deletion	Pf3D7_03_v3:1053401-1059000	5600	0.380252	9.22758e-06	2.52589e+08	0.0306618	0.0017443	1
deletion	Pf3D7_03_v3:1060601-1061200	600	0.0295792	32.6142	1.77592e-22	1	1	1
duplication	Pf3D7_03_v3:1063201-1067800	4600	3.13627	0.037245	8.72623e-09	53.867	7.49461e-13	1
deletion	Pf3D7_04_v3:1-9000	9000	0.316458	1.33165e-08	2.871e+09	2.54151e-05	2.871e+09	1
deletion	Pf3D7_04_v3:58401-60000	1600	0.337178	21.812	9.90181e-06	1	1	1
deletion	Pf3D7_04_v3:60601-61600	1000	0.282334	284.212	2.95642e-12	1	1	1
deletion	Pf3D7_04_v3:66001-67600	1600	0.244735	2.15458	8.02918e-22	1	1	1
deletion	Pf3D7_04_v3:74201-77400	3200	0.0703348	4.98039e-11	9.34211e-97	1.33201	7.94672e-31	1
deletion	Pf3D7_04_v3:84401-84800	400	0.0759812	4920.04	1.67468e-10	1	1	1
deletion	Pf3D7_04_v3:86001-86600	600	0.0847643	5615.92	2.01311e-14	1	1	1
deletion	Pf3D7_04_v3:546201-548800	2600	0.170506	0.000751159	1.45391e-16	113478	4174.57	1
deletion	Pf3D7_04_v3:549001-550600	1600	0.127526	2.14941	2.64156e-12	1	1	1
deletion	Pf3D7_04_v3:566801-567400	600	0.0462317	388.13	2.50217e-20	1	1	1
deletion	Pf3D7_04_v3:570801-571200	400	0.0252099	32838.4	8.66536e-12	1	1	1
deletion	Pf3D7_04_v3:571801-592800	21000	0.370905	7.58917e-12	2.85706e+09	8.38803e-12	2.85838e+09	1
deletion	Pf3D7_04_v3:596001-597600	1600	0.335061	123.871	3.18109e-09	1	1	1
deletion	Pf3D7_04_v3:603001-604200	1200	0.23675	287.519	1.5067e-10	1	1	1
deletion	Pf3D7_04_v3:941801-960800	19000	0.388987	8.38803e-12	2.871e+09	9.37485e-12	2.871e+09	1
deletion	Pf3D7_04_v3:963001-964200	1200	0.188156	363.271	0.0152149	1	1	1
deletion	Pf3D7_04_v3:966201-967800	1600	0.258319	0.799605	2.12229e-19	1	1	1
deletion	Pf3D7_04_v3:1120601-1121000	400	0.248943	43010.4	0.000439335	1	1	1
deletion	Pf3D7_04_v3:1145401-1146600	1200	0.059629	0.243147	2.3966e-41	1	1	1
deletion	Pf3D7_04_v3:1146801-1154800	8000	0.177491	1.99216e-11	3.01125	2.65621e-11	529.137	1
deletion	Pf3D7_04_v3:1167601-1171000	3400	0.161501	7.11739e-07	2.42581e-22	0.000308317	2.22352e-53	1
deletion	Pf3D7_04_v3:1172001-1173200	1200	0.190042	18.2314	1.87635e-16	1	1	1
deletion	Pf3D7_04_v3:1176601-1179200	2600	0.115028	0.000290943	5.32828e-20	18517.6	4.67941e-09	1
deletion	Pf3D7_04_v3:1192401-1196600	4200	0.304567	1.48747e-05	5.4496e-06	0.169141	1.22274e-16	1
deletion	Pf3D7_05_v3:1-12200	12200	0.32323	1.30633e-11	2.23103e+09	1.56248e-11	2.3252e+09	1
deletion	Pf3D7_05_v3:17801-18400	600	0.186166	21970.8	1.49328e-07	1	1	1
deletion	Pf3D7_05_v3:19001-21600	2600	0.296301	0.0608331	1.3649e-10	6989.91	1.74252e-09	1
deletion	Pf3D7_05_v3:21801-24000	2200	0.12803	0.0284813	5.72426e-09	1	1	1
deletion	Pf3D7_05_v3:32001-33000	1000	0.085903	132.458	2.83298e-18	1	1	1
deletion	Pf3D7_05_v3:34001-36000	2000	0.375482	41.9956	0.00026338	1	1	1
duplication	Pf3D7_05_v3:878601-969800	91200	2.02096	0	3.93463e-42	0	5.13244e-41	1
deletion	Pf3D7_05_v3:1336601-1337200	600	0.00549133	12.1572	3.16498e-24	1	1	1
deletion	Pf3D7_06_v3:6601-52200	45600	0.562581	6.45878e-09	2.871e+09	1.36505e-07	2.871e+09	1
deletion	Pf3D7_06_v3:726001-727400	1400	0.0485141	0.00508761	1.95052e-50	1	1	1
deletion	Pf3D7_06_v3:728401-729400	1000	0.153621	974.632	3.01834e-07	1	1	1
deletion	Pf3D7_06_v3:734201-740200	6000	0.0958225	2.65621e-11	5.19709e+08	2.09854e-06	9.18723e+08	1
deletion	Pf3D7_06_v3:740601-741800	1200	0.0580092	8.86552	1.72728e-24	1	1	1
deletion	Pf3D7_06_v3:1295001-1296200	1200	0.349668	1408.49	9.76832e-06	1	1	1
deletion	Pf3D7_06_v3:1316401-1328600	12200	0.398722	1.30633e-11	2.79792e+09	1.56248e-11	2.80977e+09	1
deletion	Pf3D7_06_v3:1334001-1338400	4400	0.262717	0.000304469	2.70122e+09	120.804	2.77711e+09	1
deletion	Pf3D7_06_v3:1348401-1351000	2600	0.312408	0.0706155	6.29095e-08	78206.4	23.0223	1
deletion	Pf3D7_06_v3:1366001-1372200	6200	0.467614	21.7203	2.871e+09	6311.79	2.871e+09	1
deletion	Pf3D7_06_v3:1373001-1375000	2000	0.370552	5.52639	0.0170545	1	1	1
deletion	Pf3D7_06_v3:1375401-1376000	600	0.224416	1964.16	4.34756e-10	1	1	1
deletion	Pf3D7_06_v3:1389601-1390200	600	0.146927	4669.83	5.15906e-12	1	1	1
deletion	Pf3D7_06_v3:1406201-1416600	10400	0.248654	1.53243e-11	2.85675e+09	1.89729e-11	2.85948e+09	1
deletion	Pf3D7_07_v3:1601-3000	1400	0.174864	5.5615	9.20108e-19	1	1	1
deletion	Pf3D7_07_v3:18401-18800	400	0.090525	109460	7.36303e-08	1	1	1
deletion	Pf3D7_07_v3:28001-29000	1000	0.362271	320.891	1.06341e-08	1	1	1
deletion	Pf3D7_07_v3:29801-35000	5200	0.199587	3.99565e-07	1260.28	4.98039e-11	2.16269e-163	1
deletion	Pf3D7_07_v3:43001-73000	30000	0.343433	5.31242e-12	2.871e+09	5.69188e-12	2.871e+09	1
deletion	Pf3D7_07_v3:73801-74800	1000	0.0867764	3.88467	1.5118e-29	1	1	1
deletion	Pf3D7_07_v3:75801-76400	600	0.053463	4236.18	3.23363e-16	1	1	1
deletion	Pf3D7_07_v3:522401-523200	800	0.24548	4905.22	1.01282e-09	1	1	1
deletion	Pf3D7_07_v3:537001-544600	7600	0.0885218	2.09701e-11	1.42139e-58	2.84594e-11	7.32216e-41	1
deletion	Pf3D7_07_v3:545201-546000	800	0.119503	5337.18	9.95386e-07	1	1	1
deletion	Pf3D7_07_v3:556601-558400	1800	0.287671	55.7523	0.0237781	1	1	1
duplication	Pf3D7_07_v3:559001-564800	5800	2.39869	0.000158878	1.88618e-12	0.335816	2.89556e-53	1
deletion	Pf3D7_07_v3:572601-573000	400	0.198148	14070.8	4.4069e-06	1	1	1
deletion	Pf3D7_07_v3:577001-581000	4000	0.231202	1.75326e-06	1.46196e-05	17.3553	204.873	1
deletion	Pf3D7_07_v3:592601-593400	800	0.385043	1301.55	6.44566e-05	1	1	1
deletion	Pf3D7_07_v3:809201-811800	2600	0.638078	0.0224337	0.299652	2498.95	78.8958	1
deletion	Pf3D7_07_v3:1081001-1081600	600	0.264151	25100.9	0.000180387	1	1	1
deletion	Pf3D7_07_v3:1088001-1088600	600	0.31955	56939.5	0.00652267	1	1	1
deletion	Pf3D7_07_v3:1329001-1329800	800	0.161097	728.454	3.54995e-17	1	1	1
deletion	Pf3D7_07_v3:1360401-1360800	400	0	11168.6	1.4258e-13	1	1	1
deletion	Pf3D7_07_v3:1387601-1390000	2400	0.388235	0.120917	2.32165e-07	372678	0.827489	1
deletion	Pf3D7_07_v3:1392401-1393200	800	0.116806	407.473	7.76044e-18	1	1	1
deletion	Pf3D7_07_v3:1393801-1407200	13400	0.406944	0.000117668	2.871e+09	0.0572598	2.871e+09	1
deletion	Pf3D7_07_v3:1407401-1408600	1200	0.535151	191.956	0.0019459	1	1	1
deletion	Pf3D7_07_v3:1411401-1415000	3600	0.255971	0.000358514	2.24272e+06	361.396	1.19407e+08	1
deletion	Pf3D7_07_v3:1419601-1421200	1600	0.115135	16.277	0.0489352	1	1	1
deletion	Pf3D7_07_v3:1427001-1428000	1000	0.422758	1371.02	0.00799278	1	1	1
deletion	Pf3D7_07_v3:1434801-1435200	400	0.290402	8038.46	0.00241547	1	1	1
deletion	Pf3D7_07_v3:1437601-1445400	7800	0.297448	1.22594e-10	1.09851e+07	4.19424e-07	4.57728e+07	1
deletion	Pf3D7_08_v3:1-1800	1800	0.367256	55.5809	3.91378e-07	1	1	1
deletion	Pf3D7_08_v3:4201-5800	1600	0.281905	60.2971	4.31964e-06	1	1	1
deletion	Pf3D7_08_v3:10801-11600	800	0.373868	5964.72	0.000721722	1	1	1
deletion	Pf3D7_08_v3:31801-33200	1400	0.145869	37.0297	6.20185e-14	1	1	1
deletion	Pf3D7_08_v3:42401-43400	1000	0.00835405	0.000826242	1.64471e-45	1	1	1
deletion	Pf3D7_08_v3:48001-48600	600	0.175368	49997.3	0.016439	1	1	1
deletion	Pf3D7_08_v3:53601-55000	1400	0.176641	0.0258202	9.19975e-38	1	1	1
deletion	Pf3D7_08_v3:60001-61400	1400	0.453789	39.6728	0.00663024	1	1	1
deletion	Pf3D7_08_v3:430801-431800	1000	0.27654	1193.51	1.0432e-07	1	1	1
deletion	Pf3D7_08_v3:437801-438600	800	0.26747	3291.99	2.12252e-09	1	1	1
deletion	Pf3D7_08_v3:439601-440400	800	0.272517	3396.24	9.70415e-07	1	1	1
duplication	Pf3D7_08_v3:447801-456200	8400	2.33085	6.94659e-06	2.79814e+09	0.00626115	2.81532e+09	1
deletion	Pf3D7_08_v3:456201-459400	3200	0.206049	5.75776e-05	3.12824e-16	31.2592	3.17446e-18	1
deletion	Pf3D7_08_v3:587201-587600	400	0.209553	93708.7	0.000170854	1	1	1
deletion	Pf3D7_08_v3:1328601-1329800	1200	0.463687	15.7199	4.77957e-05	1	1	1
deletion	Pf3D7_08_v3:1366001-1412600	46600	0.493805	1281.02	2.871e+09	1904.23	2.871e+09	1
deletion	Pf3D7_08_v3:1422801-1425800	3000	0.208391	7.73568e-05	3.64399e-35	347.566	3.28489e-12	1
deletion	Pf3D7_08_v3:1430401-1437800	7400	0.251021	2.15368e-11	2.59741e-62	2.95134e-11	3.25977e-60	1
deletion	Pf3D7_08_v3:1440601-1441000	400	0.0268688	19299.5	4.82973e-12	1	1	1
deletion	Pf3D7_08_v3:1463801-1469400	5600	0.235871	9.02162e-09	4.01924e-10	0.000183241	0.00203736	1
deletion	Pf3D7_09_v3:1-5400	5400	0.220896	2.95134e-11	1.46473e-42	1.95372e-07	3.19525e-50	1
deletion	Pf3D7_09_v3:9401-10200	800	0.210232	177.89	4.3475e-15	1	1	1
deletion	Pf3D7_09_v3:18601-19400	800	0.16281	1238.99	9.96962e-13	1	1	1
deletion	Pf3D7_09_v3:22401-23000	600	0.146706	3753.91	9.07165e-13	1	1	1
deletion	Pf3D7_09_v3:24001-24400	400	0.170622	298546	0.0183417	1	1	1
deletion	Pf3D7_09_v3:26801-27600	800	0.28649	8174.76	0.00267153	1	1	1
deletion	Pf3D7_09_v3:28001-28600	600	0.168617	945.983	1.97054e-13	1	1	1
deletion	Pf3D7_09_v3:28801-33200	4400	0.278266	0.000277766	4.46936e+08	2.64791e-06	7.24327e-50	1
deletion	Pf3D7_09_v3:40801-41800	1000	0.131987	19.1868	3.24497e-23	1	1	1
deletion	Pf3D7_09_v3:42601-44000	1400	0.203557	19.0865	6.88922e-20	1	1	1
deletion	Pf3D7_09_v3:44401-45200	800	0.229227	6337.44	9.447e-05	1	1	1
deletion	Pf3D7_09_v3:47601-48600	1000	0.0952008	8.48229	2.58414e-27	1	1	1
deletion	Pf3D7_09_v3:49801-51400	1600	0.408139	169.859	0.00667038	1	1	1
deletion	Pf3D7_09_v3:52001-55000	3000	0.335133	0.127658	9.26712e-05	954.92	1.54331e-07	1
deletion	Pf3D7_09_v3:59201-67000	7800	0.628447	378.549	2.871e+09	26717	2.871e+09	1
deletion	Pf3D7_09_v3:1389201-1390200	1000	0.106125	14.9936	1.2227e-27	1	1	1
deletion	Pf3D7_09_v3:1475001-1477600	2600	0.26619	0.0209063	7.54064e-08	157014	428287	1
deletion	Pf3D7_09_v3:1483201-1484000	800	0.419723	6348.51	0.00500348	1	1	1
deletion	Pf3D7_09_v3:1485601-1496000	10400	0.232362	1.53243e-11	3.54304e-14	1.89729e-11	9.01336e-10	1
deletion	Pf3D7_09_v3:1506201-1506800	600	0.218846	6684.15	6.1842e-09	1	1	1
deletion	Pf3D7_09_v3:1531601-1533600	2000	0.228021	0.204012	1.53783e-16	1	1	1
deletion	Pf3D7_09_v3:1534201-1535800	1600	0.121134	0.0322729	2.27931e-35	1	1	1
deletion	Pf3D7_10_v3:1-7200	7200	0.297115	1.99216e-09	2.87096e+09	4.2908e-10	0.000426295	1
deletion	Pf3D7_10_v3:9001-10800	1800	0.257703	3.79879	2.35747e-11	1	1	1
deletion	Pf3D7_10_v3:35401-43200	7800	0.393082	1.08292e-09	173950	3.1104e-05	2.09828e+06	1
deletion	Pf3D7_10_v3:64601-68400	3800	0.193396	0.000116381	5.44392e-11	0.407955	2.82764e-12	1
deletion	Pf3D7_10_v3:110201-111200	1000	0.134938	246.897	9.91566e-15	1	1	1
deletion	Pf3D7_10_v3:1395001-1396600	1600	0.0354721	0.000526719	1.77602e-59	1	1	1
deletion	Pf3D7_10_v3:1438001-1438400	400	0.153138	150385	3.217e-05	1	1	1
deletion	Pf3D7_10_v3:1522201-1522600	400	0.284366	69833.9	0.00993644	1	1	1
deletion	Pf3D7_10_v3:1523201-1524200	1000	0.112073	10.2922	1.4261e-27	1	1	1
deletion	Pf3D7_10_v3:1526201-1526600	400	0.01293	5800.35	6.54369e-13	1	1	1
deletion	Pf3D7_10_v3:1528001-1528800	800	0.0910869	113.284	3.33238e-22	1	1	1
deletion	Pf3D7_10_v3:1582601-1624800	42200	0.485065	3.7766e-12	2.871e+09	3.96449e-12	2.871e+09	1
deletion	Pf3D7_10_v3:1628401-1630000	1600	0.296634	37.7827	3.78515e-10	1	1	1
deletion	Pf3D7_10_v3:1632001-1632400	400	0.131257	5958.92	1.76837e-08	1	1	1
deletion	Pf3D7_10_v3:1633601-1634400	800	0.276521	10739.2	0.000253079	1	1	1
deletion	Pf3D7_10_v3:1635001-1635600	600	0.110822	3544.64	5.10772e-14	1	1	1
deletion	Pf3D7_10_v3:1642801-1643400	600	0.287031	39336.5	8.34837e-05	1	1	1
deletion	Pf3D7_10_v3:1651001-1651800	800	0.409693	6606.33	0.0238683	1	1	1
deletion	Pf3D7_10_v3:1652801-1654400	1600	0.396601	3.85552	1.84502e-08	1	1	1
deletion	Pf3D7_10_v3:1677601-1678200	600	0.194158	1207.18	2.44704e-12	1	1	1
deletion	Pf3D7_10_v3:1679001-1681400	2400	0.195592	0.000925388	3.91046e-28	172329	0.000536171	1
deletion	Pf3D7_10_v3:1684401-1685800	1400	0.0915911	0.0793944	4.93215e-39	1	1	1
deletion	Pf3D7_11_v3:2401-8800	6400	0.339248	5.95503e-06	2.87098e+09	0.213653	2.87099e+09	1
deletion	Pf3D7_11_v3:9201-10200	1000	0.359627	2473.07	0.00322354	1	1	1
deletion	Pf3D7_11_v3:18801-19200	400	0.240089	114371	0.00241547	1	1	1
deletion	Pf3D7_11_v3:30201-31200	1000	0.34052	111.749	1.35825e-10	1	1	1
deletion	Pf3D7_11_v3:40201-41400	1200	0.0939116	28.2724	5.33539e-19	1	1	1
deletion	Pf3D7_11_v3:48601-52200	3600	0.0282705	4.42701e-11	6.83938e-117	1.99216e-10	1.09762e-77	1
deletion	Pf3D7_11_v3:56601-93200	36600	0.483698	4.35444e-12	2.871e+09	4.60614e-12	2.871e+09	1
deletion	Pf3D7_11_v3:95201-96400	1200	0.318453	174.145	1.08874e-12	1	1	1
deletion	Pf3D7_11_v3:103201-107600	4400	0.50548	0.00152245	0.108785	12.7021	26.7517	1
deletion	Pf3D7_11_v3:1923401-1924000	600	0.16334	27570.9	1.13856e-05	1	1	1
deletion	Pf3D7_11_v3:2015201-2020600	5400	0.258347	5.5057e-06	2.87054e+09	5.83116e-07	1.33142e-23	1
deletion	Pf3D7_11_v3:2036401-2037000	600	0.0910034	6327.55	6.90384e-14	1	1	1
deletion	Pf3D7_12_v3:601-6000	5400	0.223495	3.80723e-08	3.81173e+07	0.0373054	1.88919e+08	1
deletion	Pf3D7_12_v3:26401-30000	3600	0.215846	0.000433797	1.69998e+09	0.00233896	1.31799e-42	1
deletion	Pf3D7_12_v3:33401-35000	1600	0.0789505	0.00618092	1.35487e-46	1	1	1
deletion	Pf3D7_12_v3:38601-39800	1200	0.0557221	1.12314	1.32494e-35	1	1	1
deletion	Pf3D7_12_v3:42001-44200	2200	0.424396	9.00898	9.71393e-06	1	1	1
deletion	Pf3D7_12_v3:44601-50200	5600	0.242989	4.12661e-09	0.000855143	6.93306e-06	6.98002e-18	1
duplication	Pf3D7_12_v3:511401-519000	7600	1.13639	0.00275662	124795	1.59177	1.75408e+06	1
duplication	Pf3D7_12_v3:581801-613000	31200	2.70836	0	1.04137e-73	0	2.00562e-68	1
duplication	Pf3D7_12_v3:971001-976400	5400	2.78196	1.18054e-10	1.0782e-79	1.23336e-06	7.16324e-152	1
deletion	Pf3D7_12_v3:1695401-1696600	1200	0.284342	611.477	4.7246e-09	1	1	1
deletion	Pf3D7_12_v3:1705401-1708400	3000	0.317414	0.0444928	8.91905e-07	11025.6	19444.4	1
deletion	Pf3D7_12_v3:1713401-1715800	2400	0.236851	0.178635	5.82227e-05	16089.4	6.49057e-12	1
deletion	Pf3D7_12_v3:1716201-1718200	2000	0.10522	5.00664e-05	5.19617e-56	1	1	1
deletion	Pf3D7_12_v3:1719801-1720200	400	0.0848939	24626.2	9.2595e-10	1	1	1
deletion	Pf3D7_12_v3:1720401-1721600	1200	0.137169	8.38302	5.58821e-21	1	1	1
deletion	Pf3D7_12_v3:1724801-1725400	600	0.335562	24944.9	0.014365	1	1	1
deletion	Pf3D7_12_v3:1726201-1727200	1000	0.24922	9.84674	6.52977e-18	1	1	1
deletion	Pf3D7_12_v3:1731401-1733800	2400	0.288619	0.302895	1.84649e-05	62062.5	1.30326e-06	1
deletion	Pf3D7_12_v3:2163601-2190200	26600	0.303903	5.99145e-12	2.871e+09	6.47856e-12	2.871e+09	1
deletion	Pf3D7_12_v3:2195201-2198200	3000	0.402286	0.293976	1.5917e-11	7158.6	1.85848	1
deletion	Pf3D7_12_v3:2202001-2203400	1400	0.354647	109.809	1.20678e-07	1	1	1
deletion	Pf3D7_12_v3:2211801-2212400	600	0.180717	17444.2	5.38615e-07	1	1	1
deletion	Pf3D7_12_v3:2214601-2215000	400	0.0841798	97209.6	2.62139e-08	1	1	1
deletion	Pf3D7_12_v3:2215601-2216200	600	0.23705	32503.1	0.00014282	1	1	1
deletion	Pf3D7_12_v3:2219001-2219600	600	0.158522	16244.1	1.94572e-09	1	1	1
deletion	Pf3D7_12_v3:2222401-2225600	3200	0.217907	0.00100279	4.82033e-05	17.9924	8.27201e-19	1
deletion	Pf3D7_12_v3:2226601-2227000	400	0.103308	104220	1.50263e-07	1	1	1
deletion	Pf3D7_12_v3:2231401-2238000	6600	0.344458	4.74161e-05	2.871e+09	1.59305	2.871e+09	1
deletion	Pf3D7_12_v3:2239401-2240400	1000	0.344703	802.956	1.22488e-06	1	1	1
deletion	Pf3D7_12_v3:2248801-2250800	2000	0.248713	0.0469214	1.29985e-24	1	1	1
deletion	Pf3D7_12_v3:2260401-2261000	600	0.218353	2107.85	7.79403e-11	1	1	1
deletion	Pf3D7_12_v3:2265201-2269000	3800	0.251733	6.05775e-06	4.54297e-27	6.67047	3.1609e-08	1
deletion	Pf3D7_12_v3:2271001-2271600	600	0.173945	24529.1	1.69238e-06	1	1	1
deletion	Pf3D7_13_v3:1201-12400	11200	0.282151	1.42297e-11	2.78554e+09	1.73231e-11	2.80061e+09	1
deletion	Pf3D7_13_v3:18201-19000	800	0.180146	414.748	5.10064e-17	1	1	1
deletion	Pf3D7_13_v3:22201-23800	1600	0.0493013	0.00391795	6.3191e-49	1	1	1
deletion	Pf3D7_13_v3:26801-31400	4600	0.388653	0.0038898	1.90449e+09	0.149196	7.06006e-08	1
deletion	Pf3D7_13_v3:38601-39000	400	0.0840672	134780	1.43042e-07	1	1	1
deletion	Pf3D7_13_v3:64001-68600	4600	0.359856	5.12417e-08	1.90308e-33	0.0494125	4.14924e-15	1
deletion	Pf3D7_13_v3:754601-755200	600	0.294151	60870	0.000858799	1	1	1
deletion	Pf3D7_13_v3:1168001-1170400	2400	0.631299	0.0157268	4.61106e-05	365243	7.20545e+06	1
deletion	Pf3D7_13_v3:2424601-2425000	400	0.0946279	146485	5.1009e-07	1	1	1
deletion	Pf3D7_13_v3:2673601-2674400	800	0.0625591	9.49333	5.08876e-29	1	1	1
deletion	Pf3D7_13_v3:2800801-2801200	400	0.331146	17068.2	0.0432408	1	1	1
deletion	Pf3D7_13_v3:2845601-2850200	4600	0.417922	4.29613e-07	1.7472e-26	0.0158999	3.57694e-11	1
deletion	Pf3D7_13_v3:2851201-2852400	1200	0.577859	6.07307	9.85463e-05	1	1	1
deletion	Pf3D7_13_v3:2864201-2871800	7600	0.389414	5.41447e-08	2.8344e+09	0.00163831	2.84398e+09	1
deletion	Pf3D7_13_v3:2875201-2876200	1000	0.106332	188.357	1.40694e-15	1	1	1
deletion	Pf3D7_13_v3:2880001-2881800	1800	0.167101	0.00189289	4.43748e-38	1	1	1
deletion	Pf3D7_13_v3:2883001-2884600	1600	0.314961	5.12749	2.48534e-13	1	1	1
deletion	Pf3D7_13_v3:2892201-2893400	1200	0.329126	355.908	0.00329192	1	1	1
deletion	Pf3D7_13_v3:2895201-2895800	600	0.264204	18805	0.0001057	1	1	1
deletion	Pf3D7_13_v3:2911601-2912000	400	0.218356	140447	0.00145308	1	1	1
deletion	Pf3D7_13_v3:2912601-2921200	8600	0.409337	1.12624e-05	2.871e+09	0.0289005	2.871e+09	1
deletion	Pf3D7_13_v3:2922001-2922600	600	0.383524	8820.29	0.00218499	1	1	1
deletion	Pf3D7_14_v3:4801-10600	5800	0.459037	14.047	2.871e+09	6699.83	2.871e+09	1
duplication	Pf3D7_14_v3:10601-16000	5400	0.337337	0.0431264	2.871e+09	3.51454e-06	2.16084e-12	1
deletion	Pf3D7_14_v3:17601-18600	1000	0.103803	89.2665	3.28236e-25	1	1	1
deletion	Pf3D7_14_v3:18801-23800	5000	0.44615	0.025389	2.57331e+09	34.8438	2.68849e+09	1
deletion	Pf3D7_14_v3:32801-33600	800	0.0721581	32.2714	1.54998e-25	1	1	1
deletion	Pf3D7_14_v3:3197201-3198400	1200	0.486343	365.772	0.00147434	1	1	1
deletion	Pf3D7_14_v3:3256001-3257000	1000	0.358601	709.154	1.0318e-08	1	1	1
deletion	Pf3D7_14_v3:3257401-3259800	2400	0.335152	0.0426622	3.72558e-16	245039	0.00723028	1
deletion	Pf3D7_14_v3:3261401-3262800	1400	0.379215	57.3848	1.41163e-09	1	1	1
deletion	Pf3D7_14_v3:3264401-3269800	5400	0.37359	2.24302e-09	4.80794e-18	1.62995e-05	3.97213e-08	1
deletion	Pf3D7_14_v3:3273601-3275600	2000	0.209422	0.00179317	7.04286e-43	1	1	1
deletion	Pf3D7_14_v3:3276201-3276800	600	0.0308828	236.115	3.47876e-22	1	1	1
deletion	Pf3D7_14_v3:3277601-3278600	1000	0.0874457	3.56552	1.26047e-29	1	1	1
deletion	Pf3D7_14_v3:3280001-3284000	4000	0.365409	0.000138603	7.35411e+08	115.738	1.45305e+09	1
deletion	Pf3D7_14_v3:3286601-3287000	400	0.10588	190859	7.22758e-06	1	1	1
