step	post	like	prior	mu1	mu2	gamma	pi	spa1	Tinf_1	Tinf_2	Tinf_3	Tinf_4	Tinf_5	Tinf_6	Tinf_7	Tinf_8	Tinf_9	Tinf_10	Tinf_11	alpha_1	alpha_2	alpha_3	alpha_4	alpha_5	alpha_6	alpha_7	alpha_8	alpha_9	alpha_10	alpha_11	kappa_1	kappa_2	kappa_3	kappa_4	kappa_5	kappa_6	kappa_7	kappa_8	kappa_9	kappa_10	kappa_11
1	-37738.658058585220715	-37739.783830331136414	1.125771745916988	0.000345542501728	0.000345542501728	1.000000000000000	0.877430930374385	0.000000000000000	59	-13	11	35	35	35	35	47	47	47	-1	3	0	11	11	11	3	11	3	3	3	2	9	1	9	9	9	9	9	9	9	9	9
500	-35825.023959983795066	-35818.277451646550617	-6.746508337247647	0.000347807002720	0.000347807002720	1.000000000000000	0.365878186195215	0.000000000000000	59	-13	11	34	35	35	35	47	47	47	-1	3	0	11	11	4	3	4	3	3	3	2	9	1	7	6	1	9	1	8	5	9	7
1000	-35750.821411003744288	-35739.302900421484082	-11.518510582261550	0.000353547414824	0.000353547414824	1.000000000000000	0.215309813029490	0.000000000000000	59	-13	11	34	35	35	35	47	47	47	-1	3	0	11	11	4	3	4	3	3	3	2	8	1	6	4	1	8	1	5	9	9	8
1500	-35633.182298504572827	-35623.563696654899104	-9.618601849675040	0.000362805253369	0.000362805253369	1.000000000000000	0.265915596494817	0.000000000000000	59	-13	11	34	35	35	35	47	47	47	-1	3	0	11	11	4	3	4	3	3	3	2	7	1	6	4	1	9	1	9	7	8	9
2000	-35423.170217270933790	-35416.337226941104745	-6.832990329831343	0.000380751711664	0.000380751711664	1.000000000000000	0.362379260058733	0.000000000000000	59	-13	11	34	35	35	35	47	47	47	-1	3	0	11	11	4	3	4	3	3	3	2	6	1	6	7	1	9	1	9	6	6	8
2500	-35022.277971605893981	-35015.641023681455408	-6.636947924436814	0.000416469203411	0.000416469203411	1.000000000000000	0.370359380396047	0.000000000000000	59	-13	11	34	35	35	35	47	47	47	-1	3	0	11	11	4	3	4	3	3	3	2	8	1	6	5	1	7	1	9	8	9	8
3000	-34456.290933113101346	-34448.392831065917562	-7.898102047180432	0.000473237229573	0.000473237229573	1.000000000000000	0.321933691313483	0.000000000000000	59	-13	11	34	35	35	35	47	47	47	-1	3	0	11	11	4	3	4	3	3	3	2	6	1	6	4	1	7	1	6	7	8	7
3500	-33427.343616674028453	-33423.651183922054770	-3.692432751971086	0.000597833617647	0.000597833617647	1.000000000000000	0.513701411456337	0.000000000000000	59	-13	11	34	35	35	35	47	47	47	-1	3	0	11	11	4	3	4	3	3	3	2	6	1	6	4	1	7	1	5	8	4	7
4000	-31839.386219639374758	-31830.587446350757091	-8.798773288617612	0.000854140557208	0.000854140557208	1.000000000000000	0.291275925164450	0.000000000000000	59	-13	11	34	35	35	35	47	47	47	-1	3	0	11	11	4	3	4	3	3	3	2	7	1	6	4	1	9	1	9	7	9	8
4500	-29646.813134490275843	-29638.559037028713647	-8.254097461562340	0.001408267827882	0.001408267827882	1.000000000000000	0.309448150272091	0.000000000000000	59	-13	11	34	35	35	35	47	47	47	-1	3	0	11	11	4	3	4	3	3	3	2	7	1	6	4	1	7	1	6	7	8	8
5000	-26248.842020231561037	-26238.348685402797855	-10.493334828763624	0.003083554817337	0.003083554817337	1.000000000000000	0.241286831690734	0.000000000000000	59	-13	11	34	35	35	35	47	47	47	-1	3	0	11	11	4	3	4	3	3	3	2	9	1	6	4	1	8	1	8	9	9	6
5500	-21333.031187399174087	-21324.984734489960829	-8.046452909212144	0.010173393155680	0.010173393155680	1.000000000000000	0.316670616062777	0.000000000000000	59	-13	11	34	35	35	35	47	47	47	-1	3	0	11	11	4	3	4	3	3	3	2	7	1	5	4	1	9	1	9	7	6	6
6000	-16575.108721423264797	-16565.640206726806355	-9.468514696458563	0.064374364695885	0.064374364695885	1.000000000000000	0.270387280198487	0.000000000000000	59	-13	11	34	35	35	35	47	47	47	-1	3	0	11	11	4	3	4	3	3	3	2	8	1	5	4	1	7	1	8	8	7	6
6500	-16571.478830497177114	-16559.208053883809043	-12.270776613368531	0.066561071875199	0.066561071875199	1.000000000000000	0.198044720670558	0.000000000000000	59	-13	11	34	35	35	35	47	47	47	-1	3	0	11	11	4	3	4	3	3	3	2	8	1	5	4	1	7	1	9	8	9	6
7000	-11716.389187491438861	-11707.878909272738383	-8.510278218700140	0.110235920206179	0.110235920206179	1.000000000000000	0.300764035509683	0.000000000000000	59	-13	11	35	35	35	35	47	47	47	-5	3	0	11	11	11	3	11	3	3	3	2	9	1	1	4	9	8	8	9	8	7	1
7500	-9333.807099834761175	-9322.677164133301630	-11.129935701458859	0.326098124015441	0.326098124015441	1.000000000000000	0.224809408182036	0.000000000000000	59	-13	11	35	35	35	35	47	47	47	-3	3	0	11	11	11	3	11	3	3	3	2	9	1	1	7	9	9	9	9	8	9	1
8000	-9333.771937936520771	-9322.199436697432247	-11.572501239089222	0.324632779180000	0.324632779180000	1.000000000000000	0.214022044171052	0.000000000000000	59	-17	11	35	35	35	35	47	47	47	-3	3	0	11	11	11	3	11	3	3	3	2	6	1	1	9	8	8	9	7	9	9	1
8500	-9333.972736622761659	-9323.284354962785073	-10.688381659976672	0.329427483110956	0.329427483110956	1.000000000000000	0.236113950276874	0.000000000000000	59	-17	11	35	35	35	35	47	47	47	-3	3	0	11	11	11	3	11	3	3	3	2	7	1	1	9	8	7	9	8	9	9	1
9000	-9338.110896443426100	-9323.788884114306711	-14.322012329120190	0.327998658564006	0.327998658564006	1.000000000000000	0.157681596485229	0.000000000000000	59	-17	11	35	35	35	35	47	47	47	-3	3	0	11	11	11	3	11	3	3	3	2	9	1	1	7	6	8	9	8	8	8	1
9500	-9336.049401051515815	-9321.116920974352979	-14.932480077163403	0.319124704937590	0.319124704937590	1.000000000000000	0.147340765668866	0.000000000000000	59	-17	11	35	35	35	35	47	47	47	-3	3	0	11	11	11	3	11	3	3	3	2	8	1	1	8	8	9	9	8	9	7	1
10000	-9331.675254092682735	-9322.944824624004468	-8.730429468677714	0.323524154030959	0.323524154030959	1.000000000000000	0.293496223519167	0.000000000000000	59	-17	11	35	35	35	35	47	47	47	-3	3	0	11	11	11	3	11	3	3	3	2	9	1	1	8	9	9	9	9	9	8	1
10500	-9336.783334344154355	-9327.809344241450162	-8.973990102703491	0.319150719723213	0.319150719723213	1.000000000000000	0.285660053425768	0.000000000000000	59	-13	11	35	35	35	35	47	47	47	-3	3	0	11	11	11	3	11	3	3	3	2	8	1	1	9	9	8	8	6	9	7	1
11000	-9334.436249278316609	-9324.009079327288418	-10.427169951027423	0.327801149100884	0.327801149100884	1.000000000000000	0.243067225169426	0.000000000000000	59	-13	11	35	34	35	35	47	47	47	-3	3	0	11	11	11	3	11	3	3	3	2	9	1	1	9	9	9	9	9	8	9	1
11500	-9334.807450538617559	-9327.196312600231977	-7.611137938385824	0.325394405044135	0.325394405044135	1.000000000000000	0.332363914865216	0.000000000000000	59	-17	11	35	35	35	35	47	47	47	-3	3	0	11	11	11	3	11	3	3	3	2	7	1	1	8	8	9	8	8	7	9	1
12000	-9334.645336052588391	-9324.632004137252807	-10.013331915335652	0.319154194025138	0.319154194025138	1.000000000000000	0.254504891497258	0.000000000000000	59	-17	11	35	35	35	35	47	47	47	-3	3	0	11	11	11	3	11	3	3	3	2	9	1	1	9	8	8	8	8	6	9	1
12500	-9336.530659948553875	-9324.824467087883022	-11.706192860671706	0.324665683480116	0.324665683480116	1.000000000000000	0.210866323594905	0.000000000000000	59	-17	11	35	35	35	35	47	47	47	-3	3	0	11	11	11	3	11	3	3	3	2	8	1	1	5	9	8	9	6	9	9	1
13000	-9335.944405377933435	-9327.685058221102736	-8.259347156830353	0.319924664594190	0.319924664594190	1.000000000000000	0.309267701961556	0.000000000000000	59	-17	11	35	35	35	35	47	47	47	-3	3	0	11	11	11	3	11	3	3	3	2	9	1	1	9	9	9	8	7	7	5	1
13500	-9337.201361085366443	-9328.546067099779975	-8.655293985585837	0.318774825892885	0.318774825892885	1.000000000000000	0.295956699792880	0.000000000000000	59	-17	11	35	35	35	35	47	47	47	-3	3	0	11	11	11	3	11	3	3	3	2	6	1	1	7	9	8	8	6	8	8	1
14000	-9334.890185745040071	-9322.386928414176509	-12.503257330863770	0.321790133728143	0.321790133728143	1.000000000000000	0.192994497151743	0.000000000000000	59	-17	11	35	35	35	35	47	47	47	-3	3	0	11	11	11	3	11	3	3	3	2	9	1	1	8	9	8	9	7	8	6	1
14500	-9339.825626678122717	-9330.840858019791995	-8.984768658329847	0.320011634098686	0.320011634098686	1.000000000000000	0.285318146783724	0.000000000000000	59	-17	11	35	35	35	35	47	47	47	-3	3	0	11	11	11	3	11	3	3	3	2	6	1	1	5	8	8	8	6	7	8	1
15000	-9341.475239824409073	-9334.758052999517531	-6.717186824891074	0.323085814312388	0.323085814312388	1.000000000000000	0.367072141366160	0.000000000000000	59	-13	11	35	35	35	35	47	47	47	-3	3	0	11	11	11	3	11	3	3	3	2	8	1	1	8	6	8	8	6	7	6	1
15500	-9335.848888203652677	-9326.079757509354749	-9.769130694298717	0.331315894672705	0.331315894672705	1.000000000000000	0.261505031657123	0.000000000000000	59	-17	11	35	35	35	35	47	47	47	-3	3	0	11	11	11	3	11	3	3	3	2	8	1	1	8	8	9	6	9	9	9	1
16000	-9336.776166616680712	-9328.575300336211512	-8.200866280469731	0.331015126123619	0.331015126123619	1.000000000000000	0.311283828051206	0.000000000000000	59	-17	11	35	35	35	35	47	47	47	-3	3	0	11	11	11	3	11	3	3	3	2	7	1	1	9	8	9	9	9	7	5	1
16500	-9334.107329532273070	-9325.077442024372431	-9.029887507900423	0.325087558031421	0.325087558031421	1.000000000000000	0.283891367635500	0.000000000000000	59	-17	11	35	35	35	35	47	47	47	-3	3	0	11	11	11	3	11	3	3	3	2	9	1	1	8	8	9	8	6	9	8	1
17000	-9336.584726061559195	-9327.487341455329442	-9.097384606229959	0.325246131908281	0.325246131908281	1.000000000000000	0.281770237744123	0.000000000000000	59	-17	11	35	35	35	35	47	47	47	-3	3	0	11	11	11	3	11	3	3	3	2	9	1	1	7	6	7	9	8	7	9	1
17500	-9332.178462185862372	-9323.192909313325799	-8.985552872536990	0.324345959749334	0.324345959749334	1.000000000000000	0.285293286695245	0.000000000000000	59	-17	11	35	35	35	35	47	47	47	-3	3	0	11	11	11	3	11	3	3	3	2	8	1	1	8	9	8	9	8	9	9	1
18000	-9337.167732076744869	-9327.616706894843446	-9.551025181901815	0.330081078084417	0.330081078084417	1.000000000000000	0.267919743379495	0.000000000000000	59	-17	11	35	34	35	35	47	47	47	-3	3	0	11	11	11	3	11	3	3	3	2	8	1	1	7	7	9	9	8	8	7	1
18500	-9335.141974590542304	-9323.719108329325536	-11.422866261216736	0.323252853542441	0.323252853542441	1.000000000000000	0.217610143341076	0.000000000000000	59	-17	11	35	35	35	35	47	47	47	-3	3	0	11	11	11	3	11	3	3	3	2	8	1	1	8	7	8	9	8	7	7	1
19000	-9334.794703060630127	-9323.534028149688311	-11.260674910942583	0.318134437255524	0.318134437255524	1.000000000000000	0.221567301960456	0.000000000000000	59	-17	11	35	35	35	35	47	47	47	-3	3	0	11	11	11	3	11	3	3	3	2	8	1	1	8	8	8	9	8	7	8	1
19500	-9335.289289201356951	-9327.602818484177988	-7.686470717179398	0.319270976945292	0.319270976945292	1.000000000000000	0.329593536913088	0.000000000000000	59	-17	11	35	35	35	35	47	47	47	-3	3	0	11	11	11	3	11	3	3	3	2	9	1	1	8	7	9	9	7	8	9	1
20000	-9330.941716670620735	-9321.796078324945483	-9.145638345674463	0.324738339582867	0.324738339582867	1.000000000000000	0.280263561768876	0.000000000000000	59	-17	11	35	35	35	35	47	47	47	-3	3	0	11	11	11	3	11	3	3	3	2	8	1	1	9	9	9	9	9	8	9	1
20500	-9338.294892847847223	-9330.513942916006272	-7.780949931840279	0.330148938947145	0.330148938947145	1.000000000000000	0.326151663435413	0.000000000000000	59	-17	11	35	35	35	35	47	47	47	-3	3	0	11	11	11	3	11	3	3	3	2	5	1	1	8	9	8	9	5	9	8	1
21000	-9334.647196350742888	-9324.788926191951759	-9.858270158790981	0.325186876295553	0.325186876295553	1.000000000000000	0.258927769326425	0.000000000000000	59	-17	11	35	35	35	35	47	47	47	-3	3	0	11	11	11	3	11	3	3	3	2	9	1	1	7	7	7	9	9	9	9	1
21500	-9335.842160513720955	-9326.011801828492025	-9.830358685228076	0.320019246883281	0.320019246883281	1.000000000000000	0.259732021962529	0.000000000000000	59	-17	11	35	35	35	35	47	47	47	-3	3	0	11	11	11	3	11	3	3	3	2	6	1	1	7	9	9	8	7	7	8	1
22000	-9337.146697017313272	-9328.786893170412441	-8.359803846899993	0.329397136304998	0.329397136304998	1.000000000000000	0.305834894772789	0.000000000000000	59	-17	11	35	35	35	35	47	47	47	-3	3	0	11	11	11	3	11	3	3	3	2	7	1	1	9	8	7	7	6	9	9	1
22500	-9338.536175124178044	-9327.163046188317821	-11.373128935859324	0.319007235965587	0.319007235965587	1.000000000000000	0.218816066516047	0.000000000000000	59	-17	11	35	35	35	35	47	47	47	-3	3	0	11	11	11	3	11	3	3	3	2	8	1	1	5	9	8	9	5	8	9	1
23000	-9332.363623522940543	-9321.522131365658424	-10.841492157281282	0.323639921855554	0.323639921855554	1.000000000000000	0.232131089067008	0.000000000000000	59	-17	11	35	35	35	35	47	47	47	-3	3	0	11	11	11	3	11	3	3	3	2	6	1	1	9	8	9	9	8	9	9	1
23500	-9332.643574156922114	-9321.201548517108677	-11.442025639813131	0.322102153618472	0.322102153618472	1.000000000000000	0.217147383290819	0.000000000000000	59	-17	11	35	35	35	35	47	47	47	-3	3	0	11	11	11	3	11	3	3	3	2	8	1	1	9	9	8	8	9	9	7	1
24000	-9339.488002710397268	-9333.314688042573835	-6.173314667824156	0.322738672178528	0.322738672178528	1.000000000000000	0.389938345783240	0.000000000000000	59	-17	11	35	35	35	35	47	47	47	-3	3	0	11	11	11	3	11	3	3	3	2	8	1	1	9	8	5	7	8	7	8	1
24500	-9339.506005807710608	-9329.502027348222327	-10.003978459488472	0.314136428571371	0.314136428571371	1.000000000000000	0.254769529018238	0.000000000000000	59	-17	11	35	35	35	35	47	47	47	-3	3	0	11	11	11	3	11	3	3	3	2	5	1	1	9	8	8	8	8	6	9	1
25000	-9335.796925503234888	-9327.628105842324658	-8.168819660909781	0.325557044511327	0.325557044511327	1.000000000000000	0.312394203133199	0.000000000000000	59	-17	11	35	35	35	35	47	47	47	-3	3	0	11	11	11	3	11	3	3	3	2	7	1	1	8	8	9	9	6	8	6	1
25500	-9339.952135605395597	-9331.541285265759143	-8.410850339637037	0.321942542071773	0.321942542071773	1.000000000000000	0.304105160487599	0.000000000000000	59	-13	11	35	35	35	35	47	47	47	-3	3	0	11	11	11	3	11	3	3	3	2	8	1	1	8	9	8	6	6	6	7	1
26000	-9334.563488008798231	-9326.206041182536865	-8.357446826261155	0.328613213211018	0.328613213211018	1.000000000000000	0.305915000723970	0.000000000000000	59	-13	11	35	35	35	35	47	47	47	-3	3	0	11	11	11	3	11	3	3	3	2	9	1	1	9	8	9	9	8	9	8	1
26500	-9334.367569351401471	-9326.463486085747718	-7.904083265654116	0.329030783108484	0.329030783108484	1.000000000000000	0.321719811753399	0.000000000000000	59	-17	11	35	35	35	35	47	47	47	-3	3	0	11	11	11	3	11	3	3	3	2	9	1	1	9	9	9	9	9	7	6	1
27000	-9337.182187861759303	-9327.818695669075169	-9.363492192684165	0.332368546271655	0.332368546271655	1.000000000000000	0.273560955610336	0.000000000000000	59	-17	11	35	35	35	35	47	47	47	-3	3	0	11	11	11	3	11	3	3	3	2	7	1	1	6	7	9	9	8	9	9	1
27500	-9338.195308808481059	-9328.829067645536270	-9.366241162945650	0.327683273006377	0.327683273006377	1.000000000000000	0.273477411599688	0.000000000000000	59	-17	11	35	35	35	35	47	47	47	-3	3	0	11	11	11	3	11	3	3	3	2	7	1	1	6	6	8	8	7	9	8	1
28000	-9337.380521806069737	-9325.746829701678507	-11.633692104391203	0.314124021002690	0.314124021002690	1.000000000000000	0.212571847016678	0.000000000000000	59	-17	11	35	35	35	35	47	47	47	-3	3	0	11	11	11	3	11	3	3	3	2	7	1	1	7	9	8	8	9	9	8	1
28500	-9336.449913295797160	-9325.187367293416173	-11.262546002381427	0.321165648529075	0.321165648529075	1.000000000000000	0.221521243117103	0.000000000000000	59	-17	11	35	35	35	35	47	47	47	-3	3	0	11	11	11	3	11	3	3	3	2	7	1	1	9	7	8	7	9	7	7	1
29000	-9335.901079529367053	-9329.169168453689053	-6.731911075677479	0.322245905135452	0.322245905135452	1.000000000000000	0.366472092096865	0.000000000000000	59	-17	11	35	35	35	35	47	47	47	-3	3	0	11	11	11	3	11	3	3	3	2	9	1	1	9	8	8	7	8	9	9	1
29500	-9337.554445237648906	-9325.895611522282707	-11.658833715365486	0.326637700060828	0.326637700060828	1.000000000000000	0.211978853593773	0.000000000000000	59	-17	11	35	35	35	35	47	47	47	-3	3	0	11	11	11	3	11	3	3	3	2	8	1	1	7	6	9	9	7	6	8	1
30000	-9334.419751631552572	-9324.671828563172312	-9.747923068380349	0.327834927555766	0.327834927555766	1.000000000000000	0.262121969458344	0.000000000000000	59	-17	11	35	35	35	35	47	47	47	-3	3	0	11	11	11	3	11	3	3	3	2	9	1	1	8	9	9	7	7	8	7	1
30500	-9337.276953198179399	-9328.209843807082507	-9.067109391097269	0.321851164648102	0.321851164648102	1.000000000000000	0.282719684283782	0.000000000000000	59	-17	11	35	35	35	35	47	47	47	-3	3	0	11	11	11	3	11	3	3	3	2	5	1	1	9	7	9	9	9	6	6	1
31000	-9332.524834195621224	-9320.533084894077547	-11.991749301543482	0.323647571385018	0.323647571385018	1.000000000000000	0.204280878412397	0.000000000000000	59	-17	11	35	35	35	35	47	47	47	-3	3	0	11	11	11	3	11	3	3	3	2	7	1	1	9	8	9	9	9	7	9	1
31500	-9338.346082470823603	-9325.370476644460723	-12.975605826362138	0.331109990707689	0.331109990707689	1.000000000000000	0.183126745261617	0.000000000000000	59	-13	11	35	35	35	35	47	47	47	-3	3	0	11	11	11	3	11	3	3	3	2	7	1	1	9	9	7	7	9	8	9	1
32000	-9334.456478350817633	-9324.537224899864668	-9.919253450952283	0.318732135824595	0.318732135824595	1.000000000000000	0.257179225812562	0.000000000000000	59	-17	11	35	35	35	35	47	47	47	-3	3	0	11	11	11	3	11	3	3	3	2	9	1	1	9	8	6	9	9	9	8	1
32500	-9333.760525130890528	-9325.272209336180822	-8.488315794709338	0.320520870150981	0.320520870150981	1.000000000000000	0.301498877002720	0.000000000000000	59	-17	11	35	35	35	35	47	47	47	-3	3	0	11	11	11	3	11	3	3	3	2	7	1	1	8	9	8	8	9	9	9	1
33000	-9334.800490110075771	-9325.757909350579212	-9.042580759496726	0.323938900535731	0.323938900535731	1.000000000000000	0.283491260454615	0.000000000000000	59	-17	11	35	35	35	35	47	47	47	-3	3	0	11	11	11	3	11	3	3	3	2	7	1	1	7	7	9	9	9	7	8	1
33500	-9333.243308321358199	-9324.322436857302819	-8.920871464054509	0.318482732961016	0.318482732961016	1.000000000000000	0.287351024538894	0.000000000000000	59	-17	11	35	35	35	35	47	47	47	-3	3	0	11	11	11	3	11	3	3	3	2	9	1	1	9	8	9	9	8	7	9	1
34000	-9334.164172839467938	-9322.835988684713811	-11.328184154753972	0.322951900269413	0.322951900269413	1.000000000000000	0.219911537357245	0.000000000000000	59	-17	11	35	35	35	35	47	47	47	-3	3	0	11	11	11	3	11	3	3	3	2	9	1	1	8	7	8	8	8	8	9	1
34500	-9333.673096718364832	-9324.807579817310398	-8.865516901054269	0.320558035784358	0.320558035784358	1.000000000000000	0.289123825249813	0.000000000000000	59	-17	11	35	35	35	35	47	47	47	-3	3	0	11	11	11	3	11	3	3	3	2	6	1	1	8	9	9	9	7	9	9	1
35000	-9334.283491125908768	-9322.931355413596975	-11.352135712312011	0.332229386507235	0.332229386507235	1.000000000000000	0.219327068327436	0.000000000000000	59	-17	11	35	35	35	35	47	47	47	-3	3	0	11	11	11	3	11	3	3	3	2	7	1	1	8	9	9	8	9	9	9	1
35500	-9333.555868181067126	-9323.268566855422250	-10.287301325644957	0.321579379542273	0.321579379542273	1.000000000000000	0.246874228415386	0.000000000000000	59	-13	11	35	35	35	35	47	47	47	-3	3	0	11	11	11	3	11	3	3	3	2	9	1	1	9	9	8	9	9	7	9	1
36000	-9332.702016812314469	-9322.343760311510778	-10.358256500804591	0.326017151023743	0.326017151023743	1.000000000000000	0.244935546859886	0.000000000000000	59	-17	11	35	35	35	35	47	47	47	-3	3	0	11	11	11	3	11	3	3	3	2	8	1	1	8	8	9	9	7	8	9	1
36500	-9334.880408050112237	-9325.175300583296121	-9.705107466816774	0.326606364119086	0.326606364119086	1.000000000000000	0.263371930291817	0.000000000000000	59	-17	11	35	35	35	35	47	47	47	-3	3	0	11	11	11	3	11	3	3	3	2	5	1	1	9	8	8	9	9	7	8	1
37000	-9340.826677299277435	-9332.056790198907038	-8.769887100369989	0.318455255125090	0.318455255125090	1.000000000000000	0.292212299399233	0.000000000000000	59	-17	11	35	35	35	35	47	47	47	-3	3	0	11	11	11	3	11	3	3	3	2	7	1	1	9	8	7	5	8	7	5	1
37500	-9338.746766874155583	-9327.692740417012828	-11.054026457142896	0.327901643671518	0.327901643671518	1.000000000000000	0.226713550593460	0.000000000000000	59	-17	11	35	35	35	35	47	47	47	-3	3	0	11	11	11	3	11	3	3	3	2	5	1	1	8	8	6	9	6	8	9	1
38000	-9335.169423060526242	-9326.453183105077187	-8.716239955449602	0.321838791588537	0.321838791588537	1.000000000000000	0.293959318322234	0.000000000000000	59	-17	11	35	35	35	35	47	47	47	-3	3	0	11	11	11	3	11	3	3	3	2	9	1	1	8	6	8	9	7	9	9	1
38500	-9340.075115111510968	-9330.467579899181146	-9.607535212329624	0.329660079295677	0.329660079295677	1.000000000000000	0.266242774437006	0.000000000000000	59	-13	11	35	35	35	35	47	47	47	-3	3	0	11	11	11	3	11	3	3	3	2	8	1	1	6	9	9	8	6	6	7	1
39000	-9337.606868154014592	-9326.139663376236058	-11.467204777778461	0.320436151980017	0.320436151980017	1.000000000000000	0.216540722983081	0.000000000000000	59	-13	11	35	35	35	35	47	47	47	-3	3	0	11	11	11	3	11	3	3	3	2	5	1	1	9	7	8	9	8	9	8	1
39500	-9336.331239902263405	-9325.469017866416834	-10.862222035846887	0.325562543291086	0.325562543291086	1.000000000000000	0.231597032211920	0.000000000000000	59	-13	11	35	35	35	35	47	47	47	-3	3	0	11	11	11	3	11	3	3	3	2	9	1	1	6	9	8	9	7	8	8	1
40000	-9336.105438704131302	-9325.433608075971279	-10.671830628159737	0.323529474045156	0.323529474045156	1.000000000000000	0.236548564171906	0.000000000000000	59	-13	11	35	35	35	35	47	47	47	-3	3	0	11	11	11	3	11	3	3	3	2	9	1	1	8	6	9	9	7	9	8	1
40500	-9335.580841341148698	-9325.840867261558742	-9.739974079589899	0.325169330682102	0.325169330682102	1.000000000000000	0.262353583348294	0.000000000000000	59	-17	11	35	35	35	35	47	47	47	-3	3	0	11	11	11	3	11	3	3	3	2	7	1	1	9	6	8	9	9	8	6	1
41000	-9334.902963344959062	-9324.189752436803246	-10.713210908156478	0.332094234924452	0.332094234924452	1.000000000000000	0.235463455553598	0.000000000000000	59	-17	11	35	35	35	35	47	47	47	-3	3	0	11	11	11	3	11	3	3	3	2	6	1	1	9	9	8	9	7	9	9	1
41500	-9331.639992328544395	-9321.736760199964920	-9.903232128578923	0.325070130617502	0.325070130617502	1.000000000000000	0.257637450354447	0.000000000000000	59	-17	11	35	35	35	35	47	47	47	-3	3	0	11	11	11	3	11	3	3	3	2	9	1	1	8	9	9	9	9	7	9	1
42000	-9333.705381811398183	-9324.420867542632550	-9.284514268765662	0.323864363716988	0.323864363716988	1.000000000000000	0.275972105710186	0.000000000000000	59	-17	11	35	35	35	35	47	47	47	-3	3	0	11	11	11	3	11	3	3	3	2	9	1	1	9	7	9	9	8	8	6	1
42500	-9337.757270402244103	-9325.989316570537994	-11.767953831706846	0.325440611611590	0.325440611611590	1.000000000000000	0.209424242948132	0.000000000000000	59	-13	11	35	35	35	35	47	47	47	-3	3	0	11	11	11	3	11	3	3	3	2	4	1	1	9	9	8	9	7	8	9	1
43000	-9338.792092771142052	-9329.582688563432384	-9.209404207709001	0.325240859744481	0.325240859744481	1.000000000000000	0.278284885422586	0.000000000000000	59	-17	11	35	35	35	35	47	47	47	-3	3	0	11	11	11	3	11	3	3	3	2	9	1	1	9	6	7	6	9	6	7	1
43500	-9331.336004198363298	-9320.402729458026442	-10.933274740336190	0.324662826627181	0.324662826627181	1.000000000000000	0.229775831131160	0.000000000000000	59	-17	11	35	35	35	35	47	47	47	-3	3	0	11	11	11	3	11	3	3	3	2	8	1	1	9	9	8	9	8	9	8	1
44000	-9335.627932776849775	-9327.300774320510754	-8.327158456338312	0.317223267026565	0.317223267026565	1.000000000000000	0.306946253549595	0.000000000000000	59	-17	11	35	35	35	35	47	47	47	-3	3	0	11	11	11	3	11	3	3	3	2	9	1	1	7	9	9	8	8	7	8	1
44500	-9337.387830330962970	-9319.622468680854581	-17.765361650108950	0.322920904564907	0.322920904564907	1.000000000000000	0.107552964433290	0.000000000000000	59	-17	11	35	35	35	35	47	47	47	-3	3	0	11	11	11	3	11	3	3	3	2	9	1	1	8	9	9	9	8	7	9	1
45000	-9333.927399641273951	-9325.450574856242383	-8.476824785030743	0.325544240024860	0.325544240024860	1.000000000000000	0.301884070244099	0.000000000000000	59	-17	11	35	35	35	35	47	47	47	-3	3	0	11	11	11	3	11	3	3	3	2	9	1	1	7	7	9	9	9	9	9	1
45500	-9341.204351045866133	-9333.148500109249653	-8.055850936615951	0.328604409297351	0.328604409297351	1.000000000000000	0.316340113193894	0.000000000000000	59	-13	11	35	35	35	35	47	47	47	-3	3	0	11	11	11	3	11	3	3	3	2	7	1	1	6	9	9	8	7	8	4	1
46000	-9338.339096210696880	-9328.809564386854618	-9.529531823842721	0.326666026787594	0.326666026787594	1.000000000000000	0.268560340771717	0.000000000000000	59	-13	11	35	35	35	35	47	47	47	-3	3	0	11	11	11	3	11	3	3	3	2	9	1	1	6	8	7	8	9	8	7	1
46500	-9340.376249847569852	-9330.846530435193927	-9.529719412375785	0.323940246489835	0.323940246489835	1.000000000000000	0.268554743181123	0.000000000000000	59	-17	11	35	35	35	35	47	47	47	-3	3	0	11	11	11	3	11	3	3	3	2	5	1	1	6	8	7	9	5	8	7	1
47000	-9340.854522934811030	-9333.718045444793461	-7.136477490016850	0.322597481473884	0.322597481473884	1.000000000000000	0.350363275965961	0.000000000000000	59	-17	11	35	35	35	35	47	47	47	-3	3	0	11	11	11	3	11	3	3	3	2	7	1	1	9	6	7	6	6	6	8	1
47500	-9338.091397820733619	-9326.057004495451110	-12.034393325281615	0.319930128037828	0.319930128037828	1.000000000000000	0.203315239190418	0.000000000000000	59	-13	11	35	35	35	35	47	47	47	-3	3	0	11	11	11	3	11	3	3	3	2	9	1	1	9	9	6	9	9	9	5	1
48000	-9340.052549139010807	-9332.588248886808287	-7.464300252202589	0.318750464599401	0.318750464599401	1.000000000000000	0.337831008696167	0.000000000000000	59	-17	11	35	35	35	35	47	47	47	-3	3	0	11	11	11	3	11	3	3	3	2	6	1	1	8	6	8	9	5	7	8	1
48500	-9335.665565178358520	-9325.545975692893990	-10.119589485464356	0.319857854625946	0.319857854625946	1.000000000000000	0.251517774035863	0.000000000000000	59	-13	11	35	35	35	35	47	47	47	-3	3	0	11	11	11	3	11	3	3	3	2	8	1	1	9	6	9	9	9	8	8	1
49000	-9335.914148577963715	-9325.344889649883044	-10.569258928080478	0.313921987341661	0.313921987341661	1.000000000000000	0.239259894967007	0.000000000000000	59	-17	11	35	35	35	35	47	47	47	-3	3	0	11	11	11	3	11	3	3	3	2	7	1	1	9	8	8	9	9	8	8	1
49500	-9334.032320020154657	-9322.850071390246740	-11.182248629908161	0.319752948628462	0.319752948628462	1.000000000000000	0.223506483120145	0.000000000000000	59	-17	11	35	35	35	35	47	47	47	-3	3	0	11	11	11	3	11	3	3	3	2	7	1	1	9	9	7	8	8	9	8	1
50000	-9334.205053031038915	-9324.962696774357028	-9.242356256682086	0.323494595408448	0.323494595408448	1.000000000000000	0.277267853167111	0.000000000000000	59	-17	11	35	35	35	35	47	47	47	-3	3	0	11	11	11	3	11	3	3	3	2	8	1	1	7	8	9	8	7	9	8	1