gen	size	0.0	0.01	0.02	0.03	0.04	0.05	0.06	0.07	0.08	0.09	0.1	0.11	0.12	0.13	0.14	0.15	0.16	0.17	0.18	0.19	0.2	0.21	0.22	0.23	0.24	>0.25
1	66	100000000	0	7	0	0	0	0	0	0	0	0	0	0	0	0	0	0	0	0	0	0	0
2	136	100000000	9	4	0	1	0	0	0	0	0	0	0	0	0	0	0	0	0	0	0	0	0
3	253	100000000	26	3	1	0	0	1	0	0	0	0	0	0	0	0	0	0	0	0	0	0	0
4	519	100000000	55	2	2	0	0	0	1	0	0	0	0	0	0	0	0	0	0	0	0	0	0
5	1082	100000000	113	3	1	0	0	1	0	0	0	0	0	0	0	0	0	0	0	0	0	0	0
6	2098	100000000	218	4	0	0	0	1	0	0	0	0	0	0	0	0	0	0	0	0	0	0	0
7	4163	100000000	467	4	0	0	0	1	0	0	0	0	0	0	0	0	0	0	0	0	0	0	0
8	8444	100000000	939	5	0	0	0	1	0	0	0	0	0	0	0	0	0	0	0	0	0	0	0
9	16861	100000000	1817	5	0	0	0	1	0	0	0	0	0	0	0	0	0	0	0	0	0	0	0
10	33745	100000000	3305	5	0	0	0	1	0	0	0	0	0	0	0	0	0	0	0	0	0	0	0
11	67590	100000000	5611	5	0	0	0	1	0	0	0	0	0	0	0	0	0	0	0	0	0	0	0
12	135252	100000000	8114	5	0	0	0	1	0	0	0	0	0	0	0	0	0	0	0	0	0	0	0
13	270755	100000000	9623	5	0	0	0	1	0	0	0	0	0	0	0	0	0	0	0	0	0	0	0
14	541185	100000000	9983	5	0	0	0	1	0	0	0	0	0	0	0	0	0	0	0	0	0	0	0
15	1079136	100000000	9994	5	0	0	0	1	0	0	0	0	0	0	0	0	0	0	0	0	0	0	0
16	2142344	100000000	9994	5	0	0	0	1	0	0	0	0	0	0	0	0	0	0	0	0	0	0	0
17	4215811	100000000	9994	5	0	0	0	1	0	0	0	0	0	0	0	0	0	0	0	0	0	0	0
18	8184294	100000000	9994	5	0	0	0	1	0	0	0	0	0	0	0	0	0	0	0	0	0	0	0
19	15466440	100000000	9994	5	0	0	0	1	0	0	0	0	0	0	0	0	0	0	0	0	0	0	0
20	27784964	100000000	9994	5	0	0	0	1	0	0	0	0	0	0	0	0	0	0	0	0	0	0	0
21	333524	100000000	9994	5	0	0	0	1	0	0	0	0	0	0	0	0	0	0	0	0	0	0	0
22	665839	100000000	9994	5	0	0	0	1	0	0	0	0	0	0	0	0	0	0	0	0	0	0	0
23	1323592	100000000	9994	5	0	0	0	1	0	0	0	0	0	0	0	0	0	0	0	0	0	0	0
24	2623210	100000000	9994	5	0	0	0	1	0	0	0	0	0	0	0	0	0	0	0	0	0	0	0
25	5153348	100000000	9994	5	0	0	0	1	0	0	0	0	0	0	0	0	0	0	0	0	0	0	0
26	9944626	100000000	9994	5	0	0	0	1	0	0	0	0	0	0	0	0	0	0	0	0	0	0	0
27	199606	100000000	9994	5	0	0	0	1	0	0	0	0	0	0	0	0	0	0	0	0	0	0	0
28	398672	100000000	9994	5	0	0	0	1	0	0	0	0	0	0	0	0	0	0	0	0	0	0	0
29	793204	100000000	9994	5	0	0	0	1	0	0	0	0	0	0	0	0	0	0	0	0	0	0	0
30	16209	100000000	7411	5	0	0	0	1	0	0	0	0	0	0	0	0	0	0	0	0	0	0	0
31	32166	100000000	7795	6	0	0	0	1	0	0	0	0	0	0	0	0	0	0	0	0	0	0	0
32	64546	100000000	8459	6	0	0	0	1	0	0	0	0	0	0	0	0	0	0	0	0	0	0	0
33	1268	100000000	1208	5	0	0	0	1	0	0	0	0	0	0	0	0	0	0	0	0	0	0	0
34	2524	100000000	1273	7	0	0	0	1	0	0	0	0	0	0	0	0	0	0	0	0	0	0	0
35	71	100000000	0	16	24	14	5	5	0	0	0	6	0	0	1	0	0	0	0	0	0	0	0
36	121	100000000	9	19	6	6	5	4	0	8	0	3	0	1	0	0	0	0	0	0	0	0	0
37	219	100000000	20	14	15	5	3	5	4	3	6	0	0	0	0	0	0	0	0	0	0	0	0
38	429	100000000	38	11	14	10	0	6	4	0	6	1	1	0	0	0	0	0	0	0	0	0	0
39	839	100000000	104	11	6	13	7	1	0	4	3	3	1	1	0	0	0	0	0	0	0	0	0
40	1728	100000000	204	12	8	6	12	0	4	0	3	3	0	2	0	0	0	0	0	0	0	0	0
41	3353	100000000	317	12	8	6	9	3	4	0	3	3	1	1	0	0	0	0	0	0	0	0	0
42	6336	100000000	516	12	8	10	2	6	4	0	6	0	1	1	0	0	0	0	0	0	0	0	0
43	12379	100000000	901	13	8	10	5	3	4	0	6	0	1	1	0	0	0	0	0	0	0	0	0
44	23755	100000000	1546	12	8	10	2	6	4	0	6	0	1	1	0	0	0	0	0	0	0	0	0
45	45950	100000000	2655	12	8	6	6	6	4	0	6	0	1	1	0	0	0	0	0	0	0	0	0
46	89203	100000000	4412	14	7	6	8	4	4	0	6	0	1	1	0	0	0	0	0	0	0	0	0
47	171253	100000000	6268	14	7	6	6	6	4	0	6	0	1	1	0	0	0	0	0	0	0	0	0
48	328894	100000000	8190	14	7	10	2	6	4	0	6	0	1	1	0	0	0	0	0	0	0	0	0
49	631155	100000000	9518	14	7	10	2	6	4	0	6	0	1	1	0	0	0	0	0	0	0	0	0
50	1205489	100000000	9918	13	7	10	2	6	4	0	6	0	1	1	0	0	0	0	0	0	0	0	0
51	2295749	100000000	9950	13	7	10	2	6	4	0	6	0	1	1	0	0	0	0	0	0	0	0	0
52	4379374	964079750	9950	13	7	10	2	6	4	0	6	0	1	1	0	0	0	0	0	0	0	0	0
53	44994	912331549	6525	17	6	11	5	0	9	3	0	3	1	1	0	0	0	0	0	0	0	0	0
54	89745	864589540	7916	16	10	7	5	0	9	3	0	3	1	1	0	0	0	0	0	0	0	0	0
55	1826	810622682	805	14	20	3	1	2	7	7	1	3	1	0	0	0	0	0	0	0	0	0	0
56	38	745059614	0	0	9	0	0	0	5	0	12	0	4	0	4	0	3	0	0	0	0	0	0
57	72	675961035	0	2	4	6	1	0	8	0	5	0	7	2	0	2	0	0	2	0	0	0	0
58	141	613243995	13	2	2	3	2	0	5	3	1	10	0	4	0	4	2	0	0	0	0	0	0
59	281	553621065	28	4	1	5	1	0	6	6	0	4	3	4	2	0	0	4	0	0	0	0	0
60	571	493128285	57	6	3	2	2	3	4	5	0	6	1	0	0	2	4	4	0	0	0	0	0
61	1180	440667909	151	4	4	1	1	3	3	7	2	0	1	4	0	6	0	4	0	0	0	0	0
62	2334	401307671	256	3	4	1	2	2	5	2	5	1	0	0	4	5	1	0	4	0	0	0	0
63	4620	369656422	411	3	4	1	2	5	2	2	5	1	0	0	4	1	5	0	4	0	0	0	0
64	8969	338928087	678	3	4	1	2	3	4	7	0	1	0	0	4	2	4	0	4	0	0	0	0
65	17538	309267839	1159	3	4	2	1	3	4	7	0	1	0	0	4	6	0	4	0	0	0	0	0
66	34481	284361826	2060	3	4	1	2	3	4	7	0	1	0	0	4	6	0	4	0	0	0	0	0
67	738	262735430	162	10	3	1	5	0	3	0	2	0	5	9	0	0	2	0	0	4	0	0	0
68	1544	242499852	256	10	2	3	2	3	1	2	2	0	5	9	0	0	2	0	0	4	0	0	0
69	3086	221617588	429	9	2	3	0	5	3	0	2	0	10	4	0	0	2	0	0	4	0	0	0
70	6320	203112195	832	9	2	3	0	6	0	2	0	3	9	4	0	0	2	0	0	4	0	0	0
71	12671	191166795	1468	10	3	2	0	6	0	2	0	3	9	4	0	0	2	0	0	4	0	0	0
72	25028	188512018	2289	10	3	2	0	6	0	2	0	3	9	4	0	0	2	0	0	4	0	0	0
73	47899	188823828	3028	10	3	2	0	6	0	2	0	3	9	4	0	0	2	0	0	4	0	0	0
74	91442	187372519	4276	10	3	2	0	5	1	2	0	3	13	0	0	0	2	0	0	4	0	0	0
75	175482	191754940	6056	10	4	1	0	6	0	2	0	2	14	0	0	0	2	0	0	4	0	0	0
76	336010	195738066	7810	10	4	1	0	6	0	2	0	3	13	0	0	0	2	0	0	4	0	0	0
77	641392	191654211	9192	10	4	1	0	6	0	2	0	3	13	0	0	0	2	0	0	4	0	0	0
78	1221547	182135658	9861	10	4	1	0	6	0	2	0	3	13	0	0	0	2	0	0	4	0	0	0
79	2318832	170328897	9949	10	4	1	0	6	0	2	0	3	13	0	0	0	2	0	0	4	0	0	0
80	4381348	158636932	9955	10	4	1	0	6	0	2	0	3	13	0	0	0	2	0	0	4	0	0	0
81	8137785	145679291	9955	10	4	1	0	6	0	2	0	3	13	0	0	0	2	0	0	4	0	0	0
82	14760064	131048528	9955	10	4	1	0	6	0	2	0	3	13	0	0	0	2	0	0	4	0	0	0
83	25635702	118607190	9955	10	4	1	0	6	0	2	0	3	13	0	0	0	2	0	0	4	0	0	0
84	41141712	107557304	9955	10	4	1	0	6	0	2	0	3	13	0	0	0	2	0	0	4	0	0	0
85	57939535	96098785	9955	10	4	1	0	6	0	2	0	3	13	0	0	0	2	0	0	4	0	0	0
86	69112773	86591013	9955	10	4	1	0	6	0	2	0	3	13	0	0	0	2	0	0	4	0	0	0
87	72868879	81289538	9955	10	4	1	0	6	0	2	0	3	13	0	0	0	2	0	0	4	0	0	0
88	337909	78664119	9953	10	3	2	0	6	0	2	0	4	12	0	0	0	2	0	0	0	4	0	0
89	672730	75395447	9955	10	3	2	0	6	0	2	0	3	13	0	0	0	2	0	0	0	4	0	0
90	1336706	71020467	9955	10	3	2	0	6	0	2	0	7	9	0	0	0	2	0	0	0	4	0	0
91	2636264	67095508	9955	10	3	2	0	6	0	2	0	7	9	0	0	0	2	0	0	0	4	0	0
