gen	size	0.0	0.01	0.02	0.03	0.04	0.05	0.06	0.07	0.08	0.09	0.1	0.11	0.12	0.13	0.14	0.15	0.16	0.17	0.18	0.19	0.2	0.21	0.22	0.23	0.24	>0.25
1	83	100000000	5	0	0	0	0	0	0	0	0	0	0	0	0	0	0	0	0	0	0	0	0
2	146	100000000	7	3	0	0	0	0	0	0	0	0	0	0	0	0	0	0	0	0	0	0	0
3	286	100000000	21	2	0	0	0	0	0	0	0	0	0	0	0	0	0	0	0	0	0	0	0
4	552	100000000	47	2	0	0	0	0	0	0	0	0	0	0	0	0	0	0	0	0	0	0	0
5	1122	100000000	125	0	2	0	0	0	0	0	0	0	0	0	0	0	0	0	0	0	0	0	0
6	2242	100000000	238	0	0	2	0	0	0	0	0	0	0	0	0	0	0	0	0	0	0	0	0
7	4465	100000000	494	0	0	2	0	0	0	0	0	0	0	0	0	0	0	0	0	0	0	0	0
8	8997	100000000	1006	0	0	2	0	0	0	0	0	0	0	0	0	0	0	0	0	0	0	0	0
9	17722	100000000	1974	0	0	2	0	0	0	0	0	0	0	0	0	0	0	0	0	0	0	0	0
10	35479	100000000	3545	0	0	2	0	0	0	0	0	0	0	0	0	0	0	0	0	0	0	0	0
11	70826	100000000	5790	0	0	2	0	0	0	0	0	0	0	0	0	0	0	0	0	0	0	0	0
12	141381	100000000	8221	0	0	2	0	0	0	0	0	0	0	0	0	0	0	0	0	0	0	0	0
13	282982	100000000	9675	0	0	2	0	0	0	0	0	0	0	0	0	0	0	0	0	0	0	0	0
14	563862	100000000	9989	0	0	2	0	0	0	0	0	0	0	0	0	0	0	0	0	0	0	0	0
15	1124619	100000000	9998	0	0	2	0	0	0	0	0	0	0	0	0	0	0	0	0	0	0	0	0
16	2229197	100000000	9998	0	0	2	0	0	0	0	0	0	0	0	0	0	0	0	0	0	0	0	0
17	4389234	100000000	9998	0	0	2	0	0	0	0	0	0	0	0	0	0	0	0	0	0	0	0	0
18	8517464	100000000	9998	0	0	2	0	0	0	0	0	0	0	0	0	0	0	0	0	0	0	0	0
19	107941	100000000	9875	0	0	2	0	0	0	0	0	0	0	0	0	0	0	0	0	0	0	0	0
20	214857	100000000	9966	0	0	2	0	0	0	0	0	0	0	0	0	0	0	0	0	0	0	0	0
21	429772	100000000	9997	0	0	2	0	0	0	0	0	0	0	0	0	0	0	0	0	0	0	0	0
22	855769	100000000	9998	0	0	2	0	0	0	0	0	0	0	0	0	0	0	0	0	0	0	0	0
23	1700545	100000000	9998	0	0	2	0	0	0	0	0	0	0	0	0	0	0	0	0	0	0	0	0
24	34213	100000000	8373	1	0	2	0	0	0	0	0	0	0	0	0	0	0	0	0	0	0	0	0
25	748	100000000	587	7	2	0	0	0	0	0	0	0	0	0	0	0	0	0	0	0	0	0	0
26	1569	100000000	651	6	2	0	0	0	0	0	0	0	0	0	0	0	0	0	0	0	0	0	0
27	26	100000000	0	0	0	20	0	0	8	0	0	0	0	0	5	0	0	1	0	0	0	0	0
28	47	100000000	0	11	0	1	0	10	5	0	1	0	0	2	0	0	0	0	0	0	0	0	3
29	114	100000000	11	8	2	0	3	1	11	1	2	0	0	0	0	0	0	0	0	0	0	0	3
30	205	100000000	16	11	1	4	2	3	3	1	4	0	2	0	0	0	0	0	0	0	0	0	3
31	395	100000000	36	11	2	4	2	1	4	6	1	0	2	0	0	0	0	0	0	0	0	0	3
32	2	100000000	0	0	0	0	0	0	0	0	0	0	0	0	0	0	0	0	0	0	0	0	3
33	4	100000000	0	0	0	0	0	0	0	0	0	0	0	0	0	0	0	0	0	0	0	0	3
34	5	100000000	0	0	0	0	0	0	0	0	0	0	0	0	0	0	0	0	0	0	0	0	3
35	9	100000000	0	0	0	0	0	0	0	0	3	0	0	0	0	0	0	0	0	0	0	0	3
36	22	100000000	0	0	0	1	0	0	0	0	0	0	3	0	0	0	0	0	0	0	0	0	3
37	53	100000000	0	0	0	0	0	0	1	0	0	1	0	0	0	1	0	0	0	0	0	0	4
38	101	100000000	7	0	0	0	0	1	0	0	0	1	0	0	0	0	0	0	0	1	0	0	4
39	206	100000000	25	3	2	0	0	0	1	1	0	0	0	0	0	1	0	0	0	0	0	0	4
40	3	100000000	0	0	0	0	0	0	0	0	0	0	0	0	0	0	0	0	0	0	0	0	4
41	9	100000000	0	0	0	0	0	0	0	0	1	0	0	0	0	0	0	0	0	0	0	0	4
42	25	100000000	0	0	0	4	0	0	0	0	0	0	0	0	0	0	0	0	0	0	0	0	4
43	58	100000000	0	5	1	0	1	0	0	0	0	0	0	0	0	0	0	0	0	0	0	0	4
44	116	100000000	10	1	2	1	0	0	0	0	0	0	0	0	0	0	0	0	0	0	0	0	4
45	218	100000000	17	3	2	0	1	0	0	0	0	0	0	0	0	0	0	0	0	0	0	0	4
46	460	100000000	30	5	1	1	1	0	0	0	0	0	0	0	0	0	0	0	0	0	0	0	4
47	906	100000000	55	2	2	1	1	0	0	0	0	0	0	0	0	0	0	0	0	0	0	0	4
48	1768	100000000	112	6	2	0	1	0	0	0	0	0	0	0	0	0	0	0	0	0	0	0	4
49	3380	100000000	200	6	2	0	1	0	0	0	0	0	0	0	0	0	0	0	0	0	0	0	4
50	6392	100000000	336	4	2	0	1	0	0	0	0	0	0	0	0	0	0	0	0	0	0	0	4
51	12389	100000000	590	4	2	0	1	0	0	0	0	0	0	0	0	0	0	0	0	0	0	0	4
52	23609	964079750	1063	4	2	0	1	0	0	0	0	0	0	0	0	0	0	0	0	0	0	0	4
53	45337	912331549	1867	4	1	1	1	0	0	0	0	0	0	0	0	0	0	0	0	0	0	0	4
54	87019	864589540	3177	5	1	1	1	0	0	0	0	0	0	0	0	0	0	0	0	0	0	0	4
55	166116	810622682	4846	5	1	1	1	0	0	0	0	0	0	0	0	0	0	0	0	0	0	0	4
56	3315	745059614	514	2	2	0	1	1	0	0	0	0	0	0	0	0	0	0	0	0	0	0	4
57	6648	675961035	866	3	1	1	0	1	0	0	0	0	0	0	0	0	0	0	0	0	0	0	4
58	13146	613243995	1532	4	1	1	0	1	0	0	0	0	0	0	0	0	0	0	0	0	0	0	4
59	298	553621065	62	19	5	0	3	0	0	0	0	1	0	0	0	0	0	0	0	0	0	0	4
60	584	493128285	104	16	6	2	1	0	0	0	1	0	0	0	0	0	0	0	0	0	0	0	4
61	1196	440667909	169	18	6	2	2	0	0	1	0	0	0	0	0	0	0	0	0	0	0	0	4
62	2369	401307671	328	17	7	1	2	0	0	0	1	0	0	0	0	0	0	0	0	0	0	0	4
63	4734	369656422	614	18	7	1	2	0	0	0	0	1	0	0	0	0	0	0	0	0	0	0	4
64	9436	338928087	1113	14	8	2	2	0	0	0	0	1	0	0	0	0	0	0	0	0	0	0	4
65	220	309267839	34	32	11	1	1	3	1	0	1	0	0	0	0	0	0	0	0	0	0	0	4
66	465	284361826	70	24	13	4	2	2	1	1	0	0	0	0	0	0	0	0	0	0	0	0	4
67	966	262735430	115	30	9	5	2	1	2	0	0	0	0	0	0	0	0	0	0	0	0	0	4
68	7	242499852	0	0	0	0	0	0	0	0	0	0	0	6	0	0	0	0	0	0	0	0	5
69	15	221617588	0	0	0	0	0	4	0	0	0	0	0	0	0	0	0	0	4	0	0	0	5
70	22	203112195	0	0	0	1	0	0	0	3	0	0	0	0	0	0	0	0	0	0	4	0	5
71	44	191166795	0	3	0	0	0	1	0	2	0	1	0	0	0	0	0	0	0	0	0	4	5
72	81	188512018	3	1	1	1	0	1	0	2	0	1	0	0	0	0	0	0	0	0	0	0	9
73	159	188823828	14	3	0	2	1	2	0	0	0	0	1	0	0	0	0	0	0	0	0	0	9
74	327	187372519	41	1	1	0	0	1	2	0	0	0	1	0	0	0	0	0	0	0	0	4	5
75	675	191754940	85	3	1	0	0	1	2	0	0	0	1	0	0	0	0	0	0	4	0	0	5
76	23	195738066	0	0	0	0	0	0	2	0	0	0	4	0	0	0	0	0	0	1	0	0	5
77	51	191654211	0	6	0	1	0	0	0	1	0	0	4	0	0	0	0	0	0	1	0	0	5
78	112	182135658	7	4	3	0	0	0	0	0	0	0	1	0	4	0	0	0	0	0	0	1	5
79	229	170328897	25	5	2	0	0	0	0	0	0	0	0	0	1	5	0	0	0	0	0	0	5
80	454	158636932	53	4	2	1	0	0	0	0	0	0	0	1	1	4	0	0	0	0	0	0	5
81	897	145679291	117	4	2	1	0	0	0	0	0	0	0	0	1	1	4	0	0	0	0	0	5
82	1692	131048528	168	5	3	0	0	0	0	0	0	0	0	1	1	4	0	0	0	0	0	0	5
83	3223	118607190	270	1	4	0	0	0	0	0	0	0	0	1	5	0	0	0	0	0	0	0	5
84	6133	107557304	481	2	3	0	0	0	0	0	0	0	0	0	1	5	0	0	0	0	0	0	5
85	11672	96098785	836	2	2	1	0	0	0	0	0	0	0	1	0	5	0	0	0	0	0	0	5
86	22435	86591013	1298	1	4	0	0	0	0	0	0	0	0	1	4	1	0	0	0	0	0	0	5
87	43208	81289538	1888	1	4	0	0	0	0	0	0	0	0	1	4	1	0	0	0	0	0	0	5
88	82738	78664119	3010	1	4	0	0	0	0	0	0	0	0	1	5	0	0	0	0	0	0	0	5
89	159374	75395447	5158	1	4	0	0	0	0	0	0	0	0	1	4	1	0	0	0	0	0	0	5
90	304332	71020467	7064	1	4	0	0	0	0	0	0	0	0	1	4	1	0	0	0	0	0	0	5
91	5980	67095508	891	4	4	0	0	0	0	0	0	0	0	1	5	0	0	0	0	0	0	0	5
