gen	size	0.0	0.01	0.02	0.03	0.04	0.05	0.06	0.07	0.08	0.09	0.1	0.11	0.12	0.13	0.14	0.15	0.16	0.17	0.18	0.19	0.2	0.21	0.22	0.23	0.24	>0.25
1	83	100000000	3	0	0	0	0	0	0	0	0	0	0	0	0	0	0	0	0	0	0	0	0
2	142	100000000	7	1	0	0	0	0	0	0	0	0	0	0	0	0	0	0	0	0	0	0	0
3	275	100000000	19	2	0	0	0	0	0	0	0	0	0	0	0	0	0	0	0	0	0	0	0
4	560	100000000	62	2	0	0	0	0	0	0	0	0	0	0	0	0	0	0	0	0	0	0	0
5	1096	100000000	112	2	0	0	0	0	0	0	0	0	0	0	0	0	0	0	0	0	0	0	0
6	23	100000000	0	0	0	3	0	0	0	0	0	0	1	0	0	0	0	0	0	0	0	0	0
7	55	100000000	0	3	1	0	2	0	0	0	0	0	1	0	0	0	0	0	0	0	0	0	0
8	105	100000000	8	1	0	4	0	0	0	0	0	0	0	0	0	0	0	0	1	0	0	0	0
9	215	100000000	21	1	3	0	1	0	0	0	0	0	0	0	0	0	1	0	0	0	0	0	0
10	427	100000000	44	1	2	1	1	0	0	0	0	0	0	0	0	1	0	0	0	0	0	0	0
11	849	100000000	104	3	2	1	1	0	0	0	0	0	0	0	0	1	0	0	0	0	0	0	0
12	1668	100000000	196	1	2	1	1	0	0	0	0	0	0	0	1	0	0	0	0	0	0	0	0
13	3338	100000000	382	2	2	1	1	0	0	0	0	0	0	0	1	0	0	0	0	0	0	0	0
14	6668	100000000	771	2	2	1	1	0	0	0	0	0	0	0	1	0	0	0	0	0	0	0	0
15	13307	100000000	1518	1	0	3	1	0	0	0	0	0	0	0	1	0	0	0	0	0	0	0	0
16	26862	100000000	2775	2	2	1	1	0	0	0	0	0	0	0	1	0	0	0	0	0	0	0	0
17	53448	100000000	4767	2	2	1	1	0	0	0	0	0	0	0	1	0	0	0	0	0	0	0	0
18	1105	100000000	266	6	0	0	1	0	0	0	0	0	0	0	1	0	0	0	0	0	0	0	0
19	2135	100000000	375	5	2	0	0	0	1	0	0	0	0	0	1	0	0	0	0	0	0	0	0
20	4162	100000000	598	6	1	0	0	0	1	0	0	0	0	0	0	1	0	0	0	0	0	0	0
21	8228	100000000	1065	7	1	0	0	0	1	0	0	0	0	0	0	1	0	0	0	0	0	0	0
22	16748	100000000	1902	7	1	0	0	0	1	0	0	0	0	0	0	1	0	0	0	0	0	0	0
23	33423	100000000	3480	7	1	0	0	1	0	0	0	0	0	0	1	0	0	0	0	0	0	0	0
24	66879	100000000	5710	7	1	0	0	1	0	0	0	0	0	0	1	0	0	0	0	0	0	0	0
25	133811	100000000	8123	6	1	0	0	1	0	0	0	0	0	0	0	1	0	0	0	0	0	0	0
26	267859	100000000	9631	7	1	0	0	1	0	0	0	0	0	0	0	1	0	0	0	0	0	0	0
27	535725	100000000	9975	7	1	0	0	1	0	0	0	0	0	0	0	1	0	0	0	0	0	0	0
28	1068034	100000000	9990	7	1	0	0	1	0	0	0	0	0	0	0	1	0	0	0	0	0	0	0
29	2120219	100000000	9991	6	1	0	0	1	0	0	0	0	0	0	0	1	0	0	0	0	0	0	0
30	34630	100000000	6810	10	1	1	0	0	1	0	0	0	0	0	0	0	0	1	0	0	0	0	0
31	69211	100000000	7808	8	1	1	0	0	1	0	0	0	0	0	0	0	0	1	0	0	0	0	0
32	138516	100000000	9066	10	1	1	0	0	1	0	0	0	0	0	0	0	0	1	0	0	0	0	0
33	276667	100000000	9819	10	1	1	0	0	1	0	0	0	0	0	0	0	0	1	0	0	0	0	0
34	553103	100000000	9982	10	1	1	0	0	1	0	0	0	0	0	0	0	0	1	0	0	0	0	0
35	10819	100000000	4061	9	0	1	0	0	1	0	0	0	0	0	0	0	0	0	1	0	0	0	0
36	21526	100000000	4671	9	0	0	1	0	1	0	0	0	0	0	0	0	0	0	1	0	0	0	0
37	43096	100000000	5842	8	0	0	1	0	0	1	0	0	0	0	0	0	0	0	1	0	0	0	0
38	85207	100000000	7541	8	0	0	1	0	1	0	0	0	0	0	0	0	0	0	1	0	0	0	0
39	170495	100000000	9115	8	0	0	1	0	1	0	0	0	0	0	0	0	0	0	1	0	0	0	0
40	340000	100000000	9888	8	0	0	1	0	1	0	0	0	0	0	0	0	0	0	1	0	0	0	0
41	672221	100000000	9986	8	0	0	1	0	1	0	0	0	0	0	0	0	0	0	1	0	0	0	0
42	1298436	100000000	9989	8	0	0	1	0	0	1	0	0	0	0	0	0	0	0	1	0	0	0	0
43	2498121	100000000	9989	8	0	0	1	0	0	1	0	0	0	0	0	0	0	0	1	0	0	0	0
44	4854832	100000000	9989	8	0	0	1	0	0	1	0	0	0	0	0	0	0	0	1	0	0	0	0
45	92999	100000000	9299	9	0	1	0	0	1	0	0	0	0	0	0	0	1	0	0	0	0	0	0
46	186223	100000000	9792	9	0	1	0	0	1	0	0	0	0	0	0	0	1	0	0	0	0	0	0
47	373231	100000000	9966	9	0	1	0	0	1	0	0	0	0	0	0	0	1	0	0	0	0	0	0
48	7548	100000000	4028	13	0	1	0	0	1	0	0	0	0	0	0	0	1	0	0	0	0	0	0
49	14993	100000000	4415	10	0	0	1	0	1	0	0	0	0	0	0	0	1	0	0	0	0	0	0
50	29834	100000000	5279	10	0	0	1	0	1	0	0	0	0	0	0	0	1	0	0	0	0	0	0
51	59949	100000000	6693	12	0	0	1	0	1	0	0	0	0	0	0	0	1	0	0	0	0	0	0
52	119551	964079750	8424	10	1	0	1	0	1	0	0	0	0	0	0	0	0	1	0	0	0	0	0
53	239566	912331549	9641	10	0	0	1	0	1	0	0	0	0	0	0	0	0	1	0	0	0	0	0
54	4877	864589540	2911	16	0	0	1	0	1	0	0	0	0	0	0	1	0	0	0	0	0	0	0
55	9749	810622682	3310	19	0	0	1	1	0	0	0	0	0	0	0	1	0	0	0	0	0	0	0
56	19406	745059614	3994	15	0	1	0	1	0	0	0	0	0	0	0	1	0	0	0	0	0	0	0
57	38745	675961035	5281	16	0	1	0	1	0	0	0	0	0	0	0	1	0	0	0	0	0	0	0
58	77099	613243995	7129	18	0	1	0	1	0	0	0	0	0	0	0	1	0	0	0	0	0	0	0
59	153979	553621065	8861	16	0	1	0	1	0	0	0	0	0	0	0	1	0	0	0	0	0	0	0
60	303428	493128285	9685	18	0	1	0	0	1	0	0	0	0	0	0	1	0	0	0	0	0	0	0
61	587613	440667909	9917	18	0	1	0	0	1	0	0	0	0	0	0	1	0	0	0	0	0	0	0
62	1130115	401307671	9973	18	0	1	0	0	1	0	0	0	0	0	0	1	0	0	0	0	0	0	0
63	2166266	369656422	9979	18	0	1	0	0	1	0	0	0	0	0	0	1	0	0	0	0	0	0	0
64	4139521	338928087	9979	18	0	1	0	0	1	0	0	0	0	0	0	1	0	0	0	0	0	0	0
65	7870071	309267839	9979	18	0	1	0	0	1	0	0	0	0	0	0	1	0	0	0	0	0	0	0
66	15337647	284361826	9979	18	0	1	0	0	1	0	0	0	0	0	0	1	0	0	0	0	0	0	0
67	269358	262735430	9964	15	1	1	0	0	1	0	0	0	0	0	0	1	0	0	0	0	0	0	0
68	539923	242499852	9980	16	0	1	0	0	1	0	0	0	0	0	0	1	0	0	0	0	0	0	0
69	10819	221617588	4902	17	1	1	0	0	1	0	0	0	0	0	0	0	1	0	0	0	0	0	0
70	21602	203112195	5447	17	1	1	0	0	1	0	0	0	0	0	0	0	1	0	0	0	0	0	0
71	43492	191166795	6538	16	1	1	0	1	0	0	0	0	0	0	0	0	1	0	0	0	0	0	0
72	901	188512018	1144	25	1	1	0	0	1	0	0	0	0	0	0	0	1	0	0	0	0	0	0
73	1828	188823828	1170	39	2	0	0	0	0	1	0	0	0	0	1	0	0	0	0	0	0	0	0
74	3688	187372519	1358	44	2	0	0	0	0	1	0	0	0	0	1	0	0	0	0	0	0	0	0
75	7248	191754940	1707	42	2	1	0	0	0	1	0	0	0	0	1	0	0	0	0	0	0	0	0
76	14553	195738066	2357	42	2	1	0	0	0	1	0	0	0	0	1	0	0	0	0	0	0	0	0
77	29113	191654211	3604	47	2	1	0	0	0	1	0	0	0	0	1	0	0	0	0	0	0	0	0
78	57311	182135658	5170	42	2	1	0	0	0	1	0	0	0	0	1	0	0	0	0	0	0	0	0
79	111370	170328897	6572	44	2	1	0	0	0	1	0	0	0	0	1	0	0	0	0	0	0	0	0
80	216984	158636932	8241	44	2	1	0	0	0	1	0	0	0	0	1	0	0	0	0	0	0	0	0
81	421254	145679291	9512	43	2	1	0	0	0	1	0	0	0	0	1	0	0	0	0	0	0	0	0
82	812735	131048528	9920	43	2	1	0	0	0	1	0	0	0	0	1	0	0	0	0	0	0	0	0
83	1558886	118607190	9952	43	2	1	0	0	0	1	0	0	0	0	1	0	0	0	0	0	0	0	0
84	2967770	107557304	9952	43	2	1	0	0	0	1	0	0	0	0	1	0	0	0	0	0	0	0	0
85	5577614	96098785	9952	43	2	1	0	0	0	1	0	0	0	0	1	0	0	0	0	0	0	0	0
86	109907	86591013	8747	38	2	1	0	0	0	1	0	0	0	0	1	0	0	0	0	0	0	0	0
87	218926	81289538	9622	38	2	1	0	0	0	1	0	0	0	0	1	0	0	0	0	0	0	0	0
88	436241	78664119	9940	38	2	1	0	0	0	1	0	0	0	0	1	0	0	0	0	0	0	0	0
89	870381	75395447	9957	38	2	1	0	0	0	1	0	0	0	0	1	0	0	0	0	0	0	0	0
90	1726851	71020467	9957	38	2	1	0	0	0	1	0	0	0	0	1	0	0	0	0	0	0	0	0
91	3302446	67095508	9957	38	2	1	0	0	0	1	0	0	0	0	1	0	0	0	0	0	0	0	0
