gen	size	0.0	0.01	0.02	0.03	0.04	0.05	0.06	0.07	0.08	0.09	0.1	0.11	0.12	0.13	0.14	0.15	0.16	0.17	0.18	0.19	0.2	0.21	0.22	0.23	0.24	>0.25
1	63	100000000	0	7	0	0	0	0	0	0	0	0	0	0	0	0	0	0	0	0	0	0	0
2	131	100000000	13	2	1	0	0	0	0	0	0	0	0	0	0	0	0	0	0	0	0	0	0
3	266	100000000	27	3	1	1	0	0	0	0	0	0	0	0	0	0	0	0	0	0	0	0	0
4	512	100000000	60	3	2	0	0	0	0	0	0	0	0	0	0	0	0	0	0	0	0	0	0
5	1057	100000000	134	1	1	1	0	0	0	0	0	0	0	0	0	0	0	0	0	0	0	0	0
6	2060	100000000	252	4	1	1	0	0	0	0	0	0	0	0	0	0	0	0	0	0	0	0	0
7	4115	100000000	532	4	2	0	0	0	0	0	0	0	0	0	0	0	0	0	0	0	0	0	0
8	8189	100000000	932	3	2	0	0	0	0	0	0	0	0	0	0	0	0	0	0	0	0	0	0
9	16456	100000000	1829	4	2	0	0	0	0	0	0	0	0	0	0	0	0	0	0	0	0	0	0
10	32482	100000000	3318	5	2	0	0	0	0	0	0	0	0	0	0	0	0	0	0	0	0	0	0
11	64448	100000000	5490	5	2	0	0	0	0	0	0	0	0	0	0	0	0	0	0	0	0	0	0
12	128739	100000000	7923	5	2	0	0	0	0	0	0	0	0	0	0	0	0	0	0	0	0	0	0
13	2519	100000000	633	5	1	1	0	0	0	0	0	0	0	0	0	0	0	0	0	0	0	0	0
14	5121	100000000	908	5	1	1	0	0	0	0	0	0	0	0	0	0	0	0	0	0	0	0	0
15	10378	100000000	1421	5	1	1	0	0	0	0	0	0	0	0	0	0	0	0	0	0	0	0	0
16	20810	100000000	2439	5	2	0	0	0	0	0	0	0	0	0	0	0	0	0	0	0	0	0	0
17	41540	100000000	4161	5	1	1	0	0	0	0	0	0	0	0	0	0	0	0	0	0	0	0	0
18	83419	100000000	6564	5	2	0	0	0	0	0	0	0	0	0	0	0	0	0	0	0	0	0	0
19	166806	100000000	8742	5	1	1	0	0	0	0	0	0	0	0	0	0	0	0	0	0	0	0	0
20	333143	100000000	9818	5	1	1	0	0	0	0	0	0	0	0	0	0	0	0	0	0	0	0	0
21	665190	100000000	9990	5	1	1	0	0	0	0	0	0	0	0	0	0	0	0	0	0	0	0	0
22	1323792	100000000	9993	5	1	1	0	0	0	0	0	0	0	0	0	0	0	0	0	0	0	0	0
23	2625096	100000000	9993	5	1	1	0	0	0	0	0	0	0	0	0	0	0	0	0	0	0	0	0
24	5155627	100000000	9993	5	1	1	0	0	0	0	0	0	0	0	0	0	0	0	0	0	0	0	0
25	82215	100000000	9356	5	2	1	0	0	0	0	0	0	0	0	0	0	0	0	0	0	0	0	0
26	164351	100000000	9760	5	2	1	0	0	0	0	0	0	0	0	0	0	0	0	0	0	0	0	0
27	326867	100000000	9955	5	2	1	0	0	0	0	0	0	0	0	0	0	0	0	0	0	0	0	0
28	651445	100000000	9989	5	2	1	0	0	0	0	0	0	0	0	0	0	0	0	0	0	0	0	0
29	13410	100000000	5042	4	2	1	0	0	0	0	0	0	0	0	0	0	0	0	0	0	0	0	0
30	26628	100000000	5686	5	1	1	0	0	0	0	0	0	0	0	0	0	0	0	0	0	0	0	0
31	53409	100000000	6848	5	1	1	0	0	0	0	0	0	0	0	0	0	0	0	0	0	0	0	0
32	106539	100000000	8378	5	1	1	0	0	0	0	0	0	0	0	0	0	0	0	0	0	0	0	0
33	212769	100000000	9521	5	1	1	0	0	0	0	0	0	0	0	0	0	0	0	0	0	0	0	0
34	423868	100000000	9960	5	1	1	0	0	0	0	0	0	0	0	0	0	0	0	0	0	0	0	0
35	834891	100000000	9993	5	1	1	0	0	0	0	0	0	0	0	0	0	0	0	0	0	0	0	0
36	1612309	100000000	9993	5	1	1	0	0	0	0	0	0	0	0	0	0	0	0	0	0	0	0	0
37	3098366	100000000	9993	5	1	1	0	0	0	0	0	0	0	0	0	0	0	0	0	0	0	0	0
38	61323	100000000	8541	5	1	1	0	0	0	0	0	0	0	0	0	0	0	0	0	0	0	0	0
39	122477	100000000	9281	5	1	1	0	0	0	0	0	0	0	0	0	0	0	0	0	0	0	0	0
40	2389	100000000	1892	7	1	1	0	0	0	0	0	0	0	0	0	0	0	0	0	0	0	0	0
41	66	100000000	0	22	16	15	14	0	9	0	1	0	0	0	0	0	0	0	0	0	0	0	0
42	144	100000000	4	22	20	9	7	9	9	0	0	0	1	0	0	0	0	0	0	0	0	0	0
43	280	100000000	30	26	7	7	8	8	7	2	1	0	0	0	0	0	0	0	0	0	0	0	0
44	525	100000000	58	28	6	6	6	5	14	0	0	1	0	0	0	0	0	0	0	0	0	0	0
45	1013	100000000	127	29	6	6	8	0	15	2	0	1	0	0	0	0	0	0	0	0	0	0	0
46	1898	100000000	234	27	8	4	8	8	2	7	0	1	0	0	0	0	0	0	0	0	0	0	0
47	3644	100000000	351	28	10	2	8	7	3	7	0	1	0	0	0	0	0	0	0	0	0	0	0
48	7137	100000000	561	28	10	2	6	9	3	7	0	1	0	0	0	0	0	0	0	0	0	0	0
49	140	100000000	19	23	43	8	1	1	5	0	2	1	0	2	0	0	0	0	0	0	0	0	0
50	269	100000000	41	30	13	18	3	4	0	1	2	0	2	2	0	0	0	0	0	0	0	0	0
51	520	100000000	69	31	12	18	1	3	3	3	0	2	0	0	2	0	0	0	0	0	0	0	0
52	1060	964079750	141	30	14	9	2	0	5	1	0	4	0	0	2	0	0	0	0	0	0	0	0
53	2188	912331549	286	24	13	7	5	0	5	1	2	0	2	0	2	0	0	0	0	0	0	0	0
54	4506	864589540	548	24	13	6	6	0	3	3	0	4	0	0	2	0	0	0	0	0	0	0	0
55	8729	810622682	739	24	13	6	6	0	4	2	2	2	0	0	2	0	0	0	0	0	0	0	0
56	16572	745059614	1065	23	13	4	8	0	3	3	2	2	0	0	2	0	0	0	0	0	0	0	0
57	31897	675961035	1635	23	14	6	6	0	3	3	2	0	2	0	2	0	0	0	0	0	0	0	0
58	61325	613243995	2668	23	14	4	8	0	3	3	2	2	0	0	2	0	0	0	0	0	0	0	0
59	1226	553621065	249	35	7	3	3	10	0	2	0	2	2	2	0	0	0	0	0	0	0	0	0
60	2456	493128285	391	38	6	5	3	8	2	0	0	0	2	4	0	0	0	0	0	0	0	0	0
61	4945	440667909	693	38	3	5	3	8	0	2	0	0	4	2	0	0	0	0	0	0	0	0	0
62	9850	401307671	1220	42	2	5	3	8	2	0	0	0	2	4	0	0	0	0	0	0	0	0	0
63	19958	369656422	2267	40	3	4	4	8	2	0	0	0	2	4	0	0	0	0	0	0	0	0	0
64	38835	338928087	3039	37	5	4	8	4	2	0	0	0	4	2	0	0	0	0	0	0	0	0	0
65	74177	309267839	3795	39	4	4	8	4	2	0	0	0	4	2	0	0	0	0	0	0	0	0	0
66	1442	284361826	405	33	14	2	11	2	2	0	0	0	4	0	2	0	0	0	0	0	0	0	0
67	2861	262735430	579	23	22	3	7	6	2	0	0	2	2	2	0	0	0	0	0	0	0	0	0
68	5796	242499852	920	26	21	3	9	4	2	0	0	0	4	2	0	0	0	0	0	0	0	0	0
69	11543	221617588	1555	24	21	3	9	4	2	0	0	0	4	2	0	0	0	0	0	0	0	0	0
70	23145	203112195	2678	25	22	2	9	4	2	0	0	0	4	2	0	0	0	0	0	0	0	0	0
71	45595	191166795	4025	26	22	3	8	4	2	0	0	0	4	2	0	0	0	0	0	0	0	0	0
72	86773	188512018	4622	26	23	2	8	4	2	0	0	0	4	2	0	0	0	0	0	0	0	0	0
73	165304	188823828	5701	26	22	3	12	0	2	0	0	0	4	2	0	0	0	0	0	0	0	0	0
74	314529	187372519	7183	26	22	3	8	4	2	0	0	0	4	2	0	0	0	0	0	0	0	0	0
75	6258	191754940	1476	36	14	2	9	6	0	0	0	0	2	2	2	0	0	0	0	0	0	0	0
76	12453	195738066	2113	38	7	9	13	2	0	0	0	0	4	2	0	0	0	0	0	0	0	0	0
77	25121	191654211	3204	38	6	9	13	2	0	0	0	0	2	4	0	0	0	0	0	0	0	0	0
78	50642	182135658	4958	36	7	9	13	2	0	0	0	0	2	4	0	0	0	0	0	0	0	0	0
79	100897	170328897	7258	37	8	9	13	2	0	0	0	0	0	6	0	0	0	0	0	0	0	0	0
80	191809	158636932	7818	37	8	9	13	2	0	0	0	0	0	6	0	0	0	0	0	0	0	0	0
81	3773	145679291	1379	32	18	3	10	2	0	0	0	0	2	2	2	0	0	0	0	0	0	0	0
82	7464	131048528	1735	34	10	10	10	2	0	0	0	0	2	0	4	0	0	0	0	0	0	0	0
83	112	118607190	40	41	27	8	1	5	0	3	1	7	2	0	0	0	0	0	0	0	0	0	2
84	216	107557304	55	26	22	6	8	4	0	1	10	0	0	3	0	0	0	0	0	0	0	0	2
85	395	96098785	80	33	11	13	8	0	3	2	1	8	0	0	1	2	0	0	0	0	0	2	0
86	767	86591013	132	22	21	15	2	1	3	1	9	0	1	1	0	0	0	2	0	0	0	0	2
87	1532	81289538	220	27	18	14	2	2	2	8	0	3	0	1	0	0	0	2	0	0	0	2	0
88	3111	78664119	383	36	21	12	2	2	2	8	0	3	0	1	0	0	0	2	0	0	0	2	0
89	6241	75395447	710	29	21	12	2	3	1	8	0	3	0	1	0	0	0	2	0	0	0	0	2
90	12313	71020467	1206	32	19	14	2	4	0	8	0	3	0	1	0	0	0	2	0	0	0	0	2
91	23896	67095508	1853	32	19	14	2	4	0	8	2	1	0	1	0	0	0	2	0	0	0	0	2
