gen	size	0.0	0.01	0.02	0.03	0.04	0.05	0.06	0.07	0.08	0.09	0.1	0.11	0.12	0.13	0.14	0.15	0.16	0.17	0.18	0.19	0.2	0.21	0.22	0.23	0.24	>0.25
1	72	100000000	0	4	0	0	0	0	0	0	0	0	0	0	0	0	0	0	0	0	0	0	0
2	162	100000000	8	2	0	0	0	0	0	0	0	0	0	0	0	0	0	0	0	0	0	0	0
3	325	100000000	16	2	1	0	0	0	0	0	0	0	0	0	0	0	0	0	0	0	0	0	0
4	589	100000000	61	0	2	1	0	0	0	0	0	0	0	0	0	0	0	0	0	0	0	0	0
5	1136	100000000	133	1	1	1	0	0	0	0	0	0	0	0	0	0	0	0	0	0	0	0	0
6	2272	100000000	260	1	1	1	0	0	0	0	0	0	0	0	0	0	0	0	0	0	0	0	0
7	4601	100000000	561	1	2	0	0	0	0	0	0	0	0	0	0	0	0	0	0	0	0	0	0
8	9266	100000000	1072	1	1	1	0	0	0	0	0	0	0	0	0	0	0	0	0	0	0	0	0
9	18564	100000000	1995	1	1	1	0	0	0	0	0	0	0	0	0	0	0	0	0	0	0	0	0
10	37101	100000000	3687	1	1	1	0	0	0	0	0	0	0	0	0	0	0	0	0	0	0	0	0
11	74297	100000000	5987	1	1	1	0	0	0	0	0	0	0	0	0	0	0	0	0	0	0	0	0
12	147847	100000000	8387	1	1	1	0	0	0	0	0	0	0	0	0	0	0	0	0	0	0	0	0
13	295489	100000000	9755	1	1	1	0	0	0	0	0	0	0	0	0	0	0	0	0	0	0	0	0
14	590622	100000000	9992	1	1	1	0	0	0	0	0	0	0	0	0	0	0	0	0	0	0	0	0
15	1177792	100000000	9997	1	1	1	0	0	0	0	0	0	0	0	0	0	0	0	0	0	0	0	0
16	16085	100000000	4508	1	1	1	1	0	0	0	0	0	0	0	0	0	0	0	0	0	0	0	0
17	31864	100000000	5434	1	1	1	1	0	0	0	0	0	0	0	0	0	0	0	0	0	0	0	0
18	63773	100000000	6876	1	1	1	1	0	0	0	0	0	0	0	0	0	0	0	0	0	0	0	0
19	127744	100000000	8550	0	1	1	1	0	0	0	0	0	0	0	0	0	0	0	0	0	0	0	0
20	255224	100000000	9718	0	1	1	1	0	0	0	0	0	0	0	0	0	0	0	0	0	0	0	0
21	508498	100000000	9980	1	1	1	1	0	0	0	0	0	0	0	0	0	0	0	0	0	0	0	0
22	1013195	100000000	9997	0	1	1	1	0	0	0	0	0	0	0	0	0	0	0	0	0	0	0	0
23	2011932	100000000	9997	0	1	1	1	0	0	0	0	0	0	0	0	0	0	0	0	0	0	0	0
24	3969810	100000000	9996	1	1	1	1	0	0	0	0	0	0	0	0	0	0	0	0	0	0	0	0
25	7720883	100000000	9996	1	1	1	1	0	0	0	0	0	0	0	0	0	0	0	0	0	0	0	0
26	14637457	100000000	9996	1	1	1	1	0	0	0	0	0	0	0	0	0	0	0	0	0	0	0	0
27	26443285	100000000	9996	1	1	1	1	0	0	0	0	0	0	0	0	0	0	0	0	0	0	0	0
28	440419	100000000	9997	1	0	1	1	0	0	0	0	0	0	0	0	0	0	0	0	0	0	0	0
29	877994	100000000	9996	2	0	1	1	0	0	0	0	0	0	0	0	0	0	0	0	0	0	0	0
30	1745116	100000000	9997	1	0	1	1	0	0	0	0	0	0	0	0	0	0	0	0	0	0	0	0
31	3450405	100000000	9997	1	0	1	1	0	0	0	0	0	0	0	0	0	0	0	0	0	0	0	0
32	68413	100000000	9792	2	0	1	1	0	0	0	0	0	0	0	0	0	0	0	0	0	0	0	0
33	136611	100000000	9903	2	0	1	1	0	0	0	0	0	0	0	0	0	0	0	0	0	0	0	0
34	272744	100000000	9977	2	0	1	1	0	0	0	0	0	0	0	0	0	0	0	0	0	0	0	0
35	545047	100000000	9997	1	0	1	1	0	0	0	0	0	0	0	0	0	0	0	0	0	0	0	0
36	10656	100000000	6029	1	0	1	1	0	0	0	0	0	0	0	0	0	0	0	0	0	0	0	0
37	21489	100000000	6442	1	0	1	1	0	0	0	0	0	0	0	0	0	0	0	0	0	0	0	0
38	42833	100000000	7216	1	0	1	1	0	0	0	0	0	0	0	0	0	0	0	0	0	0	0	0
39	938	100000000	1044	5	1	1	1	0	0	0	0	0	0	0	0	0	0	0	0	0	0	0	0
40	1901	100000000	1097	15	1	1	0	1	0	0	0	0	0	0	0	0	0	0	0	0	0	0	0
41	3838	100000000	1263	19	1	1	0	1	0	0	0	0	0	0	0	0	0	0	0	0	0	0	0
42	80	100000000	0	31	57	0	9	10	0	0	0	0	1	0	0	0	0	0	0	0	0	0	0
43	182	100000000	35	26	25	12	16	3	1	0	0	0	0	0	1	0	0	0	0	0	0	0	0
44	345	100000000	51	21	24	23	11	1	6	0	0	0	0	1	0	0	0	0	0	0	0	0	0
45	672	100000000	84	20	29	10	23	6	0	0	0	0	0	1	0	0	0	0	0	0	0	0	0
46	1305	100000000	164	21	19	29	7	10	0	0	0	0	0	0	1	0	0	0	0	0	0	0	0
47	33	100000000	0	0	7	0	38	0	0	2	0	7	0	0	0	0	2	0	0	0	0	0	0
48	54	100000000	0	15	5	0	19	16	0	0	5	0	0	0	0	0	0	0	0	0	0	0	2
49	99	100000000	5	9	14	5	7	0	0	0	17	4	0	0	0	0	0	0	0	0	0	2	0
50	209	100000000	15	13	12	11	0	0	0	7	11	3	0	0	0	0	0	0	0	0	0	0	2
51	392	100000000	25	13	12	9	9	0	0	0	0	7	7	0	0	0	0	0	0	0	0	0	2
52	871	964079750	76	13	13	11	7	0	0	0	0	7	3	4	0	0	0	0	0	0	0	0	2
53	1715	912331549	175	12	8	10	12	0	0	0	7	3	0	0	0	4	0	0	0	0	0	0	2
54	3391	864589540	292	13	8	10	12	0	0	0	10	0	0	0	4	0	0	0	0	0	0	0	2
55	6583	810622682	452	13	8	10	12	0	0	7	3	0	0	0	4	0	0	0	0	0	0	0	2
56	12709	745059614	691	13	8	10	12	0	0	7	0	3	0	0	4	0	0	0	0	0	0	0	2
57	24517	675961035	1156	13	8	10	12	0	0	7	3	0	0	0	4	0	0	0	0	0	0	0	2
58	46969	613243995	1988	13	8	10	12	0	0	7	3	0	0	0	4	0	0	0	0	0	0	0	2
59	90116	553621065	3406	13	8	10	12	0	0	7	3	0	0	0	4	0	0	0	0	0	0	0	2
60	1828	493128285	352	13	11	16	5	0	6	1	3	0	0	0	0	4	0	0	0	0	0	0	2
61	3676	440667909	552	12	11	16	5	0	7	0	3	0	0	0	0	4	0	0	0	0	0	0	2
62	7554	401307671	958	12	11	16	5	0	7	0	3	0	0	0	0	4	0	0	0	0	0	0	2
63	15118	369656422	1779	13	11	16	5	0	7	0	3	0	0	0	0	4	0	0	0	0	0	0	2
64	30314	338928087	3150	13	11	16	5	0	7	0	3	0	0	0	0	4	0	0	0	0	0	0	2
65	58671	309267839	3990	13	11	16	5	0	7	0	3	0	0	0	0	4	0	0	0	0	0	0	2
66	112053	284361826	4842	13	11	16	5	0	7	0	3	0	0	0	0	4	0	0	0	0	0	0	2
67	213066	262735430	6112	13	11	16	5	0	7	0	3	0	0	0	0	4	0	0	0	0	0	0	2
68	405167	242499852	7676	13	11	16	5	0	7	0	3	0	0	0	0	4	0	0	0	0	0	0	2
69	769306	221617588	9102	13	11	16	5	0	7	0	3	0	0	0	0	4	0	0	0	0	0	0	2
70	1457381	203112195	9815	13	11	16	5	0	7	0	3	0	0	0	0	4	0	0	0	0	0	0	2
71	25546	191166795	3726	13	2	24	1	5	0	7	3	0	0	0	0	0	0	4	0	0	2	0	0
72	50879	188512018	5328	13	2	24	1	5	0	7	3	0	0	0	0	0	0	4	0	0	2	0	0
73	101980	188823828	7432	13	2	24	1	5	0	7	3	0	0	0	0	0	0	4	0	0	0	2	0
74	203670	187372519	9203	13	2	24	1	5	0	7	3	0	0	0	0	0	0	4	0	0	0	2	0
75	403712	191754940	9843	13	2	24	1	5	0	7	3	0	0	0	0	0	0	4	0	0	0	2	0
76	767921	195738066	9894	13	2	24	1	5	0	7	3	0	0	0	0	0	0	4	0	0	0	2	0
77	15276	191654211	3698	7	13	12	8	5	0	7	3	0	0	0	0	0	0	4	0	0	0	2	0
78	30431	182135658	4737	11	2	19	8	5	0	7	3	0	0	0	0	0	0	4	0	0	0	2	0
79	61219	170328897	6350	13	1	19	8	5	0	7	3	0	0	0	0	0	0	4	0	0	0	2	0
80	122680	158636932	8282	8	6	19	8	5	0	7	3	0	0	0	0	0	0	4	0	0	0	2	0
81	245242	145679291	9550	12	2	19	8	5	0	7	3	0	0	0	0	0	0	4	0	0	0	2	0
82	484402	131048528	9902	13	1	19	8	5	0	7	3	0	0	0	0	0	0	4	0	0	0	2	0
83	918778	118607190	9925	13	1	19	8	5	0	7	3	0	0	0	0	0	0	4	0	0	0	2	0
84	1730675	107557304	9933	13	1	19	8	5	0	7	3	0	0	0	0	0	0	4	0	0	0	2	0
85	3235464	96098785	9938	13	1	19	8	5	0	7	3	0	0	0	0	0	1	3	0	0	0	2	0
86	5964536	86591013	9938	13	1	19	8	5	0	7	3	0	0	0	0	0	0	4	0	0	0	2	0
87	10728576	81289538	9938	13	1	19	8	5	0	7	3	0	0	0	0	0	0	4	0	0	0	2	0
88	18481437	78664119	9938	13	1	19	8	5	0	7	3	0	0	0	0	0	0	4	0	0	0	2	0
89	29497585	75395447	9938	13	1	19	8	5	0	7	3	0	0	0	0	0	1	3	0	0	0	2	0
90	41857032	71020467	9938	13	1	19	8	5	0	7	3	0	0	0	0	0	0	4	0	0	0	2	0
91	51452720	67095508	9938	13	1	19	8	5	0	7	3	0	0	0	0	0	0	4	0	0	0	2	0
