gen	size	0.0	0.01	0.02	0.03	0.04	0.05	0.06	0.07	0.08	0.09	0.1	0.11	0.12	0.13	0.14	0.15	0.16	0.17	0.18	0.19	0.2	0.21	0.22	0.23	0.24	>0.25
1	78	100000000	0	2	0	0	0	0	0	0	0	0	0	0	0	0	0	0	0	0	0	0	0
2	167	100000000	9	1	0	0	0	0	0	0	0	0	0	0	0	0	0	0	0	0	0	0	0
3	342	100000000	23	0	0	0	0	0	0	0	0	0	0	0	0	0	0	0	0	0	0	0	0
4	10	100000000	0	0	0	0	0	0	0	0	0	0	0	0	0	0	0	0	0	0	0	0	0
5	18	100000000	0	0	0	0	1	0	0	0	0	0	0	0	0	0	0	0	0	0	0	0	0
6	34	100000000	0	0	0	0	0	0	0	0	0	0	0	1	0	0	0	0	0	0	0	0	0
7	65	100000000	0	3	0	0	0	0	0	0	0	0	0	0	1	0	0	0	0	0	0	0	0
8	130	100000000	7	2	0	0	0	0	0	0	0	0	0	0	1	0	0	0	0	0	0	0	0
9	248	100000000	21	3	0	0	0	0	0	0	0	0	0	1	0	0	0	0	0	0	0	0	0
10	496	100000000	43	4	1	0	0	0	0	0	0	0	1	0	0	0	0	0	0	0	0	0	0
11	982	100000000	91	2	2	0	0	0	0	0	0	0	1	0	0	0	0	0	0	0	0	0	0
12	1934	100000000	198	3	2	0	0	0	0	0	0	0	1	0	0	0	0	0	0	0	0	0	0
13	3844	100000000	439	3	2	0	0	0	0	0	0	0	1	0	0	0	0	0	0	0	0	0	0
14	7727	100000000	909	4	1	0	0	0	0	0	0	1	0	0	0	0	0	0	0	0	0	0	0
15	15227	100000000	1738	4	1	0	0	0	0	0	0	1	0	0	0	0	0	0	0	0	0	0	0
16	30477	100000000	3090	4	1	0	0	0	0	0	0	1	0	0	0	0	0	0	0	0	0	0	0
17	61113	100000000	5337	5	1	0	0	0	0	0	0	1	0	0	0	0	0	0	0	0	0	0	0
18	122305	100000000	7775	4	1	0	0	0	0	0	0	1	0	0	0	0	0	0	0	0	0	0	0
19	243308	100000000	9490	4	1	0	0	0	0	0	0	1	0	0	0	0	0	0	0	0	0	0	0
20	485612	100000000	9971	4	1	0	0	0	0	0	0	1	0	0	0	0	0	0	0	0	0	0	0
21	968097	100000000	9994	4	1	0	0	0	0	0	0	1	0	0	0	0	0	0	0	0	0	0	0
22	1922712	100000000	9994	4	1	0	0	0	0	0	0	1	0	0	0	0	0	0	0	0	0	0	0
23	3792834	100000000	9994	4	1	0	0	0	0	0	0	1	0	0	0	0	0	0	0	0	0	0	0
24	7387648	100000000	9994	4	1	0	0	0	0	0	0	1	0	0	0	0	0	0	0	0	0	0	0
25	95150	100000000	9781	5	1	0	0	0	0	0	0	0	0	1	0	0	0	0	0	0	0	0	0
26	190093	100000000	9925	4	1	0	0	0	0	0	0	0	0	1	0	0	0	0	0	0	0	0	0
27	3802	100000000	2144	5	1	0	0	0	0	0	0	0	0	0	1	0	0	0	0	0	0	0	0
28	7638	100000000	2434	3	2	0	0	0	0	0	0	0	0	1	0	0	0	0	0	0	0	0	0
29	140	100000000	31	67	17	5	0	0	0	0	0	0	0	0	0	0	0	0	0	0	0	0	0
30	289	100000000	63	55	15	9	0	0	0	0	0	0	0	0	0	0	0	0	0	0	0	0	0
31	585	100000000	98	54	13	10	0	0	0	0	0	0	0	0	0	0	0	0	0	0	0	0	0
32	1177	100000000	169	45	17	8	2	0	0	0	0	0	0	0	0	0	0	0	0	0	0	0	0
33	2341	100000000	282	44	18	9	2	0	0	0	0	0	0	0	0	0	0	0	0	0	0	0	0
34	37	100000000	0	0	9	0	10	0	7	0	5	0	0	0	2	0	0	0	0	0	0	0	0
35	59	100000000	0	11	5	0	5	1	0	0	4	7	1	0	0	2	0	0	0	0	0	0	0
36	123	100000000	9	10	3	2	3	2	0	6	0	3	0	0	4	0	0	0	0	0	0	0	0
37	253	100000000	31	4	10	1	3	0	4	0	0	0	2	7	1	1	0	0	0	0	0	0	0
38	485	100000000	67	8	7	1	0	4	1	2	0	2	0	7	0	1	1	0	0	0	0	0	0
39	992	100000000	132	6	7	3	3	2	0	2	2	0	5	0	3	0	1	0	0	0	0	0	0
40	2048	100000000	252	10	7	0	1	5	0	2	0	7	0	1	2	0	1	0	0	0	0	0	0
41	3957	100000000	372	9	5	0	1	4	1	2	0	2	5	3	0	0	0	1	0	0	0	0	0
42	7728	100000000	617	7	7	0	1	4	1	2	0	2	5	3	0	0	0	0	1	0	0	0	0
43	14859	100000000	978	5	9	0	1	4	1	0	2	7	0	3	0	0	0	0	1	0	0	0	0
44	28335	100000000	1512	7	7	0	1	4	1	2	0	2	5	3	0	0	0	1	0	0	0	0	0
45	54634	100000000	2454	5	9	0	1	4	1	2	0	2	5	3	0	0	0	1	0	0	0	0	0
46	104830	100000000	3962	9	7	0	1	4	1	2	0	2	5	3	0	0	0	1	0	0	0	0	0
47	2010	100000000	408	10	7	1	3	0	3	1	0	2	0	7	1	0	1	0	0	0	0	0	0
48	4100	100000000	611	6	10	1	3	0	3	1	0	2	0	7	1	0	1	0	0	0	0	0	0
49	8208	100000000	1094	7	11	0	3	0	3	1	0	2	0	7	1	0	1	0	0	0	0	0	0
50	220	100000000	42	30	2	1	2	0	0	2	0	2	5	1	0	2	0	0	0	0	0	0	1
51	435	100000000	57	32	3	0	2	0	2	0	0	5	0	5	0	0	0	0	0	0	0	0	1
52	836	964079750	123	21	3	2	1	1	2	0	0	5	2	3	0	0	0	0	0	0	0	0	1
53	1725	912331549	210	22	5	2	2	0	2	0	0	5	0	3	2	0	0	0	0	0	0	0	1
54	3393	864589540	405	20	5	2	1	1	2	0	0	5	0	3	2	0	0	0	0	0	0	0	1
55	6684	810622682	825	20	6	2	1	1	2	0	0	5	0	1	4	0	0	0	0	0	0	0	1
56	13148	745059614	1275	20	5	2	1	1	2	0	0	5	0	3	2	0	0	0	0	0	0	0	1
57	25417	675961035	1946	19	5	2	1	1	2	0	0	5	0	3	2	0	0	0	0	0	0	0	1
58	49190	613243995	3026	17	7	2	1	1	2	0	0	5	0	3	2	0	0	0	0	0	0	0	1
59	94424	553621065	4321	18	7	2	1	1	2	0	0	5	0	3	2	0	0	0	0	0	0	0	1
60	179423	493128285	5462	18	7	2	1	1	2	0	0	5	0	3	2	0	0	0	0	0	0	0	1
61	3728	440667909	744	26	4	1	1	0	1	2	0	2	5	0	1	2	0	0	0	0	0	0	1
62	7554	401307671	1123	24	6	1	1	0	1	2	0	2	5	0	1	0	2	0	0	0	0	0	1
63	15132	369656422	1930	22	6	0	2	0	1	2	0	2	5	0	1	0	2	0	0	0	0	0	1
64	30185	338928087	3304	25	5	0	2	0	1	2	0	2	5	0	1	0	0	2	0	0	0	0	1
65	587	309267839	197	27	10	2	0	0	1	2	1	7	0	1	0	0	2	0	0	0	0	1	0
66	1196	284361826	257	29	8	2	0	0	1	0	6	3	1	1	0	2	0	0	1	0	0	0	0
67	2553	262735430	416	29	8	2	0	0	0	1	7	2	1	1	2	0	0	0	1	0	0	0	0
68	5221	242499852	684	27	11	1	0	0	0	1	2	7	0	2	0	2	0	1	0	0	0	0	0
69	10403	221617588	1284	27	11	1	0	0	0	1	2	7	0	2	0	2	0	1	0	0	0	0	0
70	21096	203112195	2369	27	12	1	0	0	0	1	2	7	0	2	0	2	0	1	0	0	0	0	0
71	41250	191166795	3740	28	11	1	0	0	0	3	0	7	0	2	0	2	0	1	0	0	0	0	0
72	80339	188512018	5111	28	11	1	0	0	0	3	0	7	0	2	2	0	0	1	0	0	0	0	0
73	153671	188823828	6055	27	10	2	0	0	0	3	0	7	0	2	2	0	0	1	0	0	0	0	0
74	291766	187372519	7021	27	10	2	0	0	0	3	0	7	0	2	2	0	0	1	0	0	0	0	0
75	5943	191754940	1281	30	8	3	1	0	0	3	5	2	0	2	2	0	0	1	0	0	0	0	0
76	11953	195738066	1895	32	9	3	1	0	0	3	5	2	0	2	2	0	0	1	0	0	0	0	0
77	223	191654211	93	46	6	8	2	4	0	3	3	0	0	1	2	4	1	1	0	1	0	0	0
78	432	182135658	131	26	10	8	5	3	1	3	0	2	0	3	0	0	5	1	0	1	0	0	0
79	870	170328897	190	34	9	5	7	3	2	0	2	2	1	2	0	0	5	1	0	0	1	0	0
80	1700	158636932	305	33	11	1	8	6	1	0	2	1	2	2	0	0	1	4	1	0	0	1	0
81	3305	145679291	480	39	11	4	6	5	3	0	2	1	2	2	0	1	4	0	1	0	0	1	0
82	6628	131048528	828	35	11	4	6	6	2	0	2	1	2	2	0	1	4	1	0	0	0	1	0
83	13230	118607190	1517	33	10	4	6	6	2	0	2	1	2	2	1	0	4	0	1	0	0	1	0
84	25618	107557304	2190	34	8	4	4	8	2	0	2	1	2	2	1	0	4	0	1	0	0	1	0
85	50070	96098785	3325	37	8	4	7	5	2	0	3	0	0	4	1	0	4	0	1	0	0	1	0
86	97450	86591013	5074	32	8	4	4	8	2	2	0	1	2	2	1	0	4	0	1	0	0	1	0
87	187687	81289538	6960	34	8	4	4	8	2	2	0	1	2	2	1	0	4	0	1	0	0	1	0
88	354825	78664119	7630	35	8	4	4	8	2	2	0	1	0	4	1	0	4	0	1	0	0	1	0
89	667841	75395447	8529	34	9	4	4	8	2	2	1	0	0	4	1	0	4	0	1	0	0	1	0
90	1253423	71020467	9340	35	9	4	4	8	2	2	1	0	0	4	1	0	4	0	1	0	0	1	0
91	2339046	67095508	9794	37	9	4	4	8	2	2	1	0	0	4	1	0	4	0	1	0	0	1	0
