gen	size	0.0	0.01	0.02	0.03	0.04	0.05	0.06	0.07	0.08	0.09	0.1	0.11	0.12	0.13	0.14	0.15	0.16	0.17	0.18	0.19	0.2	0.21	0.22	0.23	0.24	>0.25
1	79	100000000	0	4	0	0	0	0	0	0	0	0	0	0	0	0	0	0	0	0	0	0	0
2	157	100000000	8	2	0	0	0	0	0	0	0	0	0	0	0	0	0	0	0	0	0	0	0
3	321	100000000	31	1	0	1	0	0	0	0	0	0	0	0	0	0	0	0	0	0	0	0	0
4	635	100000000	72	3	0	1	0	0	0	0	0	0	0	0	0	0	0	0	0	0	0	0	0
5	1237	100000000	136	2	0	0	1	0	0	0	0	0	0	0	0	0	0	0	0	0	0	0	0
6	2516	100000000	285	3	0	0	1	0	0	0	0	0	0	0	0	0	0	0	0	0	0	0	0
7	5010	100000000	575	2	0	1	0	0	0	0	0	0	0	0	0	0	0	0	0	0	0	0	0
8	9833	100000000	1137	2	0	0	1	0	0	0	0	0	0	0	0	0	0	0	0	0	0	0	0
9	19839	100000000	2181	2	0	0	1	0	0	0	0	0	0	0	0	0	0	0	0	0	0	0	0
10	39939	100000000	3878	2	0	0	1	0	0	0	0	0	0	0	0	0	0	0	0	0	0	0	0
11	79981	100000000	6238	2	0	0	1	0	0	0	0	0	0	0	0	0	0	0	0	0	0	0	0
12	159786	100000000	8555	2	0	1	0	0	0	0	0	0	0	0	0	0	0	0	0	0	0	0	0
13	318567	100000000	9794	2	0	1	0	0	0	0	0	0	0	0	0	0	0	0	0	0	0	0	0
14	635225	100000000	9995	2	0	1	0	0	0	0	0	0	0	0	0	0	0	0	0	0	0	0	0
15	1263827	100000000	9997	2	0	1	0	0	0	0	0	0	0	0	0	0	0	0	0	0	0	0	0
16	18258	100000000	4793	3	1	0	0	1	0	0	0	0	0	0	0	0	0	0	0	0	0	0	0
17	36366	100000000	5776	3	1	0	0	1	0	0	0	0	0	0	0	0	0	0	0	0	0	0	0
18	72693	100000000	7367	4	1	0	0	1	0	0	0	0	0	0	0	0	0	0	0	0	0	0	0
19	145849	100000000	8884	4	1	0	0	1	0	0	0	0	0	0	0	0	0	0	0	0	0	0	0
20	290563	100000000	9788	5	1	0	0	1	0	0	0	0	0	0	0	0	0	0	0	0	0	0	0
21	5573	100000000	2410	2	1	0	0	0	1	0	0	0	0	0	0	0	0	0	0	0	0	0	0
22	11170	100000000	2894	3	1	0	0	0	1	0	0	0	0	0	0	0	0	0	0	0	0	0	0
23	22652	100000000	3820	2	1	0	0	0	1	0	0	0	0	0	0	0	0	0	0	0	0	0	0
24	45155	100000000	5285	1	1	0	0	0	1	0	0	0	0	0	0	0	0	0	0	0	0	0	0
25	953	100000000	646	5	3	0	0	0	0	1	0	0	0	0	0	0	0	0	0	0	0	0	0
26	1883	100000000	727	7	3	0	0	0	0	1	0	0	0	0	0	0	0	0	0	0	0	0	0
27	3702	100000000	922	9	3	0	0	0	0	1	0	0	0	0	0	0	0	0	0	0	0	0	0
28	7377	100000000	1321	8	4	0	0	0	0	1	0	0	0	0	0	0	0	0	0	0	0	0	0
29	14696	100000000	2078	9	3	0	0	0	0	1	0	0	0	0	0	0	0	0	0	0	0	0	0
30	29285	100000000	3364	7	4	0	0	0	0	1	0	0	0	0	0	0	0	0	0	0	0	0	0
31	57614	100000000	4992	9	3	0	0	0	0	1	0	0	0	0	0	0	0	0	0	0	0	0	0
32	111500	100000000	6476	9	3	0	0	0	0	1	0	0	0	0	0	0	0	0	0	0	0	0	0
33	215704	100000000	8168	9	3	0	0	0	0	1	0	0	0	0	0	0	0	0	0	0	0	0	0
34	419559	100000000	9508	9	3	0	0	0	0	1	0	0	0	0	0	0	0	0	0	0	0	0	0
35	806356	100000000	9919	9	3	0	0	0	0	1	0	0	0	0	0	0	0	0	0	0	0	0	0
36	15996	100000000	3279	9	3	0	0	0	1	0	0	0	0	0	0	0	0	0	0	0	0	0	0
37	31969	100000000	4427	9	3	0	0	0	1	0	0	0	0	0	0	0	0	0	0	0	0	0	0
38	675	100000000	478	32	4	0	1	0	0	0	0	0	0	0	0	0	0	0	0	0	0	0	0
39	1457	100000000	547	35	4	0	1	0	0	0	0	0	0	0	0	0	0	0	0	0	0	0	0
40	2917	100000000	706	36	3	0	1	0	0	0	0	0	0	0	0	0	0	0	0	0	0	0	0
41	5723	100000000	1026	38	3	1	0	0	0	0	0	0	0	0	0	0	0	0	0	0	0	0	0
42	11512	100000000	1650	43	3	1	0	0	0	0	0	0	0	0	0	0	0	0	0	0	0	0	0
43	23058	100000000	2753	37	3	1	0	0	0	0	0	0	0	0	0	0	0	0	0	0	0	0	0
44	45591	100000000	4150	38	3	1	0	0	0	0	0	0	0	0	0	0	0	0	0	0	0	0	0
45	88298	100000000	5595	38	3	1	0	0	0	0	0	0	0	0	0	0	0	0	0	0	0	0	0
46	171829	100000000	7410	39	3	1	0	0	0	0	0	0	0	0	0	0	0	0	0	0	0	0	0
47	333849	100000000	9042	38	3	1	0	0	0	0	0	0	0	0	0	0	0	0	0	0	0	0	0
48	646480	100000000	9840	39	3	1	0	0	0	0	0	0	0	0	0	0	0	0	0	0	0	0	0
49	13450	100000000	2795	42	3	1	0	0	0	0	0	0	0	0	0	0	0	0	0	0	0	0	0
50	250	100000000	176	59	10	8	1	0	0	0	0	0	0	0	0	0	0	0	0	0	0	0	0
51	485	100000000	162	82	14	8	0	0	0	0	0	0	0	0	0	0	0	0	0	0	0	0	0
52	933	964079750	195	72	28	8	0	0	0	0	0	0	0	0	0	0	0	0	0	0	0	0	0
53	20	912331549	0	0	0	0	10	0	0	0	4	0	0	4	0	0	0	0	0	0	0	4	0
54	36	864589540	0	0	4	0	4	0	7	0	4	0	0	0	0	0	0	2	0	2	0	1	0
55	69	810622682	0	7	2	3	0	0	3	0	0	4	2	0	2	0	0	0	4	0	0	0	1
56	149	745059614	9	3	3	3	0	4	0	2	0	3	0	2	0	0	0	0	0	0	0	4	1
57	266	675961035	19	5	1	3	4	2	0	0	0	3	0	0	2	0	0	0	0	0	4	0	1
58	526	613243995	42	2	4	7	0	2	0	0	0	3	0	0	2	0	0	0	0	0	4	0	1
59	1025	553621065	99	1	3	7	2	0	0	0	0	0	3	0	2	0	0	0	0	0	0	4	1
60	1938	493128285	161	2	3	3	6	0	0	0	0	0	3	0	0	2	0	0	0	0	0	4	1
61	3793	440667909	259	4	2	8	2	0	0	0	0	0	3	0	0	2	0	0	0	0	0	4	1
62	7337	401307671	486	3	3	7	2	0	0	0	0	0	3	0	0	2	0	0	0	0	0	4	1
63	14329	369656422	923	3	2	8	2	0	0	0	0	0	3	0	0	2	0	0	0	0	0	4	1
64	27533	338928087	1593	3	2	8	2	0	0	0	0	0	3	0	0	2	0	0	0	0	0	4	1
65	567	309267839	99	5	1	2	5	4	0	0	0	0	3	2	0	0	0	0	0	0	4	0	1
66	1173	284361826	171	6	0	1	8	2	0	0	0	0	3	2	0	0	0	0	0	0	4	0	1
67	2277	262735430	275	4	1	1	8	2	0	0	0	0	3	2	0	0	0	0	0	0	4	0	1
68	4436	242499852	570	5	0	1	8	2	0	0	0	0	0	5	0	0	0	0	0	0	4	0	1
69	108	221617588	10	5	10	2	1	1	0	6	0	0	0	3	0	4	0	4	0	0	0	0	1
70	224	203112195	15	13	4	3	1	0	4	0	2	0	0	4	3	0	0	0	0	4	0	0	1
71	458	191166795	56	12	2	5	0	0	4	2	0	3	4	0	0	0	0	0	0	0	0	4	1
72	918	188512018	122	7	3	3	0	0	4	0	2	4	3	0	0	0	0	0	0	0	0	0	5
73	1816	188823828	222	7	2	4	0	0	4	0	2	1	6	0	0	0	0	0	0	0	0	0	5
74	40	187372519	0	0	10	0	10	0	0	0	4	0	1	1	0	3	0	0	1	0	3	0	1
75	87	191754940	5	6	6	2	2	0	0	1	0	1	0	8	0	0	0	1	0	0	3	0	1
76	191	195738066	18	4	4	3	2	3	0	0	1	0	8	0	0	0	1	0	0	0	3	0	1
77	359	191654211	47	9	0	3	4	2	1	0	1	4	4	0	0	1	0	0	0	0	3	0	1
78	727	182135658	94	6	2	3	1	4	2	0	1	0	4	4	0	1	0	3	0	0	0	0	1
79	1392	170328897	188	8	2	3	3	2	2	0	0	1	0	4	4	1	0	0	3	0	0	0	1
80	36	158636932	0	0	9	0	5	0	1	0	1	0	0	0	0	0	0	0	0	1	0	0	5
81	62	145679291	0	9	3	4	0	0	1	2	0	0	0	0	0	0	0	0	0	0	1	0	5
82	120	131048528	13	2	4	2	0	5	0	1	0	0	1	0	0	0	0	0	1	0	0	0	5
83	253	118607190	40	7	3	1	0	1	4	0	1	0	1	0	0	0	0	0	0	1	0	0	5
84	472	107557304	60	8	1	0	1	0	5	1	0	0	0	1	0	0	0	0	1	0	0	0	5
85	965	96098785	128	6	2	0	1	4	1	0	1	0	1	0	0	0	0	0	1	0	0	0	5
86	1877	86591013	207	9	1	0	1	0	5	0	1	0	1	0	0	0	0	0	1	0	0	0	5
87	3622	81289538	270	12	1	0	1	5	0	0	1	0	0	1	0	0	0	0	0	1	0	0	5
88	7054	78664119	417	11	1	0	1	5	0	0	0	1	0	1	0	0	0	0	0	1	0	0	5
89	13541	75395447	652	10	1	0	1	5	0	0	0	1	0	0	1	0	0	0	0	1	0	0	5
90	25792	71020467	1035	9	1	1	0	5	0	0	0	1	0	0	1	0	0	0	0	1	0	0	5
91	490	67095508	81	8	4	0	5	0	0	0	0	1	0	0	0	0	0	1	0	0	0	1	5
