gen	size	0.0	0.01	0.02	0.03	0.04	0.05	0.06	0.07	0.08	0.09	0.1	0.11	0.12	0.13	0.14	0.15	0.16	0.17	0.18	0.19	0.2	0.21	0.22	0.23	0.24	>0.25
1	77	100000000	0	5	0	0	0	0	0	0	0	0	0	0	0	0	0	0	0	0	0	0	0
2	154	100000000	15	1	1	0	0	0	0	0	0	0	0	0	0	0	0	0	0	0	0	0	0
3	303	100000000	50	2	1	0	0	0	0	0	0	0	0	0	0	0	0	0	0	0	0	0	0
4	640	100000000	86	5	0	0	0	0	0	0	0	0	0	0	0	0	0	0	0	0	0	0	0
5	1317	100000000	149	3	1	0	0	0	0	0	0	0	0	0	0	0	0	0	0	0	0	0	0
6	16	100000000	0	0	0	0	0	3	0	0	0	0	0	0	0	0	0	0	0	0	0	0	0
7	24	100000000	0	0	0	0	0	0	0	0	0	0	0	0	0	0	0	0	0	0	0	0	0
8	43	100000000	0	3	0	0	0	0	0	0	0	0	0	0	0	0	0	0	0	0	0	0	0
9	84	100000000	6	1	1	0	0	0	0	0	0	0	0	0	0	0	0	0	0	0	0	0	0
10	163	100000000	18	4	0	1	0	0	0	0	0	0	0	0	0	0	0	0	0	0	0	0	0
11	1	100000000	0	0	0	0	0	0	0	0	0	0	0	0	0	0	0	0	0	0	0	0	1
12	3	100000000	0	0	0	0	0	0	0	0	0	0	0	0	0	0	0	0	0	0	0	0	1
13	5	100000000	0	0	0	0	0	0	0	0	0	0	0	0	0	0	0	0	1	0	0	0	1
14	17	100000000	0	0	0	0	0	0	0	0	0	1	0	0	0	0	0	0	0	0	0	0	1
15	30	100000000	0	0	3	0	0	0	0	0	0	0	0	0	0	1	0	0	0	0	0	0	1
16	55	100000000	0	3	0	0	0	0	0	0	0	0	0	0	0	1	0	0	0	0	0	0	1
17	142	100000000	7	0	1	1	0	0	0	0	0	0	0	1	0	0	0	0	0	0	0	0	1
18	273	100000000	22	1	1	0	1	0	0	0	0	0	0	1	0	0	0	0	0	0	0	0	1
19	518	100000000	46	1	1	0	1	0	0	0	0	0	0	0	1	0	0	0	0	0	0	0	1
20	1022	100000000	117	0	1	1	0	0	0	0	0	0	0	0	1	0	0	0	0	0	0	0	1
21	2017	100000000	233	0	0	2	0	0	0	0	0	0	1	0	0	0	0	0	0	0	0	0	1
22	4045	100000000	451	0	1	1	0	0	0	0	0	0	1	0	0	0	0	0	0	0	0	0	1
23	98	100000000	10	0	0	1	2	1	0	0	0	0	0	0	0	0	0	0	0	0	0	0	2
24	190	100000000	13	2	4	0	0	3	0	0	0	0	0	0	0	0	0	0	0	0	0	0	2
25	353	100000000	31	4	2	0	1	2	0	0	0	0	0	0	0	0	0	0	0	0	0	0	2
26	711	100000000	74	6	1	1	3	0	0	0	0	0	0	0	0	0	0	0	0	0	0	0	2
27	1378	100000000	164	4	1	2	1	1	0	0	0	0	0	0	0	0	0	0	0	0	0	0	2
28	2649	100000000	308	5	1	2	1	1	0	0	0	0	0	0	0	0	0	0	0	0	0	0	2
29	5147	100000000	610	7	0	2	1	1	0	0	0	0	0	0	0	0	0	0	0	0	0	0	2
30	10449	100000000	1191	7	0	2	1	1	0	0	0	0	0	0	0	0	0	0	0	0	0	0	2
31	20764	100000000	2251	6	1	2	1	1	0	0	0	0	0	0	0	0	0	0	0	0	0	0	2
32	41614	100000000	3998	6	1	2	1	1	0	0	0	0	0	0	0	0	0	0	0	0	0	0	2
33	844	100000000	215	5	1	2	1	0	1	0	0	0	0	0	0	0	0	0	0	0	0	0	2
34	1624	100000000	314	4	1	2	1	0	1	0	0	0	0	0	0	0	0	0	0	0	0	0	2
35	3277	100000000	509	5	1	2	1	1	0	0	0	0	0	0	0	0	0	0	0	0	0	0	2
36	6536	100000000	883	4	1	2	1	1	0	0	0	0	0	0	0	0	0	0	0	0	0	0	2
37	12970	100000000	1540	6	3	0	1	0	1	0	0	0	0	0	0	0	0	0	0	0	0	0	2
38	25854	100000000	2760	6	3	0	1	1	0	0	0	0	0	0	0	0	0	0	0	0	0	0	2
39	51685	100000000	4765	7	3	0	1	0	1	0	0	0	0	0	0	0	0	0	0	0	0	0	2
40	103454	100000000	7199	7	3	0	1	0	1	0	0	0	0	0	0	0	0	0	0	0	0	0	2
41	207272	100000000	9203	5	3	0	1	0	1	0	0	0	0	0	0	0	0	0	0	0	0	0	2
42	413501	100000000	9925	5	3	0	1	0	1	0	0	0	0	0	0	0	0	0	0	0	0	0	2
43	824269	100000000	9988	5	3	0	1	0	1	0	0	0	0	0	0	0	0	0	0	0	0	0	2
44	16652	100000000	3722	5	1	2	1	1	0	0	0	0	0	0	0	0	0	0	0	0	0	0	2
45	33205	100000000	4812	6	0	2	1	1	0	0	0	0	0	0	0	0	0	0	0	0	0	0	2
46	66615	100000000	6515	5	0	2	1	1	0	0	0	0	0	0	0	0	0	0	0	0	0	0	2
47	1287	100000000	582	11	2	1	0	1	0	0	0	0	0	0	0	0	0	0	0	0	0	0	2
48	2542	100000000	701	11	4	1	1	0	0	0	0	0	0	0	0	0	0	0	0	0	0	0	2
49	54	100000000	0	10	7	0	10	2	0	1	0	0	0	0	0	0	0	0	0	1	0	0	1
50	106	100000000	10	7	7	6	2	2	3	1	0	0	0	0	0	0	0	0	0	0	0	1	1
51	201	100000000	20	13	5	9	2	1	2	1	0	0	0	0	0	0	0	0	0	1	0	0	1
52	435	964079750	42	12	11	3	5	0	2	2	0	0	0	0	0	0	0	0	0	1	0	0	1
53	903	912331549	89	13	7	5	4	1	2	1	0	1	0	0	0	0	0	0	0	0	0	1	1
54	13	864589540	0	0	0	0	0	0	7	0	0	0	0	0	7	0	0	0	0	0	0	0	1
55	31	810622682	0	0	11	0	0	0	0	0	0	0	6	0	0	0	0	0	0	0	0	0	2
56	68	745059614	0	6	4	1	0	1	0	0	3	0	0	3	0	0	0	0	0	0	0	0	2
57	145	675961035	17	4	4	1	1	0	0	1	3	0	0	0	0	0	3	0	0	0	0	0	2
58	3	613243995	0	0	0	0	0	0	0	0	0	0	0	0	0	0	0	0	0	0	0	0	5
59	4	553621065	0	0	0	0	0	0	0	0	0	0	0	0	0	0	0	0	0	0	0	1	5
60	7	493128285	0	0	0	0	0	0	0	0	0	0	0	0	0	0	0	0	0	0	0	0	6
61	10	440667909	0	0	0	0	0	0	0	0	0	0	0	0	0	0	0	0	1	0	0	0	5
62	27	401307671	0	0	2	0	0	0	0	0	0	0	0	0	0	0	0	0	0	1	0	0	5
63	68	369656422	0	7	2	0	0	0	0	0	0	0	0	0	0	0	0	0	0	0	0	1	5
64	141	338928087	9	8	1	0	0	0	0	0	0	0	0	0	0	0	0	0	0	0	1	0	5
65	270	309267839	21	5	2	1	0	0	0	0	0	0	0	0	0	0	0	0	0	1	0	0	5
66	539	284361826	36	7	2	1	0	0	0	0	0	0	0	0	0	0	0	0	0	1	0	0	5
67	1056	262735430	67	5	1	2	0	0	0	0	0	0	0	0	0	0	0	0	0	0	1	0	5
68	2063	242499852	112	5	1	2	0	0	0	0	0	0	0	0	0	0	0	0	0	0	1	0	5
69	4011	221617588	193	5	1	2	0	0	0	0	0	0	0	0	0	0	0	0	0	0	0	1	5
70	7710	203112195	333	6	1	2	0	0	0	0	0	0	0	0	0	0	0	0	0	0	0	1	5
71	14734	191166795	577	7	1	2	0	0	0	0	0	0	0	0	0	0	0	0	0	0	0	1	5
72	28212	188512018	998	7	1	2	0	0	0	0	0	0	0	0	0	0	0	0	0	0	0	1	5
73	53794	188823828	1759	7	1	2	0	0	0	0	0	0	0	0	0	0	0	0	0	0	0	1	5
74	1079	187372519	161	7	0	2	1	0	0	0	0	0	0	0	0	0	0	0	0	0	0	1	5
75	2169	191754940	295	6	0	2	1	0	0	0	0	0	0	0	0	0	0	0	0	0	0	1	5
76	4352	195738066	558	6	1	2	1	0	0	0	0	0	0	0	0	0	0	0	0	0	0	1	5
77	8711	191654211	1058	7	1	2	1	0	0	0	0	0	0	0	0	0	0	0	0	0	0	1	5
78	17264	182135658	1886	8	0	2	1	0	0	0	0	0	0	0	0	0	0	0	0	0	0	1	5
79	335	170328897	93	18	2	0	2	0	0	0	0	0	0	0	0	0	0	0	0	0	0	0	6
80	674	158636932	124	23	1	1	1	0	0	0	0	0	0	0	0	0	0	0	0	0	0	0	6
81	1358	145679291	208	21	2	1	1	0	0	0	0	0	0	0	0	0	0	0	0	0	0	0	6
82	2747	131048528	382	17	2	0	2	0	0	0	0	0	0	0	0	0	0	0	0	0	0	0	6
83	5545	118607190	678	20	1	0	2	0	0	0	0	0	0	0	0	0	0	0	0	0	0	0	6
84	11103	107557304	1299	28	1	0	1	1	0	0	0	0	0	0	0	0	0	0	0	0	0	0	6
85	21931	96098785	1983	26	1	0	1	1	0	0	0	0	0	0	0	0	0	0	0	0	0	0	6
86	41469	86591013	2520	24	3	0	2	0	0	0	0	0	0	0	0	0	0	0	0	0	0	0	6
87	857	81289538	237	21	3	0	1	0	1	0	0	0	0	0	0	0	0	0	0	0	0	0	6
88	1760	78664119	334	20	6	0	1	0	1	0	0	0	0	0	0	0	0	0	0	0	0	0	6
89	3675	75395447	570	22	3	0	0	1	1	0	0	0	0	0	0	0	0	0	0	0	0	0	6
90	72	71020467	0	14	14	9	4	5	0	0	2	0	0	0	0	1	0	0	0	0	0	0	6
91	129	67095508	18	13	3	9	7	2	7	0	0	0	0	0	0	0	0	0	1	0	0	0	6
