gen	size	0.0	0.01	0.02	0.03	0.04	0.05	0.06	0.07	0.08	0.09	0.1	0.11	0.12	0.13	0.14	0.15	0.16	0.17	0.18	0.19	0.2	0.21	0.22	0.23	0.24	>0.25
1	75	100000000	0	5	0	0	0	0	0	0	0	0	0	0	0	0	0	0	0	0	0	0	0
2	149	100000000	9	4	0	0	0	0	0	0	0	0	0	0	0	0	0	0	0	0	0	0	0
3	308	100000000	34	4	0	0	0	0	0	0	0	0	0	0	0	0	0	0	0	0	0	0	0
4	631	100000000	69	2	0	0	0	0	0	0	0	0	0	0	0	0	0	0	0	0	0	0	0
5	1284	100000000	168	2	0	0	0	0	0	0	0	0	0	0	0	0	0	0	0	0	0	0	0
6	2626	100000000	315	5	0	0	0	0	0	0	0	0	0	0	0	0	0	0	0	0	0	0	0
7	5250	100000000	634	5	0	0	0	0	0	0	0	0	0	0	0	0	0	0	0	0	0	0	0
8	121	100000000	10	11	2	3	0	3	0	0	0	0	0	0	0	0	0	0	0	0	0	0	0
9	241	100000000	20	12	3	2	3	0	1	0	0	0	0	0	0	0	0	0	0	0	0	0	0
10	478	100000000	45	12	5	5	2	0	0	0	0	0	0	0	0	0	0	0	0	0	0	0	0
11	937	100000000	99	14	4	1	4	1	0	0	0	0	0	0	0	0	0	0	0	0	0	0	0
12	1908	100000000	212	14	4	1	3	2	0	0	0	0	0	0	0	0	0	0	0	0	0	0	0
13	3801	100000000	414	16	3	4	1	1	0	0	0	0	0	0	0	0	0	0	0	0	0	0	0
14	7600	100000000	854	15	2	1	4	1	0	0	0	0	0	0	0	0	0	0	0	0	0	0	0
15	15060	100000000	1635	15	3	1	4	1	0	0	0	0	0	0	0	0	0	0	0	0	0	0	0
16	30377	100000000	3087	13	4	4	1	1	0	0	0	0	0	0	0	0	0	0	0	0	0	0	0
17	607	100000000	178	10	4	3	1	0	1	0	0	0	0	0	0	0	0	0	0	0	0	0	0
18	1237	100000000	244	11	4	4	1	0	1	0	0	0	0	0	0	0	0	0	0	0	0	0	0
19	2515	100000000	379	10	3	5	0	0	1	0	0	0	0	0	0	0	0	0	0	0	0	0	0
20	5064	100000000	671	12	3	5	0	1	0	0	0	0	0	0	0	0	0	0	0	0	0	0	0
21	10188	100000000	1208	12	3	2	3	1	0	0	0	0	0	0	0	0	0	0	0	0	0	0	0
22	20446	100000000	2287	11	3	2	3	1	0	0	0	0	0	0	0	0	0	0	0	0	0	0	0
23	457	100000000	164	26	2	5	2	0	0	0	0	0	0	0	0	0	0	0	0	0	0	0	0
24	889	100000000	211	31	2	5	0	1	0	0	0	0	0	0	0	0	0	0	0	0	0	0	0
25	1797	100000000	339	34	2	5	0	1	0	0	0	0	0	0	0	0	0	0	0	0	0	0	0
26	3605	100000000	524	31	2	4	1	1	0	0	0	0	0	0	0	0	0	0	0	0	0	0	0
27	7312	100000000	891	35	2	4	1	1	0	0	0	0	0	0	0	0	0	0	0	0	0	0	0
28	14643	100000000	1660	33	3	4	1	1	0	0	0	0	0	0	0	0	0	0	0	0	0	0	0
29	28887	100000000	2692	32	3	4	1	0	1	0	0	0	0	0	0	0	0	0	0	0	0	0	0
30	57454	100000000	4618	31	3	5	0	0	1	0	0	0	0	0	0	0	0	0	0	0	0	0	0
31	114791	100000000	7316	32	3	4	1	0	1	0	0	0	0	0	0	0	0	0	0	0	0	0	0
32	230223	100000000	9268	31	3	5	0	0	1	0	0	0	0	0	0	0	0	0	0	0	0	0	0
33	461078	100000000	9922	32	3	5	0	0	1	0	0	0	0	0	0	0	0	0	0	0	0	0	0
34	918308	100000000	9959	32	3	5	0	0	1	0	0	0	0	0	0	0	0	0	0	0	0	0	0
35	1823248	100000000	9959	32	3	5	0	0	1	0	0	0	0	0	0	0	0	0	0	0	0	0	0
36	3599199	100000000	9959	32	3	5	0	0	1	0	0	0	0	0	0	0	0	0	0	0	0	0	0
37	7016233	100000000	9959	32	3	4	1	0	1	0	0	0	0	0	0	0	0	0	0	0	0	0	0
38	13364660	100000000	9959	32	3	4	1	0	1	0	0	0	0	0	0	0	0	0	0	0	0	0	0
39	24361547	100000000	9959	32	3	4	1	0	1	0	0	0	0	0	0	0	0	0	0	0	0	0	0
40	292060	100000000	9957	35	2	4	1	1	0	0	0	0	0	0	0	0	0	0	0	0	0	0	0
41	582973	100000000	9957	35	2	4	1	1	0	0	0	0	0	0	0	0	0	0	0	0	0	0	0
42	1160410	100000000	9957	35	2	4	1	1	0	0	0	0	0	0	0	0	0	0	0	0	0	0	0
43	2300334	100000000	9957	35	2	4	1	0	1	0	0	0	0	0	0	0	0	0	0	0	0	0	0
44	4527613	100000000	9957	35	2	4	1	1	0	0	0	0	0	0	0	0	0	0	0	0	0	0	0
45	8773499	100000000	9957	35	2	4	1	0	1	0	0	0	0	0	0	0	0	0	0	0	0	0	0
46	175050	100000000	9958	33	2	4	1	0	1	0	0	0	0	0	0	0	0	0	0	0	0	0	0
47	3395	100000000	2735	35	4	5	2	0	1	0	0	0	0	0	0	0	0	0	0	0	0	0	0
48	6777	100000000	3014	41	3	3	1	2	0	0	0	0	0	0	0	0	0	0	0	0	0	0	0
49	13643	100000000	3509	42	3	3	1	2	0	0	0	0	0	0	0	0	0	0	0	0	0	0	0
50	275	100000000	294	58	18	5	5	2	0	0	0	0	0	0	0	0	0	0	0	0	0	0	0
51	550	100000000	287	70	27	8	2	2	0	0	0	0	0	0	0	0	0	0	0	0	0	0	0
52	1168	964079750	347	77	13	14	2	2	0	0	0	0	0	0	0	0	0	0	0	0	0	0	0
53	2347	912331549	490	71	16	12	2	2	1	0	0	0	0	0	0	0	0	0	0	0	0	0	0
54	4691	864589540	770	74	17	11	2	3	1	0	0	0	0	0	0	0	0	0	0	0	0	0	0
55	9396	810622682	1277	89	16	12	3	2	1	0	0	0	0	0	0	0	0	0	0	0	0	0	0
56	18430	745059614	1885	81	15	15	2	3	1	0	0	0	0	0	0	0	0	0	0	0	0	0	0
57	35634	675961035	2722	79	13	15	2	3	1	0	0	0	0	0	0	0	0	0	0	0	0	0	0
58	69071	613243995	4151	86	14	15	2	3	1	0	0	0	0	0	0	0	0	0	0	0	0	0	0
59	1475	553621065	521	53	30	8	7	4	3	0	0	0	0	0	0	0	0	0	0	0	0	0	0
60	2858	493128285	660	61	36	5	5	5	2	0	0	0	0	0	0	0	0	0	0	0	0	0	0
61	49	440667909	0	28	0	6	17	0	11	0	0	0	0	7	0	3	0	0	1	0	0	0	0
62	103	401307671	21	2	11	14	4	0	19	3	0	0	0	0	4	0	3	0	0	1	0	0	0
63	194	369656422	33	20	6	1	4	5	11	3	5	2	0	4	0	0	0	0	1	3	0	0	0
64	372	338928087	48	12	9	5	6	1	13	2	8	0	4	0	0	0	0	0	1	3	0	0	0
65	708	309267839	95	8	14	0	3	9	6	4	3	5	0	4	0	0	0	3	0	0	1	0	0
66	1410	284361826	174	6	15	1	7	0	7	6	10	0	4	0	0	3	0	0	0	0	0	1	0
67	2799	262735430	328	16	10	1	4	3	7	6	10	0	4	0	0	3	0	0	0	0	1	0	0
68	5464	242499852	510	15	10	1	7	5	2	6	7	3	4	0	0	3	0	0	0	0	1	0	0
69	10498	221617588	814	15	2	9	4	8	2	6	7	3	4	0	0	3	0	0	0	0	0	1	0
70	213	203112195	49	28	4	0	5	7	5	0	0	12	0	3	0	4	0	0	0	0	0	1	0
71	392	191166795	55	39	3	1	2	10	5	0	0	3	6	0	3	0	0	4	0	0	0	0	1
72	793	188512018	99	26	14	0	7	7	3	0	3	0	6	0	0	3	0	0	0	4	0	0	1
73	1518	188823828	186	35	5	1	2	10	5	0	3	0	6	0	3	0	0	0	0	4	0	0	1
74	3032	187372519	358	34	6	2	0	10	5	0	3	0	0	6	3	0	0	0	0	4	0	0	1
75	6015	191754940	709	34	6	2	0	10	0	5	3	0	6	0	3	0	0	0	0	0	4	0	1
76	11760	195738066	1026	19	14	2	0	10	0	5	3	0	0	6	3	0	0	0	0	4	0	0	1
77	22644	191654211	1431	17	14	2	0	10	0	5	3	0	0	6	3	0	0	0	0	4	0	0	1
78	43517	182135658	2212	25	14	2	0	10	5	0	3	0	0	6	3	0	0	0	0	4	0	0	1
79	83654	170328897	3412	17	14	2	0	10	0	5	3	0	0	6	3	0	0	0	0	4	0	0	1
80	160060	158636932	4829	17	14	2	0	10	0	5	3	0	0	6	3	0	0	0	0	4	0	0	1
81	3313	145679291	635	32	5	2	0	10	5	3	0	0	0	0	9	0	0	0	0	0	4	0	1
82	6644	131048528	1016	31	6	2	2	8	5	3	0	0	0	0	8	1	0	0	0	0	4	0	1
83	13307	118607190	1659	31	6	2	5	5	5	3	0	0	0	0	8	1	0	0	0	0	4	0	1
84	26492	107557304	2911	31	6	2	5	5	5	3	0	0	0	0	9	0	0	0	0	0	4	0	1
85	53421	96098785	4840	31	6	2	5	5	5	3	0	0	0	0	9	0	0	0	0	0	4	0	1
86	101783	86591013	5462	30	6	2	5	5	5	3	0	0	0	0	9	0	0	0	0	0	4	0	1
87	192650	81289538	6297	30	6	2	5	5	5	3	0	0	0	0	8	1	0	0	0	0	4	0	1
88	364923	78664119	7486	30	6	2	5	5	5	3	0	0	0	0	9	0	0	0	0	0	4	0	1
89	689860	75395447	8752	31	6	2	5	5	5	3	0	0	0	0	9	0	0	0	0	0	4	0	1
90	13561	71020467	2449	31	5	3	10	0	0	5	3	0	0	0	9	0	0	0	0	0	0	4	1
91	27027	67095508	3586	29	5	3	10	0	0	5	3	0	0	0	9	0	0	0	0	0	0	4	1
