gen	size	0.0	0.01	0.02	0.03	0.04	0.05	0.06	0.07	0.08	0.09	0.1	0.11	0.12	0.13	0.14	0.15	0.16	0.17	0.18	0.19	0.2	0.21	0.22	0.23	0.24	>0.25
1	72	100000000	0	5	0	0	0	0	0	0	0	0	0	0	0	0	0	0	0	0	0	0	0
2	150	100000000	11	2	0	1	0	0	0	0	0	0	0	0	0	0	0	0	0	0	0	0	0
3	299	100000000	30	5	0	1	0	0	0	0	0	0	0	0	0	0	0	0	0	0	0	0	0
4	7	100000000	0	0	0	0	0	0	0	0	0	0	0	0	0	0	0	0	0	0	0	0	1
5	15	100000000	0	0	0	0	0	1	0	0	0	0	0	0	0	0	0	0	0	0	0	0	1
6	37	100000000	0	0	4	0	0	0	1	0	0	0	0	0	0	0	0	0	0	0	0	0	1
7	70	100000000	0	4	1	3	0	1	0	0	0	0	0	0	0	0	0	0	0	0	0	0	1
8	144	100000000	10	2	1	0	2	0	1	0	0	0	0	0	0	0	0	0	0	0	0	0	1
9	303	100000000	17	6	3	1	1	0	0	0	0	0	0	0	0	0	0	0	0	0	0	0	1
10	608	100000000	55	3	2	1	0	1	0	0	0	0	0	0	0	0	0	0	0	0	0	0	1
11	8	100000000	0	0	0	0	0	0	0	0	0	0	1	0	0	0	0	0	0	0	0	0	1
12	20	100000000	0	0	0	0	0	0	0	0	0	0	0	1	0	0	0	0	0	0	0	0	1
13	51	100000000	0	3	0	0	0	0	1	0	0	0	0	0	0	0	0	0	0	0	0	0	1
14	109	100000000	9	1	1	0	0	1	0	0	0	0	0	0	0	0	0	0	0	0	0	0	1
15	249	100000000	22	7	1	0	0	0	0	1	0	0	0	0	0	0	0	0	0	0	0	0	1
16	531	100000000	64	4	2	0	0	0	1	0	0	0	0	0	0	0	0	0	0	0	0	0	1
17	1101	100000000	116	3	3	0	0	1	0	0	0	0	0	0	0	0	0	0	0	0	0	0	1
18	2252	100000000	274	3	3	0	0	0	1	0	0	0	0	0	0	0	0	0	0	0	0	0	1
19	4461	100000000	514	5	3	0	0	0	1	0	0	0	0	0	0	0	0	0	0	0	0	0	1
20	8926	100000000	1013	6	2	0	0	1	0	0	0	0	0	0	0	0	0	0	0	0	0	0	1
21	17695	100000000	1954	7	1	0	0	0	1	0	0	0	0	0	0	0	0	0	0	0	0	0	1
22	35409	100000000	3541	7	1	0	0	0	1	0	0	0	0	0	0	0	0	0	0	0	0	0	1
23	71208	100000000	5810	6	1	0	0	0	1	0	0	0	0	0	0	0	0	0	0	0	0	0	1
24	142502	100000000	8226	6	1	0	0	0	1	0	0	0	0	0	0	0	0	0	0	0	0	0	1
25	283767	100000000	9673	6	1	0	0	0	1	0	0	0	0	0	0	0	0	0	0	0	0	0	1
26	566510	100000000	9979	6	1	0	0	0	1	0	0	0	0	0	0	0	0	0	0	0	0	0	1
27	1129181	100000000	9990	6	1	0	0	0	1	0	0	0	0	0	0	0	0	0	0	0	0	0	1
28	2242115	100000000	9991	6	1	0	0	0	1	0	0	0	0	0	0	0	0	0	0	0	0	0	1
29	4413656	100000000	9991	6	1	0	0	1	0	0	0	0	0	0	0	0	0	0	0	0	0	0	1
30	8561217	100000000	9991	6	1	0	0	1	0	0	0	0	0	0	0	0	0	0	0	0	0	0	1
31	16138494	100000000	9991	6	1	0	0	1	0	0	0	0	0	0	0	0	0	0	0	0	0	0	1
32	199668	100000000	9990	5	2	0	0	1	0	0	0	0	0	0	0	0	0	0	0	0	0	0	1
33	398341	100000000	9991	5	2	0	0	1	0	0	0	0	0	0	0	0	0	0	0	0	0	0	1
34	795618	100000000	9991	5	2	0	0	1	0	0	0	0	0	0	0	0	0	0	0	0	0	0	1
35	1578295	100000000	9991	5	2	0	0	1	0	0	0	0	0	0	0	0	0	0	0	0	0	0	1
36	3120704	100000000	9991	5	2	0	0	1	0	0	0	0	0	0	0	0	0	0	0	0	0	0	1
37	6111852	100000000	9991	5	2	0	0	1	0	0	0	0	0	0	0	0	0	0	0	0	0	0	1
38	11717338	100000000	9991	5	2	0	0	1	0	0	0	0	0	0	0	0	0	0	0	0	0	0	1
39	21607989	100000000	9991	5	2	0	0	1	0	0	0	0	0	0	0	0	0	0	0	0	0	0	1
40	37207597	100000000	9991	5	2	0	0	1	0	0	0	0	0	0	0	0	0	0	0	0	0	0	1
41	696690	100000000	9990	6	2	0	0	1	0	0	0	0	0	0	0	0	0	0	0	0	0	0	1
42	1387137	100000000	9990	6	2	0	0	1	0	0	0	0	0	0	0	0	0	0	0	0	0	0	1
43	2746268	100000000	9989	7	2	0	0	1	0	0	0	0	0	0	0	0	0	0	0	0	0	0	1
44	5389735	100000000	9989	7	2	0	0	1	0	0	0	0	0	0	0	0	0	0	0	0	0	0	1
45	10386782	100000000	9989	7	2	0	0	1	0	0	0	0	0	0	0	0	0	0	0	0	0	0	1
46	19331142	100000000	9989	7	2	0	0	1	0	0	0	0	0	0	0	0	0	0	0	0	0	0	1
47	385761	100000000	9989	7	2	0	0	1	0	0	0	0	0	0	0	0	0	0	0	0	0	0	1
48	770105	100000000	9989	7	2	0	0	1	0	0	0	0	0	0	0	0	0	0	0	0	0	0	1
49	15537	100000000	8087	5	2	0	0	1	0	0	0	0	0	0	0	0	0	0	0	0	0	0	1
50	276	100000000	258	66	5	1	1	0	0	0	0	0	0	0	0	0	0	0	0	0	0	0	1
51	566	100000000	290	61	6	4	0	0	0	0	0	0	0	0	0	0	0	0	0	0	0	0	1
52	1177	964079750	325	83	8	3	0	0	0	0	0	0	0	0	0	0	0	0	0	0	0	0	1
53	23	912331549	0	0	0	12	0	0	1	0	0	0	2	0	0	6	0	0	0	0	0	0	7
54	39	864589540	0	0	11	0	4	0	2	0	0	0	1	0	0	0	0	0	0	0	12	0	1
55	86	810622682	15	5	0	2	4	0	0	0	1	0	0	0	0	0	0	0	0	6	0	3	4
56	182	745059614	20	13	1	7	0	0	0	0	1	0	0	0	0	0	0	0	0	0	6	0	7
57	381	675961035	46	11	5	3	4	0	0	0	0	1	0	0	0	0	0	0	0	0	6	3	4
58	764	613243995	84	12	5	3	0	4	0	0	0	0	1	0	0	0	0	0	0	6	0	6	1
59	1485	553621065	138	12	4	4	0	4	0	0	0	0	1	0	0	0	0	0	6	0	3	0	4
60	2889	493128285	225	12	5	3	0	0	4	0	0	1	0	0	0	0	0	0	0	9	0	0	4
61	5752	440667909	417	13	5	3	0	0	4	0	0	1	0	0	0	0	0	0	0	9	0	0	4
62	11340	401307671	746	12	6	2	0	0	4	0	0	1	0	0	0	0	0	0	0	6	3	0	4
63	21974	369656422	1255	13	6	2	0	0	4	0	0	1	0	0	0	0	0	0	0	6	3	0	4
64	42454	338928087	2007	13	6	2	0	0	4	0	0	1	0	0	0	0	0	0	0	6	3	0	4
65	81740	309267839	3290	13	6	2	0	0	4	0	0	1	0	0	0	0	0	0	0	6	3	0	4
66	1783	284361826	314	9	8	4	0	0	4	0	1	0	0	0	0	0	0	0	0	0	6	3	4
67	20	262735430	0	0	0	0	4	0	0	0	16	0	0	4	0	0	0	0	6	0	0	0	4
68	31	242499852	0	0	3	0	0	11	0	0	0	0	0	0	10	0	0	6	0	0	0	0	4
69	58	221617588	0	6	0	0	10	0	0	0	0	4	0	2	0	0	0	5	0	0	0	0	10
70	112	203112195	6	3	0	10	1	0	0	4	0	0	0	0	2	0	0	0	0	5	0	0	10
71	222	191166795	8	5	5	1	5	0	0	0	0	4	0	1	0	1	0	0	0	0	0	8	7
72	469	188512018	47	2	5	4	5	0	0	0	4	0	0	1	0	1	0	0	5	0	0	0	10
73	970	188823828	110	5	2	4	5	0	0	0	4	0	0	0	1	1	0	0	5	0	0	0	10
74	1932	187372519	207	4	3	0	9	0	0	0	4	0	0	1	0	0	1	5	0	0	0	0	10
75	3666	191754940	311	5	2	0	4	5	0	0	4	0	0	1	0	1	0	5	0	0	0	0	10
76	56	195738066	0	8	6	0	6	0	0	0	1	0	1	0	0	0	0	0	0	6	0	0	10
77	120	191654211	8	8	6	2	0	0	1	0	0	1	1	0	0	0	0	1	0	0	5	0	10
78	219	182135658	21	10	8	1	0	0	1	0	0	0	1	1	0	0	0	5	0	0	1	0	10
79	454	170328897	51	6	11	0	1	0	2	0	0	0	0	1	0	6	0	0	0	0	1	0	10
80	935	158636932	107	6	11	1	1	0	2	0	0	0	0	0	6	0	1	0	0	0	1	0	10
81	1825	145679291	209	5	11	1	1	0	2	0	0	0	0	5	1	0	1	0	0	0	0	1	10
82	3572	131048528	355	6	11	1	1	0	2	0	0	0	0	5	1	0	1	0	0	0	1	0	10
83	6826	118607190	473	5	12	1	1	0	2	0	0	0	0	5	0	2	0	0	0	0	1	0	10
84	13040	107557304	736	5	12	1	1	0	2	0	0	0	0	5	0	2	0	0	0	0	1	0	10
85	24974	96098785	1209	5	12	1	1	0	2	0	0	0	0	5	0	2	0	0	0	0	1	0	10
86	48174	86591013	2057	6	12	1	1	0	2	0	0	0	0	5	0	2	0	0	0	0	1	0	10
87	92323	81289538	3410	5	12	1	1	0	2	0	0	0	0	5	0	2	0	0	0	0	1	0	10
88	175590	78664119	4539	6	12	1	1	0	2	0	0	0	0	5	0	2	0	0	0	0	1	0	10
89	332315	75395447	6168	5	12	1	1	0	2	0	0	0	0	5	0	2	0	0	0	0	1	0	10
90	629473	71020467	8000	5	12	1	1	0	2	0	0	0	0	5	0	2	0	0	0	0	1	0	10
91	1186115	67095508	9416	5	12	1	1	0	2	0	0	0	0	5	0	2	0	0	0	0	1	0	10
