gen	size	0.0	0.01	0.02	0.03	0.04	0.05	0.06	0.07	0.08	0.09	0.1	0.11	0.12	0.13	0.14	0.15	0.16	0.17	0.18	0.19	0.2	0.21	0.22	0.23	0.24	>0.25
1	90	100000000	6	0	0	0	0	0	0	0	0	0	0	0	0	0	0	0	0	0	0	0	0
2	165	100000000	11	3	0	0	0	0	0	0	0	0	0	0	0	0	0	0	0	0	0	0	0
3	331	100000000	29	2	3	0	0	0	0	0	0	0	0	0	0	0	0	0	0	0	0	0	0
4	633	100000000	83	0	1	2	0	0	0	0	0	0	0	0	0	0	0	0	0	0	0	0	0
5	1280	100000000	176	0	1	2	0	0	0	0	0	0	0	0	0	0	0	0	0	0	0	0	0
6	2569	100000000	323	2	1	2	0	0	0	0	0	0	0	0	0	0	0	0	0	0	0	0	0
7	5122	100000000	646	0	1	2	0	0	0	0	0	0	0	0	0	0	0	0	0	0	0	0	0
8	10142	100000000	1234	0	1	2	0	0	0	0	0	0	0	0	0	0	0	0	0	0	0	0	0
9	20293	100000000	2248	2	1	2	0	0	0	0	0	0	0	0	0	0	0	0	0	0	0	0	0
10	40836	100000000	4020	2	1	2	0	0	0	0	0	0	0	0	0	0	0	0	0	0	0	0	0
11	81609	100000000	6381	2	1	2	0	0	0	0	0	0	0	0	0	0	0	0	0	0	0	0	0
12	163084	100000000	8633	2	1	2	0	0	0	0	0	0	0	0	0	0	0	0	0	0	0	0	0
13	325475	100000000	9810	2	1	2	0	0	0	0	0	0	0	0	0	0	0	0	0	0	0	0	0
14	649960	100000000	9984	2	1	2	0	0	0	0	0	0	0	0	0	0	0	0	0	0	0	0	0
15	1293090	100000000	9995	2	1	2	0	0	0	0	0	0	0	0	0	0	0	0	0	0	0	0	0
16	18957	100000000	4858	6	0	1	2	0	0	0	0	0	0	0	0	0	0	0	0	0	0	0	0
17	37804	100000000	5822	5	0	1	2	0	0	0	0	0	0	0	0	0	0	0	0	0	0	0	0
18	75515	100000000	7284	6	0	1	2	0	0	0	0	0	0	0	0	0	0	0	0	0	0	0	0
19	150307	100000000	8930	6	0	1	2	0	0	0	0	0	0	0	0	0	0	0	0	0	0	0	0
20	300896	100000000	9810	6	0	1	2	0	0	0	0	0	0	0	0	0	0	0	0	0	0	0	0
21	600538	100000000	9989	6	0	1	2	0	0	0	0	0	0	0	0	0	0	0	0	0	0	0	0
22	1196180	100000000	9991	6	0	1	2	0	0	0	0	0	0	0	0	0	0	0	0	0	0	0	0
23	2374100	100000000	9991	6	0	1	2	0	0	0	0	0	0	0	0	0	0	0	0	0	0	0	0
24	4671280	100000000	9991	6	0	1	2	0	0	0	0	0	0	0	0	0	0	0	0	0	0	0	0
25	9045207	100000000	9991	6	0	1	2	0	0	0	0	0	0	0	0	0	0	0	0	0	0	0	0
26	16981409	100000000	9991	6	0	1	2	0	0	0	0	0	0	0	0	0	0	0	0	0	0	0	0
27	30183424	100000000	9991	6	0	1	2	0	0	0	0	0	0	0	0	0	0	0	0	0	0	0	0
28	477633	100000000	9993	4	0	1	2	0	0	0	0	0	0	0	0	0	0	0	0	0	0	0	0
29	951303	100000000	9992	5	0	1	2	0	0	0	0	0	0	0	0	0	0	0	0	0	0	0	0
30	1889816	100000000	9992	5	0	1	2	0	0	0	0	0	0	0	0	0	0	0	0	0	0	0	0
31	3731638	100000000	9992	5	0	1	2	0	0	0	0	0	0	0	0	0	0	0	0	0	0	0	0
32	74696	100000000	9859	6	1	0	2	0	0	0	0	0	0	0	0	0	0	0	0	0	0	0	0
33	150210	100000000	9930	6	1	0	2	0	0	0	0	0	0	0	0	0	0	0	0	0	0	0	0
34	2947	100000000	2723	7	0	3	0	0	0	0	0	0	0	0	0	0	0	0	0	0	0	0	0
35	5880	100000000	2893	7	1	2	0	0	0	0	0	0	0	0	0	0	0	0	0	0	0	0	0
36	11836	100000000	3320	7	0	3	0	0	0	0	0	0	0	0	0	0	0	0	0	0	0	0	0
37	23640	100000000	4248	7	2	1	0	0	0	0	0	0	0	0	0	0	0	0	0	0	0	0	0
38	47166	100000000	5628	7	2	1	0	0	0	0	0	0	0	0	0	0	0	0	0	0	0	0	0
39	94222	100000000	7553	6	2	1	0	0	0	0	0	0	0	0	0	0	0	0	0	0	0	0	0
40	185991	100000000	9035	6	2	1	0	0	0	0	0	0	0	0	0	0	0	0	0	0	0	0	0
41	3683	100000000	2385	2	4	1	0	0	0	0	0	0	0	0	0	0	0	0	0	0	0	0	0
42	79	100000000	0	26	56	27	15	4	0	6	1	0	0	0	0	0	0	0	0	0	0	0	0
43	143	100000000	21	50	33	14	0	4	0	16	0	0	0	0	0	0	0	0	0	0	0	0	0
44	280	100000000	60	16	30	17	6	11	11	0	2	0	0	0	0	0	0	0	0	0	0	0	0
45	556	100000000	71	30	21	26	5	5	9	5	0	0	0	0	0	0	0	0	0	0	0	0	0
46	1050	100000000	142	28	9	22	14	7	3	8	1	0	0	0	0	0	0	0	0	0	0	0	0
47	2099	100000000	270	24	13	11	23	9	9	1	2	0	0	0	0	0	0	0	0	0	0	0	0
48	4069	100000000	398	27	10	9	20	14	9	1	2	0	0	0	0	0	0	0	0	0	0	0	0
49	7961	100000000	638	24	13	20	9	14	9	3	0	0	0	0	0	0	0	0	0	0	0	0	0
50	15407	100000000	1120	24	12	10	20	14	9	1	2	0	0	0	0	0	0	0	0	0	0	0	0
51	30053	100000000	1912	24	12	10	20	14	9	1	2	0	0	0	0	0	0	0	0	0	0	0	0
52	58438	964079750	3273	24	12	10	20	14	9	1	2	0	0	0	0	0	0	0	0	0	0	0	0
53	113514	912331549	5275	24	12	10	20	14	9	1	2	0	0	0	0	0	0	0	0	0	0	0	0
54	220348	864589540	7615	24	12	10	20	14	9	1	2	0	0	0	0	0	0	0	0	0	0	0	0
55	425540	810622682	9004	24	12	10	20	14	9	1	2	0	0	0	0	0	0	0	0	0	0	0	0
56	811056	745059614	9665	24	12	10	20	14	9	1	2	0	0	0	0	0	0	0	0	0	0	0	0
57	1549033	675961035	9892	24	12	10	20	14	9	1	2	0	0	0	0	0	0	0	0	0	0	0	0
58	2950622	613243995	9908	24	12	10	20	14	9	1	2	0	0	0	0	0	0	0	0	0	0	0	0
59	41601	553621065	5569	24	34	17	12	6	7	0	0	0	0	0	0	0	0	0	0	0	0	0	0
60	82642	493128285	7169	24	34	19	15	1	7	0	0	0	0	0	0	0	0	0	0	0	0	0	0
61	1543	440667909	616	29	17	29	9	10	2	1	0	0	0	0	0	0	0	0	0	0	0	0	0
62	2975	401307671	759	34	30	21	7	7	7	1	0	0	0	0	0	0	0	0	0	0	0	0	0
63	6020	369656422	1112	32	25	23	8	7	7	0	1	0	0	0	0	0	0	0	0	0	0	0	0
64	12088	338928087	1729	37	24	25	7	7	7	0	1	0	0	0	0	0	0	0	0	0	0	0	0
65	207	309267839	93	50	23	13	13	19	1	0	7	0	0	0	0	0	0	0	0	0	0	0	0
66	388	284361826	117	47	15	20	13	22	0	2	0	5	0	0	0	0	0	0	0	0	0	0	0
67	4	262735430	0	0	0	0	0	0	0	0	0	0	0	0	0	0	0	0	0	0	0	10	7
68	9	242499852	0	0	0	0	0	0	0	0	0	0	0	0	0	0	0	0	0	0	0	0	7
69	13	221617588	0	0	0	0	0	0	1	0	0	0	0	0	0	0	0	0	0	0	0	0	7
70	25	203112195	0	0	0	5	0	0	0	0	0	1	0	0	0	0	0	0	0	0	0	0	7
71	41	191166795	0	3	0	4	0	1	0	0	0	1	0	0	0	0	0	0	0	0	0	0	7
72	83	188512018	5	1	2	1	0	3	0	0	0	0	0	0	1	0	0	0	0	0	0	0	7
73	179	188823828	18	2	2	0	1	3	0	0	0	1	0	0	0	0	0	0	0	0	0	0	7
74	340	187372519	38	2	3	0	2	1	0	0	0	1	0	0	0	0	0	0	0	0	0	0	7
75	674	191754940	59	3	3	2	0	1	0	0	0	1	0	0	0	0	0	0	0	0	0	0	7
76	1269	195738066	100	5	2	3	0	1	0	0	0	1	0	0	0	0	0	0	0	0	0	0	7
77	2464	191654211	186	6	2	2	0	1	0	0	1	0	0	0	0	0	0	0	0	0	0	0	7
78	4808	182135658	329	6	3	2	0	1	0	0	1	0	0	0	0	0	0	0	0	0	0	0	7
79	9327	170328897	627	5	3	2	0	1	0	0	1	0	0	0	0	0	0	0	0	0	0	0	7
80	205	158636932	22	11	2	1	0	2	1	0	0	0	0	0	0	0	0	0	0	0	0	0	7
81	446	145679291	43	9	0	4	0	1	0	1	0	0	0	0	0	0	0	0	0	0	0	0	7
82	913	131048528	95	6	0	1	3	1	1	0	0	0	0	0	0	0	0	0	0	0	0	0	7
83	1771	118607190	225	4	2	0	3	2	0	0	0	0	0	0	0	0	0	0	0	0	0	0	7
84	3449	107557304	438	5	2	0	1	4	0	0	0	0	0	0	0	0	0	0	0	0	0	0	7
85	6757	96098785	715	5	2	0	1	4	0	0	0	0	0	0	0	0	0	0	0	0	0	0	7
86	13068	86591013	971	5	2	0	2	3	0	0	0	0	0	0	0	0	0	0	0	0	0	0	7
87	25282	81289538	1428	5	2	0	2	3	0	0	0	0	0	0	0	0	0	0	0	0	0	0	7
88	48557	78664119	2063	4	3	0	3	2	0	0	0	0	0	0	0	0	0	0	0	0	0	0	7
89	92457	75395447	3160	4	3	0	3	2	0	0	0	0	0	0	0	0	0	0	0	0	0	0	7
90	176639	71020467	4818	4	3	0	3	2	0	0	0	0	0	0	0	0	0	0	0	0	0	0	7
91	337148	67095508	7300	3	3	0	3	2	0	0	0	0	0	0	0	0	0	0	0	0	0	0	7
