gen	size	0.0	0.01	0.02	0.03	0.04	0.05	0.06	0.07	0.08	0.09	0.1	0.11	0.12	0.13	0.14	0.15	0.16	0.17	0.18	0.19	0.2	0.21	0.22	0.23	0.24	>0.25
1	83	100000000	13	0	0	0	0	0	0	0	0	0	0	0	0	0	0	0	0	0	0	0	0
2	169	100000000	12	6	1	0	0	0	0	0	0	0	0	0	0	0	0	0	0	0	0	0	0
3	346	100000000	37	6	1	0	0	0	0	0	0	0	0	0	0	0	0	0	0	0	0	0	0
4	686	100000000	83	3	3	0	0	0	0	0	0	0	0	0	0	0	0	0	0	0	0	0	0
5	1450	100000000	163	5	0	2	0	0	0	0	0	0	0	0	0	0	0	0	0	0	0	0	0
6	2845	100000000	340	5	3	0	0	0	0	0	0	0	0	0	0	0	0	0	0	0	0	0	0
7	5664	100000000	683	5	3	0	0	0	0	0	0	0	0	0	0	0	0	0	0	0	0	0	0
8	11333	100000000	1302	5	3	0	0	0	0	0	0	0	0	0	0	0	0	0	0	0	0	0	0
9	22478	100000000	2357	5	3	0	0	0	0	0	0	0	0	0	0	0	0	0	0	0	0	0	0
10	487	100000000	96	8	3	0	0	0	0	0	0	0	0	0	0	0	0	0	0	0	0	0	0
11	970	100000000	134	7	1	2	0	0	0	0	0	0	0	0	0	0	0	0	0	0	0	0	0
12	1928	100000000	249	8	1	2	0	0	0	0	0	0	0	0	0	0	0	0	0	0	0	0	0
13	3822	100000000	469	13	0	2	0	0	0	0	0	0	0	0	0	0	0	0	0	0	0	0	0
14	92	100000000	10	17	3	2	1	0	0	1	0	0	0	0	0	0	0	0	0	0	0	0	0
15	196	100000000	23	15	4	3	1	0	0	0	0	0	1	0	0	0	0	0	0	0	0	0	0
16	339	100000000	68	12	4	2	2	0	0	0	1	0	0	0	0	0	0	0	0	0	0	0	0
17	686	100000000	100	13	3	1	2	0	0	0	0	1	0	0	0	0	0	0	0	0	0	0	0
18	1353	100000000	179	10	7	1	1	0	0	0	0	1	0	0	0	0	0	0	0	0	0	0	0
19	2742	100000000	336	11	8	1	0	0	0	0	0	1	0	0	0	0	0	0	0	0	0	0	0
20	5506	100000000	551	14	8	1	0	0	0	0	0	1	0	0	0	0	0	0	0	0	0	0	0
21	10758	100000000	871	16	7	2	0	0	0	0	0	1	0	0	0	0	0	0	0	0	0	0	0
22	21006	100000000	1459	13	7	2	0	0	0	0	0	1	0	0	0	0	0	0	0	0	0	0	0
23	414	100000000	88	17	5	0	0	6	0	0	0	0	0	0	0	1	0	0	0	0	0	0	0
24	840	100000000	135	19	5	1	4	2	0	0	0	0	0	0	1	0	0	0	0	0	0	0	0
25	1745	100000000	240	19	2	1	5	1	0	0	0	0	0	0	0	1	0	0	0	0	0	0	0
26	3451	100000000	406	16	3	1	5	0	1	0	0	0	0	0	0	1	0	0	0	0	0	0	0
27	6895	100000000	800	21	5	0	5	0	1	0	0	0	0	0	0	1	0	0	0	0	0	0	0
28	13858	100000000	1511	20	5	0	5	0	1	0	0	0	0	0	0	1	0	0	0	0	0	0	0
29	26662	100000000	1933	20	5	0	5	0	1	0	0	0	0	0	0	1	0	0	0	0	0	0	0
30	52759	100000000	3844	21	5	0	5	0	1	0	0	0	0	0	0	1	0	0	0	0	0	0	0
31	106220	100000000	6825	20	5	0	5	0	1	0	0	0	0	0	0	1	0	0	0	0	0	0	0
32	212278	100000000	9110	20	5	0	5	0	1	0	0	0	0	0	0	1	0	0	0	0	0	0	0
33	424240	100000000	9896	20	5	0	5	0	1	0	0	0	0	0	0	1	0	0	0	0	0	0	0
34	846812	100000000	9965	21	5	0	5	0	1	0	0	0	0	0	0	1	0	0	0	0	0	0	0
35	1682499	100000000	9967	21	5	0	5	0	1	0	0	0	0	0	0	1	0	0	0	0	0	0	0
36	3325750	100000000	9968	20	5	0	5	0	1	0	0	0	0	0	0	1	0	0	0	0	0	0	0
37	6498542	100000000	9968	20	5	0	5	0	1	0	0	0	0	0	0	1	0	0	0	0	0	0	0
38	12424149	100000000	9968	20	5	0	5	0	1	0	0	0	0	0	0	1	0	0	0	0	0	0	0
39	22797077	100000000	9967	21	5	0	5	0	1	0	0	0	0	0	0	1	0	0	0	0	0	0	0
40	38925478	100000000	9967	21	5	0	5	0	1	0	0	0	0	0	0	1	0	0	0	0	0	0	0
41	445507	100000000	9967	21	5	0	5	0	1	0	0	0	0	0	0	1	0	0	0	0	0	0	0
42	888347	100000000	9967	21	5	0	5	0	1	0	0	0	0	0	0	1	0	0	0	0	0	0	0
43	1765345	100000000	9967	21	5	0	5	0	1	0	0	0	0	0	0	1	0	0	0	0	0	0	0
44	35569	100000000	9024	19	5	0	5	0	1	0	0	0	0	0	0	1	0	0	0	0	0	0	0
45	71061	100000000	9289	20	4	1	5	0	1	0	0	0	0	0	0	1	0	0	0	0	0	0	0
46	1399	100000000	1241	17	4	0	3	3	0	0	0	0	0	0	0	1	0	0	0	0	0	0	0
47	2775	100000000	1320	19	2	0	4	1	1	0	0	0	0	0	0	0	1	0	0	0	0	0	0
48	5482	100000000	1591	21	1	1	4	1	1	0	0	0	0	0	0	1	0	0	0	0	0	0	0
49	10796	100000000	2089	18	1	1	4	1	1	0	0	0	0	0	0	1	0	0	0	0	0	0	0
50	21702	100000000	3084	19	1	1	4	1	1	0	0	0	0	0	0	0	1	0	0	0	0	0	0
51	43556	100000000	4643	19	1	1	4	2	0	0	0	0	0	0	0	0	1	0	0	0	0	0	0
52	86754	964079750	6491	19	1	1	4	2	0	0	0	0	0	0	0	0	1	0	0	0	0	0	0
53	168780	912331549	7937	19	1	1	4	2	0	0	0	0	0	0	0	0	1	0	0	0	0	0	0
54	3501	864589540	1618	25	3	0	0	6	0	0	0	0	0	0	0	1	0	0	0	0	0	0	0
55	83	810622682	37	24	29	4	15	5	0	0	0	1	0	0	1	0	0	0	0	0	0	0	0
56	163	745059614	43	18	40	6	7	6	2	0	0	0	0	0	0	2	0	0	0	0	0	0	0
57	329	675961035	68	23	25	14	3	15	0	0	0	0	0	0	0	1	1	0	0	0	0	0	0
58	664	613243995	100	19	25	26	0	10	2	1	0	0	0	0	0	0	1	1	0	0	0	0	0
59	1325	553621065	190	13	30	19	10	6	2	1	0	0	0	0	0	0	1	1	0	0	0	0	0
60	2641	493128285	354	16	23	19	4	12	2	1	0	0	0	0	0	0	1	1	0	0	0	0	0
61	5190	440667909	511	17	19	22	7	9	2	1	0	0	0	0	0	0	0	2	0	0	0	0	0
62	9922	401307671	822	12	27	16	15	4	2	0	1	0	0	0	0	0	0	2	0	0	0	0	0
63	19140	369656422	1406	12	30	16	12	4	2	0	1	0	0	0	0	0	1	0	1	0	0	0	0
64	36864	338928087	2354	12	30	13	12	7	2	0	1	0	0	0	0	0	1	0	1	0	0	0	0
65	71249	309267839	3880	12	30	13	16	3	2	0	1	0	0	0	0	0	1	0	1	0	0	0	0
66	1538	284361826	358	16	28	23	7	3	2	0	1	0	0	0	0	0	1	0	1	0	0	0	0
67	3106	262735430	550	14	24	28	4	6	2	0	1	0	0	0	0	0	1	0	1	0	0	0	0
68	6180	242499852	853	18	23	23	6	5	2	1	0	0	0	0	0	0	0	2	0	0	0	0	0
69	12524	221617588	1531	19	19	26	6	2	5	1	0	0	0	0	0	0	0	2	0	0	0	0	0
70	25029	203112195	2725	18	15	31	6	2	5	1	0	0	0	0	0	0	0	2	0	0	0	0	0
71	49768	191166795	4234	17	18	29	3	5	5	1	0	0	0	0	0	0	0	2	0	0	0	0	0
72	95921	188512018	5296	18	21	25	3	5	5	1	0	0	0	0	0	0	1	1	0	0	0	0	0
73	183843	188823828	6834	18	22	24	3	5	5	1	0	0	0	0	0	0	1	1	0	0	0	0	0
74	351926	187372519	8147	17	23	24	3	5	5	1	0	0	0	0	0	0	1	1	0	0	0	0	0
75	669107	191754940	9221	19	22	24	3	5	5	1	0	0	0	0	0	0	1	1	0	0	0	0	0
76	1269547	195738066	9812	19	22	24	3	5	5	1	0	0	0	0	0	0	1	1	0	0	0	0	0
77	2402872	191654211	9913	18	22	24	3	5	5	1	0	0	0	0	0	0	1	1	0	0	0	0	0
78	4529911	182135658	9919	18	22	24	3	5	5	1	0	0	0	0	0	0	1	1	0	0	0	0	0
79	8458096	170328897	9919	19	20	26	3	5	5	1	0	0	0	0	0	0	1	1	0	0	0	0	0
80	103203	158636932	8477	22	19	27	5	8	1	0	0	0	0	0	0	0	0	2	0	0	0	0	0
81	206708	145679291	9485	22	17	29	5	8	1	0	0	0	0	0	0	0	0	2	0	0	0	0	0
82	413747	131048528	9872	22	17	29	5	8	1	0	0	0	0	0	0	0	0	2	0	0	0	0	0
83	825778	118607190	9915	22	17	29	5	8	1	0	0	0	0	0	0	0	0	2	0	0	0	0	0
84	1642509	107557304	9916	22	17	29	5	8	1	0	0	0	0	0	0	0	0	2	0	0	0	0	0
85	3127842	96098785	9916	22	17	29	5	8	1	0	0	0	0	0	0	0	0	2	0	0	0	0	0
86	62281	86591013	8579	22	18	28	5	8	1	0	0	0	0	0	0	0	0	2	0	0	0	0	0
87	123965	81289538	9228	22	18	28	5	8	1	0	0	0	0	0	0	0	0	2	0	0	0	0	0
88	2508	78664119	1470	27	18	30	1	2	2	3	1	0	0	0	0	1	0	0	1	0	0	0	0
89	5034	75395447	1659	28	16	31	2	2	2	3	1	0	0	0	0	1	0	0	0	1	0	0	0
90	9993	71020467	2141	29	18	30	1	2	0	5	1	0	0	0	0	1	0	0	0	1	0	0	0
91	207	67095508	128	117	17	19	6	2	4	6	0	0	1	0	1	0	0	0	0	0	0	1	0
