gen	size	0.0	0.01	0.02	0.03	0.04	0.05	0.06	0.07	0.08	0.09	0.1	0.11	0.12	0.13	0.14	0.15	0.16	0.17	0.18	0.19	0.2	0.21	0.22	0.23	0.24	>0.25
1	64	100000000	0	5	0	0	0	0	0	0	0	0	0	0	0	0	0	0	0	0	0	0	0
2	120	100000000	10	0	2	0	0	0	0	0	0	0	0	0	0	0	0	0	0	0	0	0	0
3	5	100000000	0	0	0	0	0	0	0	0	0	0	0	0	0	0	0	0	0	0	0	0	0
4	12	100000000	0	0	0	0	0	0	1	0	0	0	0	0	0	0	0	0	0	0	0	0	0
5	23	100000000	0	0	0	2	0	0	1	0	0	0	0	0	0	0	0	0	0	0	0	0	0
6	51	100000000	0	2	0	2	1	0	0	0	0	0	0	0	0	0	0	0	0	0	0	0	0
7	87	100000000	7	2	1	1	0	1	0	0	0	0	0	0	0	0	0	0	0	0	0	0	0
8	183	100000000	16	2	1	0	0	1	1	0	0	0	0	0	0	0	0	0	0	0	0	0	0
9	387	100000000	38	1	2	1	0	0	0	2	0	0	0	0	0	0	0	0	0	0	0	0	0
10	816	100000000	83	0	0	3	0	0	0	2	0	0	0	0	0	0	0	0	0	0	0	0	0
11	1710	100000000	194	1	1	2	0	0	0	1	1	0	0	0	0	0	0	0	0	0	0	0	0
12	3396	100000000	401	3	1	2	0	0	0	1	1	0	0	0	0	0	0	0	0	0	0	0	0
13	6664	100000000	782	2	1	2	0	0	0	2	0	0	0	0	0	0	0	0	0	0	0	0	0
14	131	100000000	13	12	8	0	1	0	0	0	0	1	0	0	0	0	0	0	0	0	0	0	0
15	241	100000000	28	16	2	1	1	0	0	0	0	1	0	0	0	0	0	0	0	0	0	0	0
16	466	100000000	53	15	4	3	0	0	0	0	1	0	0	0	0	0	0	0	0	0	0	0	0
17	966	100000000	129	13	4	0	3	0	0	1	0	0	0	0	0	0	0	0	0	0	0	0	0
18	2049	100000000	248	14	1	2	2	1	1	0	0	0	0	0	0	0	0	0	0	0	0	0	0
19	4118	100000000	487	17	0	2	1	2	1	0	0	0	0	0	0	0	0	0	0	0	0	0	0
20	8258	100000000	958	16	0	2	2	1	1	0	0	0	0	0	0	0	0	0	0	0	0	0	0
21	16595	100000000	1839	15	0	2	1	2	1	0	0	0	0	0	0	0	0	0	0	0	0	0	0
22	329	100000000	103	15	2	0	1	2	0	0	1	0	0	0	0	0	0	0	0	0	0	0	0
23	702	100000000	138	13	5	0	1	2	0	0	1	0	0	0	0	0	0	0	0	0	0	0	0
24	1392	100000000	228	11	8	0	1	2	0	0	0	1	0	0	0	0	0	0	0	0	0	0	0
25	2775	100000000	416	9	9	0	1	2	0	0	0	1	0	0	0	0	0	0	0	0	0	0	0
26	60	100000000	0	5	13	0	5	1	0	0	2	0	1	1	0	0	0	0	0	0	0	0	1
27	102	100000000	5	7	1	7	5	4	2	1	1	0	0	0	0	0	0	0	0	1	0	0	0
28	220	100000000	23	7	4	2	0	8	5	0	1	0	1	0	0	1	0	0	0	0	0	0	0
29	437	100000000	42	4	8	1	2	3	9	1	0	0	1	1	0	0	0	0	0	0	0	0	0
30	859	100000000	95	3	7	4	3	1	7	2	1	0	1	1	0	0	0	0	0	0	0	0	0
31	1759	100000000	199	5	5	4	5	0	10	0	0	0	0	2	0	0	0	0	0	0	0	0	0
32	3492	100000000	388	4	5	4	5	0	10	0	0	0	0	2	0	0	0	0	0	0	0	0	0
33	6818	100000000	601	5	6	3	4	1	8	2	0	0	1	1	0	0	0	0	0	0	0	0	0
34	13239	100000000	993	5	6	3	2	3	8	2	0	0	1	1	0	0	0	0	0	0	0	0	0
35	25760	100000000	1691	5	6	3	4	1	10	0	0	0	1	1	0	0	0	0	0	0	0	0	0
36	52061	100000000	4013	5	6	3	4	1	10	0	0	0	1	1	0	0	0	0	0	0	0	0	0
37	104367	100000000	6839	5	6	3	4	1	10	0	0	0	1	1	0	0	0	0	0	0	0	0	0
38	208447	100000000	9095	5	6	3	4	1	10	0	0	0	1	1	0	0	0	0	0	0	0	0	0
39	415865	100000000	9909	5	6	3	4	1	10	0	0	0	1	1	0	0	0	0	0	0	0	0	0
40	829889	100000000	9968	5	6	3	4	1	10	0	0	0	1	1	0	0	0	0	0	0	0	0	0
41	1649389	100000000	9969	5	6	3	4	1	10	0	0	0	1	1	0	0	0	0	0	0	0	0	0
42	3261167	100000000	9969	5	6	3	4	1	10	0	0	0	1	1	0	0	0	0	0	0	0	0	0
43	6376085	100000000	9969	5	6	3	4	1	10	0	0	0	1	1	0	0	0	0	0	0	0	0	0
44	12194234	100000000	9969	5	6	3	4	1	10	0	0	0	1	1	0	0	0	0	0	0	0	0	0
45	22405728	100000000	9969	5	6	3	4	1	10	0	0	0	1	1	0	0	0	0	0	0	0	0	0
46	38364040	100000000	9969	5	6	3	4	1	10	0	0	0	1	1	0	0	0	0	0	0	0	0	0
47	433464	100000000	9969	5	6	3	2	3	10	0	0	0	1	1	0	0	0	0	0	0	0	0	0
48	865027	100000000	9969	5	6	3	2	3	10	0	0	0	1	1	0	0	0	0	0	0	0	0	0
49	1721197	100000000	9969	5	6	3	2	3	10	0	0	0	1	1	0	0	0	0	0	0	0	0	0
50	34595	100000000	8993	5	6	3	2	3	10	0	0	0	1	1	0	0	0	0	0	0	0	0	0
51	69098	100000000	9311	5	6	3	2	3	10	0	0	0	1	1	0	0	0	0	0	0	0	0	0
52	138534	964079750	9672	5	5	4	3	2	10	0	0	0	2	0	0	0	0	0	0	0	0	0	0
53	277711	912331549	9908	5	5	4	3	2	10	0	0	0	2	0	0	0	0	0	0	0	0	0	0
54	5747	864589540	3787	8	5	1	4	3	2	7	0	1	0	1	0	0	0	0	0	0	0	0	0
55	11566	810622682	4093	6	7	1	6	0	3	7	0	1	1	0	0	0	0	0	0	0	0	0	0
56	22927	745059614	4861	4	7	1	6	0	3	6	1	1	1	0	0	0	0	0	0	0	0	0	0
57	45814	675961035	6178	5	7	1	6	0	3	2	6	0	1	0	0	0	0	0	0	0	0	0	0
58	91623	613243995	7755	6	7	1	6	0	3	2	6	0	1	0	0	0	0	0	0	0	0	0	0
59	1873	553621065	1507	8	4	1	5	3	2	2	6	0	0	1	0	0	0	0	0	0	0	0	0
60	3814	493128285	1657	10	2	2	3	4	2	2	6	0	0	1	0	0	0	0	0	0	0	0	0
61	7698	440667909	2057	7	5	3	3	3	2	2	6	0	0	1	0	0	0	0	0	0	0	0	0
62	15359	401307671	2759	10	4	4	2	3	2	3	5	0	0	1	0	0	0	0	0	0	0	0	0
63	30874	369656422	3997	9	4	3	3	3	2	3	5	0	0	1	0	0	0	0	0	0	0	0	0
64	61904	338928087	5885	7	5	4	2	3	2	3	5	0	0	1	0	0	0	0	0	0	0	0	0
65	122066	309267839	7577	8	4	3	3	3	2	3	5	0	0	1	0	0	0	0	0	0	0	0	0
66	237121	284361826	8841	8	4	3	3	3	2	3	5	0	0	1	0	0	0	0	0	0	0	0	0
67	458633	262735430	9673	9	4	3	3	3	2	3	5	0	0	1	0	0	0	0	0	0	0	0	0
68	879750	242499852	9923	9	4	3	3	3	2	3	5	0	0	1	0	0	0	0	0	0	0	0	0
69	1685694	221617588	9966	9	4	3	3	3	2	3	5	0	0	1	0	0	0	0	0	0	0	0	0
70	33951	203112195	5688	8	4	3	3	3	2	3	5	0	0	1	0	0	0	0	0	0	0	0	0
71	68190	191166795	7128	8	4	3	3	3	2	3	5	0	0	1	0	0	0	0	0	0	0	0	0
72	135909	188512018	8716	9	4	3	3	3	2	3	5	0	0	1	0	0	0	0	0	0	0	0	0
73	272151	188823828	9729	9	4	3	3	3	2	3	5	0	0	1	0	0	0	0	0	0	0	0	0
74	543183	187372519	9958	9	4	3	3	3	2	3	5	0	0	1	0	0	0	0	0	0	0	0	0
75	1054806	191754940	9967	9	4	3	3	3	2	3	5	0	0	1	0	0	0	0	0	0	0	0	0
76	2008084	195738066	9967	9	4	3	3	3	2	3	5	0	0	1	0	0	0	0	0	0	0	0	0
77	3807169	191654211	9967	9	4	3	3	3	2	3	5	0	0	1	0	0	0	0	0	0	0	0	0
78	7145778	182135658	9967	9	4	3	3	3	2	3	5	0	0	1	0	0	0	0	0	0	0	0	0
79	13206581	170328897	9967	9	4	3	3	3	2	3	5	0	0	1	0	0	0	0	0	0	0	0	0
80	23713333	158636932	9967	9	4	3	3	3	2	3	5	0	0	1	0	0	0	0	0	0	0	0	0
81	40310253	145679291	9967	9	4	3	3	3	2	3	5	0	0	1	0	0	0	0	0	0	0	0	0
82	448895	131048528	9968	8	4	3	2	4	2	3	5	0	0	1	0	0	0	0	0	0	0	0	0
83	894996	118607190	9968	8	4	3	2	4	2	3	5	0	0	1	0	0	0	0	0	0	0	0	0
84	1779709	107557304	9968	8	4	3	2	4	2	3	5	0	0	1	0	0	0	0	0	0	0	0	0
85	3515574	96098785	9968	8	4	3	2	4	2	3	5	0	0	1	0	0	0	0	0	0	0	0	0
86	6835130	86591013	9968	8	4	3	2	4	2	3	5	0	0	1	0	0	0	0	0	0	0	0	0
87	12670905	81289538	9968	8	4	3	2	4	2	3	5	0	0	1	0	0	0	0	0	0	0	0	0
88	21601170	78664119	9968	8	4	3	2	4	2	3	5	0	0	1	0	0	0	0	0	0	0	0	0
89	33700836	75395447	9968	8	4	3	2	4	2	3	5	0	0	1	0	0	0	0	0	0	0	0	0
90	46162910	71020467	9968	8	4	3	2	4	2	3	5	0	0	1	0	0	0	0	0	0	0	0	0
91	54629211	67095508	9968	8	4	3	2	4	2	3	5	0	0	1	0	0	0	0	0	0	0	0	0
