sample1	sample2	N_informative_sites	discordance	log_p	N_fit_iteration	N_generation	N_state_transition	seq_shared_best_traj	fract_sites_IBD
Th086.07	Th106.09	595	0.9445	-1.06527e+03	5	7.083	0	0.00000	0.00063
Th086.07	Th106.11	513	0.6472	-1.18752e+03	5	14.265	20	0.11094	0.27357
Th086.07	Th117.11	505	0.6455	-1.15937e+03	5	12.914	15	0.12541	0.26783
Th086.07	Th132.11	606	0.9554	-1.06787e+03	4	0.075	0	0.00000	0.00000
Th086.07	Th134.11	511	0.6458	-1.16921e+03	5	12.365	15	0.12541	0.26228
Th086.07	Th162.12	611	0.9493	-1.09417e+03	4	0.179	0	0.00000	0.00000
Th086.07	Th196.12	616	0.9545	-1.08625e+03	4	0.194	0	0.00000	0.00000
Th086.07	Th230.12	607	0.9506	-1.06637e+03	3	0.364	0	0.00000	0.00000
Th086.07	Th074.13	608	0.9556	-1.08677e+03	4	0.098	0	0.00000	0.00000
Th086.07	Th166.12	636	0.9434	-1.28811e+03	5	21.258	2	0.00243	0.02052
Th086.07	Th092.13	623	0.9390	-1.27178e+03	5	20.263	2	0.00243	0.02091
Th086.07	Th211.13	618	0.9337	-1.26722e+03	5	20.291	2	0.00243	0.02107
Th086.07	Th245.13	612	0.9346	-1.29831e+03	4	0.013	0	0.00000	0.00000
Th086.07	Th246.13	601	0.9351	-1.25073e+03	5	21.028	2	0.00243	0.02178
Th086.07	Th068.12	636	0.9167	-1.50550e+03	5	0.029	0	0.00000	0.00000
Th086.07	Th061.13	673	0.9227	-1.56507e+03	3	0.020	0	0.00000	0.00000
Th086.07	Th095.13	687	0.9229	-1.58542e+03	4	0.053	0	0.00000	0.00000
Th086.07		503	0.6859	-1.49776e+03	5	25.756	63	0.26792	0.35095
Th106.09	Th106.11	464	0.7112	-9.99996e+02	5	15.423	34	0.41960	0.46418
Th106.09	Th117.11	456	0.7105	-9.80916e+02	5	16.215	36	0.42220	0.46749
Th106.09	Th132.11	316	0.2247	-8.62113e+02	5	22.788	36	0.89380	0.82031
Th106.09	Th134.11	462	0.7100	-1.00797e+03	5	18.691	46	0.50119	0.46371
Th106.09	Th162.12	326	0.2485	-8.90375e+02	5	28.104	54	0.90486	0.80256
Th106.09	Th196.12	322	0.2205	-8.66282e+02	5	18.705	31	0.87326	0.81435
Th106.09	Th230.12	314	0.2038	-8.28334e+02	5	23.223	37	0.89696	0.84155
Th106.09	Th074.13	314	0.1975	-8.46988e+02	5	19.782	31	0.88571	0.81768
Th106.09	Th166.12	649	1.0000	-9.67292e+02	2	0.002	0	0.00000	0.00000
Th106.09	Th092.13	638	1.0000	-9.48042e+02	3	0.000	0	0.00000	0.00000
Th106.09	Th211.13	635	1.0000	-9.39991e+02	3	0.000	0	0.00000	0.00000
Th106.09	Th245.13	628	1.0000	-9.71937e+02	2	0.002	0	0.00000	0.00000
Th106.09	Th246.13	617	1.0000	-9.25580e+02	3	0.000	0	0.00000	0.00000
Th106.09	Th068.12	660	0.9848	-1.17150e+03	2	0.005	0	0.00000	0.00000
Th106.09	Th061.13	697	0.9871	-1.23107e+03	3	0.001	0	0.00000	0.00000
Th106.09	Th095.13	712	0.9874	-1.25004e+03	3	0.001	0	0.00000	0.00000
Th106.09		584	0.9846	-1.10077e+03	3	0.007	0	0.00000	0.00000
Th106.11	Th117.11	349	0.1261	-8.70331e+02	5	32.119	29	0.97183	0.90548
Th106.11	Th132.11	474	0.7321	-1.00929e+03	5	17.197	42	0.42834	0.46129
Th106.11	Th134.11	354	0.1328	-8.87375e+02	5	27.099	35	0.95597	0.86813
Th106.11	Th162.12	489	0.7485	-1.04003e+03	5	14.885	32	0.37898	0.39340
Th106.11	Th196.12	484	0.7335	-1.02693e+03	5	13.369	30	0.41534	0.42504
Th106.11	Th230.12	476	0.7311	-9.92763e+02	5	12.948	34	0.46634	0.46523
Th106.11	Th074.13	476	0.7206	-1.01686e+03	5	13.857	30	0.44740	0.45719
Th106.11	Th166.12	675	0.9896	-1.05740e+03	2	0.002	0	0.00000	0.00000
Th106.11	Th092.13	662	0.9864	-1.04092e+03	2	0.003	0	0.00000	0.00000
Th106.11	Th211.13	659	0.9848	-1.03356e+03	2	0.003	0	0.00000	0.00000
Th106.11	Th245.13	652	0.9862	-1.06482e+03	2	0.002	0	0.00000	0.00000
Th106.11	Th246.13	641	0.9860	-1.01846e+03	2	0.003	0	0.00000	0.00000
Th106.11	Th068.12	680	0.9691	-1.26854e+03	2	0.003	0	0.00000	0.00000
Th106.11	Th061.13	717	0.9721	-1.32811e+03	3	0.001	0	0.00000	0.00000
Th106.11	Th095.13	732	0.9727	-1.34708e+03	3	0.001	0	0.00000	0.00000
Th106.11		608	0.9671	-1.19504e+03	3	0.003	0	0.00000	0.00000
Th117.11	Th132.11	467	0.7323	-9.97919e+02	5	16.154	37	0.38637	0.43977
Th117.11	Th134.11	347	0.1210	-8.48028e+02	5	28.727	26	0.97297	0.89303
Th117.11	Th162.12	481	0.7484	-1.02168e+03	5	16.199	35	0.38673	0.39945
Th117.11	Th196.12	477	0.7338	-1.01322e+03	5	14.537	34	0.39927	0.42221
Th117.11	Th230.12	470	0.7319	-9.81390e+02	5	14.131	38	0.48693	0.46491
Th117.11	Th074.13	468	0.7265	-9.93461e+02	5	11.860	26	0.42164	0.44724
Th117.11	Th166.12	663	0.9864	-1.04446e+03	2	0.003	0	0.00000	0.00000
Th117.11	Th092.13	650	0.9831	-1.02798e+03	3	0.001	0	0.00000	0.00000
Th117.11	Th211.13	647	0.9830	-1.01993e+03	3	0.001	0	0.00000	0.00000
Th117.11	Th245.13	640	0.9828	-1.05188e+03	2	0.003	0	0.00000	0.00000
Th117.11	Th246.13	629	0.9825	-1.00552e+03	3	0.001	0	0.00000	0.00000
Th117.11	Th068.12	671	0.9702	-1.25144e+03	2	0.002	0	0.00000	0.00000
Th117.11	Th061.13	709	0.9718	-1.31101e+03	3	0.001	0	0.00000	0.00000
Th117.11	Th095.13	724	0.9724	-1.32998e+03	3	0.001	0	0.00000	0.00000
Th117.11		601	0.9734	-1.17447e+03	3	0.000	0	0.00000	0.00000
Th132.11	Th134.11	475	0.7389	-1.01348e+03	5	15.492	34	0.42012	0.41758
Th132.11	Th162.12	328	0.2317	-8.95814e+02	5	24.587	42	0.86561	0.79313
Th132.11	Th196.12	323	0.1920	-8.67276e+02	5	22.019	32	0.91523	0.83970
Th132.11	Th230.12	317	0.1893	-8.35103e+02	5	24.517	33	0.94554	0.84772
Th132.11	Th074.13	328	0.2683	-9.01990e+02	5	18.523	40	0.77316	0.77262
Th132.11	Th166.12	648	0.9938	-9.85192e+02	2	0.003	0	0.00000	0.00000
Th132.11	Th092.13	638	0.9969	-9.63862e+02	3	0.000	0	0.00000	0.00000
Th132.11	Th211.13	635	0.9969	-9.55811e+02	3	0.000	0	0.00000	0.00000
Th132.11	Th245.13	628	0.9968	-9.87758e+02	2	0.003	0	0.00000	0.00000
Th132.11	Th246.13	617	0.9968	-9.41401e+02	3	0.000	0	0.00000	0.00000
Th132.11	Th068.12	665	0.9835	-1.18316e+03	2	0.003	0	0.00000	0.00000
Th132.11	Th061.13	702	0.9843	-1.24343e+03	3	0.001	0	0.00000	0.00000
Th132.11	Th095.13	717	0.9847	-1.26239e+03	3	0.001	0	0.00000	0.00000
Th132.11		585	0.9709	-1.12006e+03	3	0.002	0	0.00000	0.00000
Th134.11	Th162.12	487	0.7495	-1.03901e+03	5	15.620	34	0.40613	0.40505
Th134.11	Th196.12	484	0.7376	-1.02488e+03	5	12.840	25	0.39332	0.41457
Th134.11	Th230.12	476	0.7332	-9.92631e+02	5	14.132	39	0.50920	0.46464
Th134.11	Th074.13	475	0.7284	-1.03743e+03	5	17.315	41	0.44782	0.41197
Th134.11	Th166.12	669	0.9880	-1.05306e+03	2	0.002	0	0.00000	0.00000
Th134.11	Th092.13	656	0.9848	-1.03659e+03	3	0.000	0	0.00000	0.00000
Th134.11	Th211.13	653	0.9847	-1.02854e+03	3	0.000	0	0.00000	0.00000
Th134.11	Th245.13	646	0.9845	-1.06048e+03	2	0.003	0	0.00000	0.00000
Th134.11	Th246.13	635	0.9843	-1.01413e+03	3	0.000	0	0.00000	0.00000
Th134.11	Th068.12	674	0.9674	-1.26421e+03	2	0.005	0	0.00000	0.00000
Th134.11	Th061.13	710	0.9690	-1.32516e+03	3	0.001	0	0.00000	0.00000
Th134.11	Th095.13	726	0.9711	-1.34274e+03	3	0.001	0	0.00000	0.00000
Th134.11		605	0.9702	-1.18654e+03	3	0.002	0	0.00000	0.00000
Th162.12	Th196.12	330	0.2061	-8.79509e+02	5	24.966	39	0.91795	0.83881
Th162.12	Th230.12	321	0.1869	-8.39764e+02	5	27.691	34	0.92624	0.86322
Th162.12	Th074.13	337	0.2819	-9.31153e+02	5	23.895	49	0.79315	0.75439
Th162.12	Th166.12	664	0.9985	-9.99016e+02	2	0.003	0	0.00000	0.00000
Th162.12	Th092.13	653	0.9985	-9.79766e+02	3	0.000	0	0.00000	0.00000
Th162.12	Th211.13	649	0.9969	-9.73101e+02	3	0.000	0	0.00000	0.00000
Th162.12	Th245.13	643	0.9984	-1.00366e+03	2	0.003	0	0.00000	0.00000
Th162.12	Th246.13	631	0.9968	-9.58691e+02	3	0.000	0	0.00000	0.00000
Th162.12	Th068.12	675	0.9807	-1.20461e+03	2	0.002	0	0.00000	0.00000
Th162.12	Th061.13	713	0.9818	-1.26418e+03	3	0.001	0	0.00000	0.00000
Th162.12	Th095.13	727	0.9821	-1.28384e+03	3	0.001	0	0.00000	0.00000
Th162.12		595	0.9731	-1.13943e+03	3	0.050	0	0.00000	0.00000
Th196.12	Th230.12	318	0.1572	-8.13472e+02	5	22.330	28	0.96632	0.89385
Th196.12	Th074.13	333	0.2583	-9.08313e+02	5	21.784	43	0.81828	0.78447
Th196.12	Th166.12	665	1.0000	-9.95246e+02	2	0.003	0	0.00000	0.00000
Th196.12	Th092.13	654	1.0000	-9.75995e+02	3	0.000	0	0.00000	0.00000
Th196.12	Th211.13	650	1.0000	-9.68638e+02	3	0.000	0	0.00000	0.00000
Th196.12	Th245.13	644	1.0000	-9.99891e+02	2	0.002	0	0.00000	0.00000
Th196.12	Th246.13	633	1.0000	-9.53534e+02	3	0.000	0	0.00000	0.00000
Th196.12	Th068.12	676	0.9837	-1.20015e+03	2	0.002	0	0.00000	0.00000
Th196.12	Th061.13	713	0.9846	-1.26041e+03	3	0.001	0	0.00000	0.00000
Th196.12	Th095.13	728	0.9849	-1.27938e+03	3	0.001	0	0.00000	0.00000
Th196.12		599	0.9850	-1.12942e+03	3	0.006	0	0.00000	0.00000
Th230.12	Th074.13	326	0.2485	-8.90506e+02	5	28.443	56	0.90074	0.80749
Th230.12	Th166.12	655	0.9969	-9.76059e+02	2	0.003	0	0.00000	0.00000
Th230.12	Th092.13	644	0.9969	-9.56809e+02	3	0.000	0	0.00000	0.00000
Th230.12	Th211.13	640	0.9969	-9.49451e+02	3	0.000	0	0.00000	0.00000
Th230.12	Th245.13	634	0.9968	-9.80705e+02	2	0.002	0	0.00000	0.00000
Th230.12	Th246.13	623	0.9968	-9.34348e+02	3	0.000	0	0.00000	0.00000
Th230.12	Th068.12	670	0.9851	-1.17611e+03	2	0.002	0	0.00000	0.00000
Th230.12	Th061.13	707	0.9859	-1.23637e+03	2	0.001	0	0.00000	0.00000
Th230.12	Th095.13	722	0.9861	-1.25534e+03	2	0.002	0	0.00000	0.00000
Th230.12		590	0.9746	-1.11231e+03	3	0.006	0	0.00000	0.00000
Th074.13	Th166.12	654	1.0000	-9.98540e+02	2	0.003	0	0.00000	0.00000
Th074.13	Th092.13	643	1.0000	-9.79290e+02	2	0.003	0	0.00000	0.00000
Th074.13	Th211.13	640	1.0000	-9.71239e+02	2	0.002	0	0.00000	0.00000
Th074.13	Th245.13	633	1.0000	-1.00319e+03	2	0.002	0	0.00000	0.00000
Th074.13	Th246.13	622	1.0000	-9.56828e+02	2	0.002	0	0.00000	0.00000
Th074.13	Th068.12	667	0.9820	-1.20275e+03	2	0.002	0	0.00000	0.00000
Th074.13	Th061.13	704	0.9830	-1.26301e+03	3	0.001	0	0.00000	0.00000
Th074.13	Th095.13	720	0.9833	-1.28129e+03	3	0.001	0	0.00000	0.00000
Th074.13		588	0.9796	-1.13370e+03	5	33.807	2	0.00027	0.00649
Th166.12	Th092.13	432	0.2894	-1.21780e+03	5	33.472	76	0.81702	0.75806
Th166.12	Th211.13	433	0.3072	-1.22466e+03	5	42.557	94	0.86306	0.73612
Th166.12	Th245.13	449	0.4053	-1.32776e+03	5	40.888	109	0.65819	0.63739
Th166.12	Th246.13	428	0.3154	-1.19254e+03	5	38.988	93	0.84715	0.73945
Th166.12	Th068.12	621	0.9388	-1.46787e+03	3	0.004	0	0.00000	0.00000
Th166.12	Th061.13	657	0.9437	-1.52736e+03	5	69.286	2	0.00145	0.01529
Th166.12	Th095.13	668	0.9356	-1.55403e+03	3	0.003	0	0.00000	0.00000
Th166.12		526	0.8935	-1.42314e+03	5	23.514	2	0.00243	0.02612
Th092.13	Th211.13	421	0.2993	-1.18400e+03	5	33.798	64	0.82999	0.77893
Th092.13	Th245.13	439	0.4077	-1.29785e+03	5	37.808	101	0.65166	0.64515
Th092.13	Th246.13	421	0.3254	-1.17648e+03	5	34.661	82	0.83335	0.74403
Th092.13	Th068.12	611	0.9394	-1.44723e+03	3	0.004	0	0.00000	0.00000
Th092.13	Th061.13	646	0.9412	-1.50875e+03	5	68.960	2	0.00145	0.01539
Th092.13	Th095.13	658	0.9377	-1.53270e+03	3	0.003	0	0.00000	0.00000
Th092.13		511	0.8787	-1.41085e+03	5	25.480	4	0.00463	0.03267
Th211.13	Th245.13	441	0.4059	-1.28349e+03	5	33.071	86	0.66027	0.64485
Th211.13	Th246.13	418	0.3134	-1.14296e+03	5	26.104	53	0.81768	0.76340
Th211.13	Th068.12	610	0.9393	-1.43780e+03	3	0.004	0	0.00000	0.00000
Th211.13	Th061.13	646	0.9489	-1.49517e+03	5	67.899	2	0.00145	0.01541
Th211.13	Th095.13	657	0.9406	-1.52188e+03	3	0.003	0	0.00000	0.00000
Th211.13		512	0.8711	-1.40298e+03	5	22.653	2	0.00243	0.02634
Th245.13	Th246.13	439	0.4282	-1.25608e+03	5	28.442	79	0.63119	0.60781
Th245.13	Th068.12	609	0.9491	-1.46143e+03	3	0.003	0	0.00000	0.00000
Th245.13	Th061.13	644	0.9534	-1.52238e+03	5	12.052	0	0.00000	0.00001
Th245.13	Th095.13	657	0.9482	-1.54551e+03	3	0.001	0	0.00000	0.00000
Th245.13		499	0.8337	-1.45109e+03	5	48.324	6	0.00124	0.05796
Th246.13	Th068.12	595	0.9429	-1.41923e+03	3	0.005	0	0.00000	0.00000
Th246.13	Th061.13	632	0.9509	-1.47656e+03	5	68.938	2	0.00145	0.01540
Th246.13	Th095.13	642	0.9408	-1.50470e+03	3	0.002	0	0.00000	0.00000
Th246.13		496	0.8790	-1.38288e+03	5	22.893	2	0.00243	0.02594
Th068.12	Th061.13	554	0.5036	-1.71710e+03	5	35.626	94	0.54153	0.53890
Th068.12	Th095.13	564	0.4929	-1.72265e+03	5	31.516	88	0.62476	0.55194
Th068.12		533	0.8687	-1.63302e+03	5	35.940	4	0.00174	0.05423
Th061.13	Th095.13	569	0.4253	-1.76127e+03	5	34.241	92	0.62090	0.60752
Th061.13		579	0.8946	-1.68104e+03	5	27.668	0	0.00000	0.00061
Th095.13		590	0.8966	-1.70276e+03	3	0.366	0	0.00000	0.00000
