chr	pos	Th086.07	Th106.09	Th106.11	Th117.11	Th132.11	Th134.11	Th162.12	Th196.12	Th230.12	Th074.13	Th166.12	Th092.13	Th211.13	Th245.13	Th246.13	Th068.12	Th061.13	Th095.13	
01	98868	0	2	2	2	2	2	2	2	2	2	0	0	0	0	.	1	1	1	
01	102006	0	1	1	1	1	1	1	1	1	1	0	0	0	0	0	.	1	.	
01	123985	0	0	0	0	0	0	0	1	0	0	0	0	0	0	0	0	0	0	
01	123987	0	0	0	0	0	0	0	1	0	0	0	0	0	0	0	0	0	0	
01	123991	0	0	0	0	0	0	0	1	0	0	0	0	0	0	0	0	0	0	
01	123993	0	0	0	0	0	0	0	1	0	0	0	0	0	0	0	0	0	0	
01	123994	0	0	0	0	0	0	0	1	0	0	0	0	0	0	0	0	0	0	
01	124002	0	0	0	0	0	0	0	1	0	0	0	0	0	0	0	0	0	0	
01	124050	0	0	0	0	0	0	0	1	0	0	0	0	0	0	0	0	0	0	
01	124474	0	1	1	1	1	1	1	1	1	1	0	0	0	0	0	0	0	0	
01	178146	0	1	1	1	1	1	1	1	1	1	0	0	0	0	0	1	1	1	
01	271942	0	1	1	1	1	1	1	1	1	1	0	0	0	0	0	0	0	0	
01	286509	0	0	0	0	1	0	1	1	1	0	0	0	0	0	0	0	0	0	
01	357004	0	0	0	0	0	.	0	0	1	0	0	0	0	0	0	.	0	0	
01	386712	0	0	0	0	0	1	0	0	.	0	0	0	.	0	0	0	1	0	
01	386713	0	0	0	0	0	1	0	0	.	0	0	0	.	0	0	0	1	0	
01	386714	0	0	0	0	0	1	0	0	.	0	0	0	.	0	0	0	1	0	
01	386716	0	0	0	0	0	1	0	0	.	0	0	0	.	0	0	0	1	0	
01	386718	0	0	0	0	0	1	0	0	.	0	0	0	.	0	0	0	1	0	
01	386719	0	0	0	0	0	1	0	0	.	0	0	0	.	0	0	0	1	0	
01	416257	0	1	1	1	1	1	1	1	1	1	0	0	0	0	0	0	0	0	
01	435343	0	0	0	0	0	0	0	1	0	0	0	0	0	0	0	0	0	0	
01	435345	0	0	0	0	0	0	0	1	0	0	0	0	0	0	0	0	0	0	
01	435348	0	0	0	0	0	0	0	1	0	0	0	0	0	0	0	0	0	0	
01	435350	0	0	0	0	0	0	0	1	0	0	0	0	0	0	0	0	0	0	
01	435351	0	0	0	0	0	0	0	1	0	0	0	0	0	0	0	0	0	0	
01	435352	0	0	0	0	0	0	0	1	0	0	0	0	0	0	0	0	0	0	
01	435353	0	0	0	0	0	0	0	1	0	0	0	0	0	0	0	0	0	0	
01	435355	0	0	0	0	0	0	0	1	0	0	0	0	0	0	0	0	0	0	
01	435357	0	0	0	0	0	0	0	1	0	0	0	0	0	0	0	0	0	0	
01	435362	0	0	0	0	0	0	0	1	0	0	0	0	0	0	0	0	0	0	
01	435364	0	0	0	0	0	0	0	1	0	0	0	0	0	0	0	0	0	0	
01	435365	0	0	0	0	0	0	0	1	0	0	0	0	0	0	0	0	0	0	
01	435367	0	0	0	0	0	0	0	1	0	0	0	0	0	0	0	0	0	0	
01	435369	0	0	0	0	0	0	0	1	0	0	0	0	0	0	0	0	0	0	
01	482380	0	1	1	1	1	1	1	1	1	1	0	0	0	0	0	0	0	0	
01	482382	0	1	1	1	1	1	1	1	1	1	0	0	0	0	0	0	0	0	
01	482384	0	1	1	1	1	1	1	1	1	1	0	0	0	0	0	1	1	1	
01	482386	0	1	1	1	1	1	1	1	1	1	0	0	0	0	0	1	1	1	
01	482394	0	1	0	0	1	0	1	1	1	1	0	0	0	0	0	0	0	0	
01	482396	0	0	2	2	0	2	0	0	0	0	0	0	0	0	0	1	1	1	
01	482400	0	2	2	2	2	2	2	2	2	2	1	1	1	1	1	0	0	0	
01	487949	2	1	1	1	1	1	1	1	1	1	1	1	1	1	1	0	0	0	
01	487964	1	0	0	0	0	0	0	0	0	0	0	0	0	0	0	1	1	1	
01	487967	0	1	1	1	1	1	1	1	1	1	1	1	1	1	1	0	0	0	
01	487979	0	1	1	1	1	1	1	1	1	1	1	1	1	1	1	0	0	0	
01	487985	0	1	1	1	1	1	1	1	1	1	1	1	1	1	1	0	0	0	
01	487988	0	2	2	2	2	2	2	2	2	2	2	2	2	2	2	1	1	1	
01	488006	1	0	0	0	0	0	0	0	0	0	0	0	0	0	0	0	0	0	
01	488039	0	1	1	1	1	1	1	1	1	1	1	1	1	1	1	1	1	1	
01	488130	0	1	1	1	1	1	1	1	1	1	1	1	1	1	1	0	0	0	
01	488135	2	1	1	1	1	1	1	1	1	1	1	1	1	1	1	0	0	0	
01	490562	.	0	0	0	0	0	0	1	0	0	0	0	0	0	0	0	0	0	
01	504389	.	2	2	2	2	2	2	2	2	2	0	0	0	0	0	1	1	1	
01	524176	0	1	1	1	1	1	1	1	1	1	0	0	0	0	0	0	0	0	
01	524189	0	1	1	1	1	1	1	1	1	1	0	0	0	0	0	0	0	0	
01	524209	0	1	1	1	1	1	1	1	1	1	0	0	0	0	0	0	0	0	
01	524415	0	1	1	1	1	1	1	1	1	1	0	0	0	0	0	0	0	0	
01	526811	0	1	1	1	1	1	1	1	1	1	0	0	0	0	0	0	0	0	
02	157590	0	3	3	3	3	3	3	3	3	3	2	2	2	2	2	1	1	1	
02	171009	0	1	1	1	1	1	1	1	1	1	1	1	1	1	1	1	1	1	
02	190074	1	0	0	0	0	0	0	0	0	0	0	0	0	0	0	0	0	0	
02	254631	0	1	1	1	1	.	1	1	1	1	0	0	0	0	0	1	1	1	
02	254638	0	1	1	1	1	.	1	1	1	1	0	0	0	0	0	1	1	1	
02	254639	0	1	1	1	1	.	1	1	1	1	0	0	0	0	0	1	1	1	
02	254646	0	1	1	1	1	.	1	1	1	1	0	0	0	0	0	0	0	0	
02	254670	.	1	1	1	1	1	0	0	0	1	0	0	0	0	0	0	0	0	
02	254674	.	1	1	1	1	1	0	0	0	1	0	0	0	0	0	0	0	0	
02	254675	.	1	1	1	1	1	0	0	0	1	0	0	0	0	0	0	0	0	
02	254686	.	0	0	0	0	0	1	1	1	0	0	0	0	0	0	0	0	0	
02	287217	0	1	1	1	1	1	1	1	1	1	0	0	0	0	0	0	0	0	
02	326554	0	1	0	0	0	.	0	0	0	0	0	0	0	0	0	.	0	0	
02	358125	0	1	1	1	1	1	1	1	.	1	0	0	0	0	0	0	0	0	
02	358808	0	1	1	1	1	1	1	1	.	1	0	0	0	0	0	1	1	1	
02	413838	0	1	1	1	1	1	1	1	1	1	1	1	1	1	1	1	1	1	
02	582667	2	1	1	1	1	1	1	1	1	1	0	0	0	0	0	1	1	1	
02	604943	0	0	1	.	.	0	0	0	0	0	0	0	0	0	0	0	0	0	
02	678352	0	0	0	0	0	0	0	2	0	0	0	0	0	0	0	1	1	1	
02	711854	1	0	1	1	0	1	0	0	0	0	1	1	1	1	1	1	1	1	
02	712333	2	1	2	2	1	2	1	1	1	1	0	0	0	0	0	0	0	0	
02	714320	2	1	2	2	1	2	1	1	1	1	2	2	2	2	2	1	1	1	
02	715480	0	2	0	0	2	0	2	2	2	2	2	2	2	2	2	1	1	1	
02	715512	0	1	0	0	1	0	1	1	1	1	0	0	0	0	0	0	0	0	
02	715770	1	0	1	1	0	1	0	0	0	0	0	0	0	0	0	0	0	0	
02	716078	4	3	4	4	3	4	3	3	3	3	2	2	2	2	2	1	1	1	
02	716393	1	0	1	1	0	1	0	0	0	0	0	0	0	0	0	0	0	0	
02	716401	1	0	1	1	0	1	0	0	0	0	0	0	0	0	0	0	0	0	
02	716404	1	0	1	1	0	1	0	0	0	0	0	0	0	0	0	0	0	0	
02	716433	1	0	1	1	0	1	0	0	0	0	0	0	0	0	0	0	0	0	
02	716436	1	0	1	1	0	1	0	0	0	0	0	0	0	0	0	0	0	0	
02	716453	1	0	1	1	0	1	0	0	0	0	0	0	0	0	0	0	0	0	
02	716457	1	0	1	1	0	1	0	0	0	0	0	0	0	0	0	0	0	0	
02	716465	1	0	1	1	0	1	0	0	0	0	0	0	0	0	0	0	0	0	
02	716587	1	2	1	1	2	1	2	2	2	2	2	2	2	2	2	1	1	1	
02	718509	0	1	0	0	.	0	1	1	1	1	0	0	0	0	0	0	0	0	
02	718816	1	0	1	1	.	1	0	0	0	0	0	0	0	0	0	0	0	0	
02	718834	1	0	1	1	.	1	0	0	0	0	0	0	0	0	0	0	0	0	
02	719769	0	1	0	0	.	0	1	1	1	1	0	0	0	0	0	0	0	0	
02	738511	0	1	1	1	1	1	1	1	1	1	1	1	1	1	1	1	1	1	
02	789408	0	1	1	1	1	1	0	1	1	.	0	0	0	0	0	0	0	0	
02	801989	0	0	0	0	0	0	0	1	0	0	0	0	0	0	0	0	0	0	
02	857896	0	1	1	1	1	1	1	1	1	1	0	0	0	0	0	0	0	0	
03	296741	0	1	1	1	1	1	1	1	1	1	2	2	2	2	2	1	1	1	
03	330952	0	0	0	1	0	0	1	0	0	0	0	0	0	0	0	0	0	0	
03	339368	.	1	1	1	1	1	1	1	1	1	0	0	0	0	0	1	0	0	
03	389242	0	1	1	1	1	1	1	1	1	1	1	1	1	1	1	0	0	0	
03	395964	0	1	1	1	1	1	1	1	1	1	0	0	0	0	0	1	1	1	
03	405938	0	3	3	3	3	3	3	3	3	3	2	2	2	2	2	1	1	1	
03	445545	1	0	1	1	0	1	0	0	0	0	0	0	0	0	0	1	1	1	
03	452248	3	2	3	3	2	3	2	2	2	2	1	1	1	1	1	1	1	1	
03	452579	0	1	0	0	1	0	1	1	1	1	0	0	0	0	0	0	0	0	
03	452795	1	0	1	1	0	1	0	0	0	0	0	0	0	0	0	0	0	0	
03	456429	0	2	0	0	2	0	2	2	2	2	1	1	1	1	1	0	0	0	
03	456849	0	1	0	0	1	0	1	1	1	1	0	0	0	0	0	0	0	0	
03	457867	1	3	1	1	3	1	3	3	3	3	2	2	2	2	2	1	1	1	
03	457979	1	0	1	1	0	1	0	0	0	0	0	0	0	0	0	0	0	0	
03	458386	1	0	1	1	0	1	0	0	0	0	0	0	0	0	0	0	0	0	
03	458590	4	3	4	4	3	4	3	3	3	3	2	2	2	2	2	1	1	1	
03	460533	2	0	2	2	0	2	0	0	0	0	2	2	2	2	2	1	1	1	
03	461836	0	1	0	0	1	0	1	1	1	1	0	0	0	0	0	0	0	0	
03	461881	1	0	1	1	0	1	0	0	0	0	0	0	0	0	0	0	0	0	
03	462815	1	2	1	1	2	1	2	2	2	2	0	0	0	0	0	1	1	1	
03	462945	1	0	1	1	0	1	0	0	0	0	0	0	0	0	0	0	0	0	
03	464293	3	2	3	3	2	3	2	2	2	2	1	1	1	1	1	1	1	1	
03	464526	0	1	0	0	1	0	1	1	1	1	0	0	0	0	0	0	0	0	
03	464611	3	2	3	3	2	3	2	2	2	2	1	1	1	1	1	1	1	1	
03	465513	0	1	0	0	1	0	1	1	1	1	0	0	.	0	0	0	0	0	
03	465650	0	0	1	1	0	1	0	0	0	0	0	0	.	0	0	0	0	0	
03	466044	2	1	2	2	1	2	1	1	1	1	0	0	0	0	0	1	1	1	
03	467506	0	2	0	0	2	0	2	2	2	2	2	2	2	2	2	1	1	1	
03	469176	2	3	2	2	3	2	3	3	3	3	2	2	2	2	2	1	1	1	
03	470552	2	1	2	2	1	2	1	1	1	1	0	0	0	0	0	1	1	1	
03	471263	0	1	0	0	1	0	1	1	1	1	0	0	0	0	0	0	0	0	
03	472007	0	1	0	0	1	0	1	1	1	1	0	0	0	0	0	0	0	0	
03	472381	1	0	1	1	0	1	0	0	0	0	0	0	0	0	0	0	0	0	
03	472383	1	0	1	1	0	1	0	0	0	0	0	0	0	0	0	0	0	0	
03	474465	0	1	0	0	1	0	1	1	1	1	0	0	0	0	0	0	0	0	
03	479428	0	3	0	0	3	0	3	3	3	3	2	2	2	2	2	1	1	1	
03	480021	0	1	.	0	1	0	1	1	1	1	0	0	0	0	0	0	0	0	
03	480037	0	1	.	0	1	0	1	1	1	1	0	0	0	0	0	0	0	0	
03	480079	0	1	.	0	1	0	1	1	1	1	0	.	0	0	0	0	0	0	
03	490804	0	1	0	0	1	0	1	1	1	1	0	0	0	0	0	0	0	0	
03	492946	0	2	0	0	2	0	2	2	2	2	0	0	0	0	0	1	1	1	
03	499971	1	0	1	1	0	1	0	0	0	0	0	0	0	0	0	0	0	0	
03	499980	1	0	1	1	0	1	0	0	0	0	0	0	0	0	0	0	0	0	
03	501747	4	3	4	4	3	4	3	3	3	3	2	2	2	2	2	1	1	1	
03	505911	0	0	1	1	0	1	0	0	0	0	0	0	0	0	0	0	0	0	
03	505929	0	0	1	1	0	1	0	0	0	0	0	0	0	0	0	0	0	0	
03	554794	0	0	0	0	0	0	0	1	0	0	0	0	0	0	0	0	0	0	
03	675779	0	3	3	3	3	3	3	3	3	3	2	2	2	2	2	1	1	1	
03	711795	0	0	0	0	0	0	0	0	0	1	.	.	0	0	0	0	0	0	
03	711797	0	0	0	0	0	0	0	0	0	1	.	.	0	0	0	0	0	0	
03	711799	0	0	0	0	0	0	0	0	0	1	.	.	0	0	0	0	0	0	
03	711801	0	0	0	0	0	0	0	0	0	1	.	.	0	0	0	0	0	0	
03	711803	0	0	0	0	0	0	0	0	0	1	.	.	0	0	0	0	0	0	
03	716463	0	1	1	1	1	1	1	1	1	1	1	1	1	1	1	1	1	1	
03	758025	2	2	2	2	2	0	2	2	2	2	1	1	1	1	1	0	0	0	
03	758089	1	1	1	1	1	0	1	1	1	1	0	0	0	0	0	0	0	0	
03	758091	1	1	1	1	1	0	1	1	1	1	0	0	0	0	0	0	0	0	
03	758658	1	1	1	1	1	0	1	1	1	1	0	0	0	0	0	0	0	0	
03	786447	0	2	2	2	2	2	2	2	2	2	0	0	0	0	0	1	1	1	
03	808075	0	1	0	0	1	0	1	1	1	1	0	0	0	0	0	0	0	0	
03	811239	1	0	1	1	0	1	0	0	0	0	0	0	0	0	0	0	0	0	
03	812943	0	1	0	0	1	0	1	1	1	1	0	0	0	0	0	0	0	0	
03	812946	0	1	0	0	1	0	1	1	1	1	0	0	0	0	0	0	0	0	
03	812949	0	1	0	0	1	0	1	1	1	1	0	0	0	0	0	0	0	0	
03	812951	0	1	0	0	1	0	1	1	1	1	0	0	0	0	0	0	0	0	
03	812953	0	1	0	0	1	0	1	1	1	1	0	0	0	0	0	0	0	0	
03	812960	0	1	0	0	1	0	1	1	1	1	0	0	0	0	0	0	0	0	
03	813827	0	1	0	0	1	0	1	1	1	1	0	0	0	0	0	0	0	0	
03	813830	2	1	2	2	1	2	1	1	1	1	0	0	0	0	0	0	0	0	
03	814957	2	1	2	2	1	2	1	1	1	1	0	0	0	0	0	0	0	0	
03	815373	0	1	0	0	1	0	1	1	1	1	1	1	1	1	1	1	1	1	
03	816535	1	0	1	1	0	1	0	0	0	0	0	0	0	0	0	0	0	0	
03	816558	1	0	1	1	0	1	0	0	0	0	0	0	0	0	0	0	0	0	
03	817735	1	0	1	1	0	1	0	0	0	0	0	0	0	0	0	0	0	0	
03	819759	0	1	0	0	1	0	1	1	1	1	1	1	1	1	1	0	0	0	
03	820308	1	0	1	1	0	1	0	0	0	0	0	0	0	0	0	0	0	0	
03	821297	0	2	3	3	2	3	2	2	2	2	0	0	0	0	0	1	1	1	
03	821530	1	0	1	1	0	1	0	0	0	0	0	0	0	0	0	0	0	0	
03	829256	0	1	0	0	1	0	1	1	1	1	0	0	0	0	0	0	0	0	
03	831268	1	0	1	1	0	1	0	0	0	0	1	1	1	1	1	0	0	0	
03	872388	1	0	1	1	0	1	0	0	0	0	0	0	0	0	0	1	1	1	
03	872754	0	1	0	0	1	0	1	1	1	1	0	0	0	0	0	0	0	0	
03	875503	0	1	0	0	1	0	1	1	1	1	0	0	0	0	0	0	0	0	
03	875507	0	1	0	0	1	0	1	1	1	1	0	0	0	0	0	0	0	0	
03	876884	0	1	0	0	1	0	1	1	1	1	0	0	0	0	0	0	0	0	
03	877001	0	1	0	0	1	0	1	1	1	1	0	0	0	0	0	1	1	1	
03	879750	0	1	0	0	1	0	1	1	1	1	0	0	0	0	0	0	.	0	
03	882715	1	0	1	1	0	1	0	0	0	0	.	0	0	0	0	0	0	0	
03	883261	1	0	1	1	0	1	0	0	0	0	.	0	0	0	0	0	0	0	
03	884039	1	0	1	1	0	1	0	0	0	0	.	1	1	1	1	0	0	0	
03	884041	1	0	1	1	0	1	0	0	0	0	.	1	1	1	1	0	0	0	
03	884044	1	0	1	1	0	1	0	0	0	0	.	1	1	1	1	0	0	0	
03	884056	1	0	1	1	0	1	0	0	0	0	.	1	1	1	1	0	0	0	
03	884057	1	0	1	1	0	1	0	0	0	0	.	1	1	1	1	0	0	0	
03	884074	1	0	1	1	0	1	0	0	0	0	.	0	0	0	0	0	0	0	
03	884080	1	0	1	1	0	1	0	0	0	0	.	0	0	0	0	0	0	0	
03	884092	1	0	1	1	0	1	0	0	0	0	.	0	0	0	0	0	0	0	
03	884399	1	0	1	1	0	1	0	0	0	0	.	0	0	0	0	0	0	0	
03	885505	1	0	1	1	0	1	0	0	0	0	0	0	0	0	0	0	0	0	
03	885508	1	0	1	1	0	1	0	0	0	0	0	0	0	0	0	0	0	0	
03	885510	1	0	1	1	0	1	0	0	0	0	0	0	0	0	0	0	0	0	
03	885515	1	0	1	1	0	1	0	0	0	0	0	0	0	0	0	0	0	0	
03	885516	1	0	1	1	0	1	0	0	0	0	0	0	0	0	0	0	0	0	
03	885519	1	0	1	1	0	1	0	0	0	0	0	0	0	0	0	0	0	0	
03	885523	1	0	1	1	0	1	0	0	0	0	0	0	0	0	0	0	0	0	
03	885530	1	0	1	1	0	1	0	0	0	0	0	0	0	0	0	0	0	0	
03	885558	1	0	1	1	0	1	0	0	0	0	0	0	0	0	0	0	0	0	
03	885562	1	0	1	1	0	1	0	0	0	0	0	0	0	0	0	0	0	0	
03	885706	0	1	0	0	1	0	1	1	1	1	0	0	0	0	0	0	0	0	
03	890268	1	0	1	1	0	1	0	0	0	0	0	0	0	0	0	0	0	0	
03	891566	1	0	1	1	0	1	0	0	0	0	0	0	0	0	0	0	0	0	
03	891679	1	0	1	1	0	1	0	0	0	0	0	0	0	0	0	1	1	1	
03	891702	1	0	1	1	0	1	0	0	0	0	1	1	1	1	1	1	1	1	
03	891764	1	0	1	1	0	1	0	0	0	0	0	0	0	0	0	1	1	1	
03	892351	1	0	1	1	0	1	0	0	0	0	0	0	0	0	0	0	0	0	
03	892443	1	0	1	1	0	1	0	0	0	0	1	1	1	1	1	0	0	0	
03	892867	0	.	0	0	1	0	1	1	1	1	0	0	0	0	0	0	0	0	
03	892868	0	.	0	0	1	0	1	1	1	1	0	0	0	0	0	0	0	0	
03	892869	0	.	0	0	2	0	2	2	2	2	1	1	1	1	1	0	0	0	
03	892887	1	0	1	1	0	1	0	0	0	0	0	0	0	0	0	0	0	0	
03	893648	1	0	1	1	0	1	0	0	0	0	0	0	0	0	0	0	0	0	
03	897539	0	0	1	1	0	1	0	0	0	0	0	0	0	0	0	0	0	0	
03	898192	0	1	0	0	1	0	1	1	1	1	0	0	0	0	0	1	1	1	
03	898558	1	0	1	1	0	1	0	0	0	0	0	0	0	0	0	1	1	1	
03	906136	0	1	0	0	1	0	1	1	1	1	0	0	0	0	0	0	0	0	
03	906960	1	0	1	1	0	1	0	0	0	0	1	1	1	1	1	1	1	1	
03	907277	0	1	0	0	1	0	1	1	1	1	0	0	0	0	0	0	0	0	
03	907322	1	0	1	1	0	1	0	0	0	0	0	0	0	0	0	1	1	1	
03	907337	1	0	1	1	0	1	0	0	0	0	0	0	0	0	0	1	1	1	
03	907467	4	3	4	4	3	4	3	3	3	3	2	2	2	2	2	1	1	1	
03	911889	2	3	2	2	3	2	3	3	3	3	2	2	2	2	2	1	1	1	
03	911968	1	0	1	1	0	1	0	0	0	0	0	0	0	0	0	0	0	0	
03	912309	0	1	0	0	1	0	1	1	1	1	0	0	0	0	0	0	0	0	
03	913502	0	1	0	0	1	0	1	1	1	1	1	1	1	1	1	1	1	1	
03	914591	1	0	1	1	0	1	0	0	0	0	1	1	1	1	1	1	1	1	
03	914647	1	0	1	1	0	1	0	0	0	0	0	0	0	0	0	0	0	0	
03	917148	0	1	0	0	1	0	1	1	1	1	0	0	0	0	0	0	0	0	
03	917357	1	0	1	1	0	1	0	0	0	0	0	0	0	0	0	0	0	0	
03	917865	0	1	0	0	1	0	1	1	1	1	0	0	0	0	0	0	0	0	
03	918525	2	1	2	2	1	2	1	1	1	1	2	2	2	2	2	1	1	1	
03	918548	0	1	0	0	1	0	1	1	1	1	0	0	0	0	0	1	1	1	
03	920630	0	1	0	0	1	0	1	1	1	1	0	0	0	0	0	0	0	0	
03	942436	1	0	0	0	0	0	.	0	0	0	0	0	0	0	0	0	0	0	
03	959791	0	1	1	1	1	1	1	1	1	1	1	1	1	1	1	0	0	0	
03	959806	0	1	1	1	1	1	1	1	1	1	0	0	0	0	0	0	0	0	
03	959881	0	1	1	1	1	1	1	1	1	1	0	0	0	0	0	0	0	0	
04	205051	0	1	1	1	1	1	1	1	1	1	0	0	0	0	0	0	0	0	
04	205081	0	1	1	1	1	1	1	1	1	1	0	0	0	0	0	0	0	0	
04	207683	1	1	0	1	1	1	1	1	1	1	0	0	0	0	0	0	0	0	
04	285968	0	0	0	0	0	0	0	0	0	2	1	1	1	1	1	0	0	0	
04	322902	0	0	1	0	0	0	0	0	.	0	0	0	0	0	0	.	0	0	
04	386623	0	0	1	1	0	1	0	0	0	0	0	0	0	0	0	0	0	0	
04	412091	0	1	1	1	1	1	1	1	1	1	0	0	0	0	0	0	0	0	
04	461874	0	0	0	0	0	0	1	1	1	0	0	0	0	0	0	0	0	0	
04	468194	0	0	0	0	0	0	.	0	0	1	0	0	0	0	0	0	0	0	
04	468221	0	0	0	0	0	0	.	0	0	1	0	0	0	0	0	0	0	0	
04	468239	0	0	0	0	0	0	.	0	0	1	0	0	0	0	0	0	0	0	
04	468256	0	0	0	0	0	0	.	0	0	1	0	0	0	0	0	0	0	0	
04	468273	0	0	0	0	0	0	.	0	0	1	0	0	0	0	0	0	0	0	
04	535973	0	1	1	1	1	1	1	1	1	1	0	0	0	0	0	0	0	0	
04	664114	0	0	1	1	0	1	0	0	0	0	0	0	0	0	0	0	0	0	
04	707896	1	0	1	1	1	1	1	1	1	1	0	0	0	0	0	0	0	0	
04	709390	1	0	1	1	1	1	1	1	1	1	0	0	0	0	0	0	0	0	
04	748023	0	2	2	2	2	2	2	2	2	2	1	1	1	1	1	1	1	1	
04	810728	1	1	1	1	1	0	1	1	1	1	0	0	0	0	0	0	0	0	
04	841047	1	0	0	0	0	0	0	0	.	0	0	0	0	0	0	0	0	0	
04	889316	0	1	1	1	1	1	1	1	1	1	0	0	0	0	0	0	0	0	
04	900292	1	0	0	0	0	0	0	0	0	0	0	0	0	0	0	0	0	0	
04	908786	0	1	1	1	1	1	0	1	1	1	1	1	1	1	0	0	0	0	
04	909434	0	0	1	0	0	0	0	0	0	0	0	0	0	0	0	0	0	0	
04	988031	0	1	1	1	1	1	.	1	1	1	1	1	1	1	1	0	0	0	
04	1000789	0	1	1	1	1	1	1	1	1	1	0	0	0	0	0	0	0	0	
04	1017871	0	0	1	0	0	0	0	0	0	0	0	0	.	0	0	.	0	0	
04	1059889	0	1	1	1	1	1	1	1	1	1	0	0	0	0	0	0	0	0	
04	1061233	0	1	1	1	1	1	1	1	1	1	1	1	1	1	1	1	1	1	
04	1063155	0	1	1	1	1	1	1	1	1	1	0	0	0	0	0	0	0	0	
04	1063560	0	1	1	1	1	1	1	1	1	1	0	0	0	0	0	0	0	0	
04	1074461	0	0	0	0	0	0	1	0	0	0	0	0	0	0	0	.	0	0	
04	1074463	0	0	0	0	0	0	1	0	0	0	0	0	0	0	0	.	0	0	
04	1074465	0	0	0	0	0	0	1	0	0	0	0	0	0	0	0	.	0	0	
04	1074466	0	0	0	0	0	0	1	0	0	0	0	0	0	0	0	.	0	0	
04	1112414	0	1	1	1	1	1	1	1	1	1	0	0	0	0	0	0	0	0	
04	1145867	0	0	0	0	.	.	0	0	1	0	0	0	0	0	0	0	0	0	
04	1145869	0	0	0	0	.	.	0	0	1	0	0	0	0	0	0	0	0	0	
04	1145871	0	0	0	0	.	.	0	0	1	0	0	0	0	0	0	0	0	0	
04	1145879	0	0	0	0	.	.	0	0	1	0	0	0	0	0	0	0	0	0	
04	1145881	0	0	0	0	.	.	0	0	1	0	0	0	0	0	0	0	0	0	
04	1145889	0	0	0	0	.	.	0	0	1	0	0	0	0	0	0	0	0	0	
04	1145890	0	0	0	0	.	.	0	0	1	0	0	0	0	0	0	0	0	0	
04	1145898	0	0	0	0	.	.	0	0	1	0	0	0	0	0	0	0	0	0	
04	1145906	0	0	0	0	.	.	0	0	1	0	0	0	0	0	0	0	0	0	
04	1145907	0	0	0	0	.	.	0	0	1	0	0	0	0	0	0	0	0	0	
04	1145910	0	0	0	0	.	.	0	0	1	0	0	0	0	0	0	0	0	0	
05	75898	1	0	0	.	0	0	0	0	.	0	0	0	0	0	0	0	0	0	
05	130127	0	1	1	1	1	1	1	1	1	1	0	0	0	0	0	0	0	0	
05	267979	0	1	0	1	1	1	1	1	1	1	1	1	1	1	1	1	1	1	
05	267985	0	1	0	1	1	1	1	1	1	1	1	1	1	1	1	1	1	1	
05	267997	0	1	0	1	1	1	1	1	1	1	1	1	1	1	1	1	1	1	
05	269965	0	1	0	0	1	0	1	1	1	1	0	0	0	0	0	0	0	0	
05	269965	0	1	0	0	1	0	1	1	1	1	0	0	0	0	0	0	0	0	
05	291135	0	0	1	0	0	0	0	0	0	0	0	0	0	0	0	0	0	0	
05	312211	0	1	1	1	1	1	1	1	1	1	0	0	0	0	0	0	0	0	
05	312623	0	1	1	1	1	1	1	1	1	1	0	0	0	0	0	0	0	0	
05	313674	0	1	1	1	1	1	1	1	1	1	1	1	1	.	1	0	0	0	
05	324399	1	1	1	1	2	1	1	1	1	1	0	0	0	0	0	0	0	0	
05	327248	0	2	2	2	2	2	2	2	2	2	2	2	2	2	2	1	1	1	
05	370000	0	1	0	0	1	0	1	1	1	1	0	0	0	0	0	0	0	0	
05	370002	0	1	0	0	1	0	1	1	1	1	0	0	0	0	0	0	0	0	
05	371794	1	0	1	1	0	1	0	0	0	0	0	0	0	0	0	0	0	0	
05	373202	0	1	0	0	1	0	1	1	1	1	0	0	0	0	0	0	0	0	
05	374504	0	1	0	0	1	0	1	1	1	1	1	1	1	1	1	1	1	1	
05	374508	0	1	0	0	1	0	1	1	1	1	1	1	1	1	1	1	1	1	
05	376147	0	1	0	0	1	0	1	1	1	1	0	0	0	0	0	0	0	0	
05	376150	0	1	0	0	1	0	1	1	1	1	0	0	0	0	0	0	0	0	
05	376153	0	1	0	0	1	0	1	1	1	1	0	0	0	0	0	0	0	0	
05	376453	1	0	1	1	0	1	0	0	0	0	0	0	0	0	0	0	0	0	
05	376465	1	0	1	1	0	1	0	0	0	0	0	0	0	0	0	0	0	0	
05	376669	1	0	1	1	0	1	0	0	0	0	0	0	0	0	0	1	1	1	
05	377771	1	0	1	1	0	1	0	0	0	0	0	0	0	0	0	1	1	1	
05	380061	1	0	1	1	0	1	0	0	0	0	2	2	2	2	2	1	1	1	
05	381637	0	3	0	0	3	0	3	3	3	3	2	2	2	2	2	1	1	1	
05	381640	1	0	1	1	0	1	0	0	0	0	0	0	0	0	0	0	0	0	
05	381677	1	0	1	1	0	1	0	0	0	0	0	0	0	0	0	0	0	0	
05	382974	0	1	0	0	1	0	1	1	1	1	0	0	0	0	0	0	0	0	
05	382975	0	1	0	0	1	0	1	1	1	1	0	0	0	0	0	0	0	0	
05	383150	1	0	1	1	0	1	0	0	0	0	0	0	0	0	0	0	0	0	
05	417466	0	1	1	1	1	1	1	1	1	1	0	0	0	0	0	0	0	0	
05	468880	0	1	1	1	1	1	.	1	1	1	1	1	1	1	1	1	1	1	
05	470615	0	1	1	1	1	1	1	1	1	1	1	1	1	1	1	1	1	1	
05	479859	0	1	0	0	1	0	1	1	1	1	0	0	0	0	0	0	0	0	
05	479939	0	1	1	1	1	1	1	1	1	1	0	0	0	0	0	0	0	0	
05	546058	0	2	2	2	2	2	2	2	2	2	1	1	1	1	1	0	0	0	
05	568548	1	0	1	1	0	1	0	0	0	0	0	0	0	0	0	0	0	0	
05	568559	0	1	0	0	1	0	1	1	1	1	0	0	0	0	0	1	1	1	
05	570969	0	1	0	0	1	0	1	1	1	1	0	0	0	0	0	0	0	0	
05	572338	0	1	0	0	1	0	1	1	1	1	0	0	0	0	0	0	0	0	
05	578534	0	0	0	2	0	2	0	0	0	0	0	0	0	0	0	1	1	1	
05	578639	0	0	2	2	0	2	0	0	0	0	0	0	0	0	0	1	1	1	
05	579274	.	0	2	2	0	2	0	0	0	0	0	0	0	0	0	1	1	1	
05	579281	0	0	1	1	0	1	0	0	0	0	0	0	0	0	0	0	0	0	
05	579282	.	0	1	1	0	1	0	0	0	0	0	0	0	0	0	0	0	0	
05	593935	0	1	0	0	1	0	1	1	1	1	0	0	0	0	0	0	0	0	
05	594841	0	1	0	0	1	0	1	1	1	1	0	0	0	0	0	1	1	1	
05	597647	4	3	4	4	3	4	3	3	3	3	2	2	2	2	2	1	1	1	
05	598068	2	1	2	2	1	2	1	1	1	1	0	0	0	0	0	0	0	0	
05	598343	1	0	1	1	0	1	0	0	0	0	1	1	1	1	1	0	0	0	
05	600292	0	1	0	0	1	0	1	1	1	1	0	0	0	0	0	0	0	0	
05	650472	0	1	1	1	1	1	1	1	1	1	1	1	1	1	1	1	1	1	
05	678486	1	1	1	1	1	1	0	1	1	1	0	0	0	0	0	0	0	0	
05	730560	0	1	1	1	1	1	1	1	1	1	0	0	0	0	0	0	0	0	
05	730569	0	1	1	1	1	1	1	1	1	1	0	0	0	0	0	0	0	0	
05	738830	0	1	1	.	1	1	1	1	1	1	0	0	0	0	0	0	0	0	
05	768870	0	1	1	1	1	1	1	1	1	1	1	1	1	1	1	1	1	1	
05	810930	1	2	1	1	1	1	1	1	1	1	1	1	1	1	1	0	0	0	
05	827613	0	1	1	1	1	1	1	1	1	1	0	0	0	0	0	0	0	0	
05	870028	.	.	0	0	0	1	0	0	0	0	0	0	0	0	0	0	0	0	
05	870029	.	.	0	0	0	1	0	0	0	0	0	0	0	0	0	0	0	0	
05	870033	0	.	0	0	0	1	0	0	0	0	0	0	0	0	0	0	0	0	
05	870034	0	.	0	0	0	1	0	0	0	0	0	0	0	0	0	0	0	0	
05	870035	0	.	0	0	0	1	0	0	0	0	0	0	0	0	0	0	0	0	
05	870042	0	.	0	0	0	1	0	0	0	0	0	0	0	0	0	0	0	0	
05	870044	0	.	0	0	0	1	0	0	0	0	0	0	0	0	0	0	0	0	
05	870053	0	.	0	0	0	1	0	0	0	0	0	0	0	0	0	0	0	0	
05	870054	0	.	0	0	0	1	0	0	0	0	0	0	0	0	0	0	0	0	
05	870057	0	.	0	0	0	1	0	0	0	0	0	0	0	0	0	0	0	0	
05	870058	0	.	0	0	0	1	0	0	0	0	0	0	0	0	0	0	0	0	
05	870059	0	.	0	0	0	1	0	0	0	0	0	0	0	0	0	0	0	0	
05	870060	0	.	0	0	0	1	0	0	0	0	0	0	0	0	0	0	0	0	
05	870062	0	.	0	0	0	1	0	0	0	0	0	0	0	0	0	0	0	0	
05	870064	0	.	0	0	0	1	0	0	0	0	0	0	0	0	0	0	0	0	
05	870066	0	.	0	0	0	1	0	0	0	0	0	0	0	0	0	0	0	0	
05	942932	0	0	0	0	0	0	0	0	0	1	0	0	0	0	0	0	0	0	
05	1007379	0	1	0	0	0	0	0	0	0	0	0	0	0	0	0	0	0	0	
05	1048558	0	0	0	0	1	0	1	1	1	0	0	0	0	0	0	0	0	0	
05	1132821	0	1	0	0	.	0	0	0	0	0	0	.	0	0	0	0	0	0	
05	1163358	0	1	1	1	1	1	0	1	1	1	1	1	1	1	1	.	1	.	
05	1170202	0	0	0	0	0	1	0	0	0	0	.	0	0	0	0	0	0	0	
05	1170846	0	1	1	1	1	1	1	1	1	1	2	2	2	2	2	1	1	1	
05	1173366	0	1	1	1	1	.	1	1	1	1	1	1	1	1	1	1	1	1	
05	1178037	0	0	0	0	0	0	0	1	0	0	0	0	0	0	0	0	0	0	
05	1183752	0	1	0	0	0	0	0	0	0	0	0	0	0	0	0	0	0	0	
05	1198723	0	2	2	2	2	2	2	2	2	2	1	1	1	1	1	0	0	0	
05	1199000	0	1	1	1	1	1	1	1	1	1	1	1	1	1	1	1	1	1	
05	1228670	0	0	1	0	0	0	0	0	0	0	0	0	0	0	0	0	0	0	
05	1232965	.	0	0	0	0	0	0	0	0	1	0	0	0	0	0	0	0	0	
05	1270305	4	3	4	4	3	4	3	3	3	3	2	2	2	2	2	1	1	1	
05	1286168	0	1	1	1	1	1	1	1	1	1	2	2	2	2	2	1	1	1	
06	96728	0	1	1	1	1	1	1	1	1	1	0	0	0	0	0	0	0	0	
06	132765	0	1	1	1	1	1	1	1	1	1	0	0	0	0	0	0	0	0	
06	140604	3	3	4	4	3	4	3	3	3	3	2	2	2	2	2	1	1	1	
06	216128	0	1	1	1	1	1	1	1	1	1	0	0	0	0	0	0	0	0	
06	222995	0	1	1	1	1	1	1	1	1	1	0	0	0	0	0	0	0	0	
06	262196	0	1	1	1	1	1	1	1	1	1	0	0	0	0	0	0	0	0	
06	377297	0	1	1	1	1	1	1	1	1	1	1	1	1	1	1	1	1	1	
06	404796	0	0	1	0	0	0	0	0	0	0	0	0	0	0	0	0	0	0	
06	412241	0	0	0	1	0	0	0	0	0	0	0	0	0	0	.	0	0	0	
06	412242	0	0	0	1	0	0	0	0	0	0	0	0	0	0	.	0	0	0	
06	412246	0	0	0	1	0	0	0	0	0	0	0	0	0	0	.	0	0	0	
06	513802	0	2	2	2	2	2	2	2	2	2	2	2	2	2	2	1	1	1	
06	631830	0	2	2	2	2	2	2	2	2	2	0	0	0	0	0	1	1	1	
06	669642	1	0	0	0	0	0	0	0	0	0	0	0	0	0	0	0	.	0	
06	814629	0	1	1	1	1	1	1	1	1	1	0	0	0	0	0	1	1	1	
06	872253	0	1	1	1	1	1	1	1	1	1	1	1	1	1	1	0	0	0	
06	889837	2	3	2	2	3	2	3	3	3	3	2	2	2	2	2	1	1	1	
06	970615	2	1	1	1	1	1	1	1	1	1	0	0	0	0	0	0	0	0	
06	976779	0	0	0	0	0	0	0	1	0	0	0	0	0	0	0	0	0	0	
06	1024610	0	2	2	2	2	2	2	2	2	2	1	1	.	1	1	0	0	0	
06	1056206	1	1	.	1	0	.	1	1	1	1	0	0	0	0	0	0	0	0	
06	1078895	0	1	1	1	1	1	1	1	1	1	0	0	0	0	0	0	0	0	
06	1079212	0	1	1	1	1	1	1	1	1	1	0	0	0	0	0	0	0	0	
06	1079308	0	1	1	1	1	1	1	1	1	1	0	0	0	0	0	0	0	0	
06	1082774	0	1	1	1	1	1	1	1	1	1	0	0	0	0	0	0	0	0	
06	1082776	0	1	1	1	1	1	1	1	1	1	0	0	0	0	0	0	0	0	
06	1117573	0	1	1	1	1	1	1	1	1	1	0	0	0	0	0	0	0	0	
06	1176835	0	3	3	3	3	3	3	3	3	3	2	2	2	2	2	1	1	1	
06	1188103	0	1	1	1	1	1	1	1	1	1	1	1	1	1	1	0	0	0	
06	1208272	0	1	1	1	1	1	1	1	1	1	1	1	1	1	1	1	1	1	
06	1208276	0	1	1	1	1	1	1	1	1	1	0	0	0	0	0	0	0	0	
06	1208280	0	1	1	1	1	1	1	1	1	1	0	0	0	0	0	0	0	0	
06	1208286	0	1	1	1	1	1	1	1	1	1	0	0	0	0	0	0	0	0	
06	1208287	0	1	1	1	1	1	1	1	1	1	0	0	0	0	0	0	0	0	
06	1208288	0	1	1	1	1	1	1	1	1	1	0	0	0	0	0	0	0	0	
06	1208291	.	1	1	1	1	1	1	1	1	1	0	0	0	0	0	0	0	0	
06	1208295	.	1	1	1	1	1	1	1	1	1	0	0	0	0	0	0	0	0	
06	1217154	0	2	0	2	2	2	2	2	2	2	2	2	2	2	2	1	1	1	
06	1217231	0	1	1	1	1	1	1	1	1	1	1	1	1	1	1	1	1	1	
06	1217430	0	2	2	2	2	2	2	2	2	3	2	2	2	2	2	1	1	1	
06	1218077	0	2	2	2	2	2	2	2	2	2	2	2	2	2	2	1	1	1	
06	1218485	0	2	2	2	2	2	2	2	2	2	2	2	2	2	2	1	1	1	
06	1259811	2	0	2	2	2	2	2	2	2	2	2	2	2	2	2	1	1	1	
07	177614	0	1	1	1	1	1	1	1	1	1	2	2	2	2	2	1	1	1	
07	177882	0	1	1	1	1	1	1	1	1	1	0	0	0	0	0	1	1	1	
07	177898	0	1	1	1	1	1	1	1	1	1	1	1	1	1	1	1	1	1	
07	185118	1	1	1	1	1	1	1	1	0	1	0	0	0	0	0	1	1	1	
07	185181	0	0	0	0	0	0	0	0	1	0	0	0	0	0	0	0	0	0	
07	275713	3	3	3	3	3	3	3	3	3	2	0	0	0	0	0	1	1	1	
07	287524	0	1	0	1	1	1	1	1	1	1	0	0	0	0	0	0	0	0	
07	307983	1	1	1	0	1	1	1	1	1	1	0	0	0	0	0	1	1	1	
07	320225	0	1	1	1	1	1	1	1	1	1	1	1	1	1	1	1	1	1	
07	394893	0	1	1	1	1	1	1	1	1	1	1	1	1	1	1	1	1	1	
07	405838	0	1	1	1	1	1	1	1	1	1	0	0	0	0	0	0	0	0	
07	429559	0	1	1	1	1	1	1	1	1	1	2	2	2	2	2	1	1	1	
07	444034	0	0	0	0	1	0	1	1	1	0	0	0	0	0	0	0	0	0	
07	458574	0	0	1	1	1	1	1	1	1	1	0	0	0	0	0	0	0	0	
07	470161	0	1	1	1	1	1	1	1	1	1	0	0	0	0	0	0	0	0	
07	470308	0	1	1	1	1	1	1	1	1	1	0	0	0	0	0	0	0	0	
07	470356	0	1	1	1	1	1	1	1	1	1	1	1	1	1	1	1	1	1	
07	470381	0	1	1	1	1	1	1	1	1	1	0	0	0	0	0	0	0	0	
07	470427	0	1	1	1	1	1	1	1	1	1	0	0	0	0	0	0	0	0	
07	470480	0	1	1	1	1	1	1	1	1	1	0	0	0	0	0	0	0	0	
07	470500	0	1	1	1	1	1	1	1	1	1	0	0	0	0	0	0	0	0	
07	470503	0	1	1	1	1	1	1	1	1	1	0	0	0	0	0	0	0	0	
07	470587	0	1	1	1	1	1	1	1	1	1	0	0	0	0	0	0	0	0	
07	470625	0	1	1	1	1	1	1	1	1	1	0	0	0	0	0	0	0	0	
07	470642	0	1	1	1	1	1	1	1	1	1	0	0	0	0	0	0	0	0	
07	470688	0	1	1	1	1	1	1	1	1	1	0	0	0	0	0	0	0	0	
07	470715	0	1	1	1	1	1	1	1	1	1	0	0	0	0	0	0	0	0	
07	470730	0	1	1	1	1	1	1	1	1	1	0	0	0	0	0	0	0	0	
07	470941	0	1	1	1	1	1	1	1	1	1	0	0	0	0	0	0	0	0	
07	470982	0	1	1	1	1	1	1	1	1	1	0	0	0	0	0	0	0	0	
07	471118	0	1	1	1	1	1	1	1	1	1	0	0	0	0	0	0	0	0	
07	471178	0	1	1	1	1	1	1	1	1	1	0	0	0	0	0	0	0	0	
07	471237	0	1	1	1	1	1	1	1	1	1	0	0	0	0	0	0	0	0	
07	472994	0	1	1	1	1	0	1	1	1	1	0	0	0	0	0	0	0	0	
07	473028	0	1	1	1	1	1	1	1	1	1	0	0	0	0	0	0	0	0	
07	473039	0	1	1	1	1	1	1	1	1	1	0	0	0	0	0	0	0	0	
07	474559	0	2	2	2	2	2	2	2	2	2	0	0	0	0	0	1	1	1	
07	492305	0	0	0	0	0	0	0	0	0	1	0	0	0	0	0	0	0	0	
07	611938	0	3	3	3	3	3	3	3	3	3	2	2	2	2	2	1	1	1	
07	656010	0	0	0	0	0	0	1	0	0	0	0	0	0	0	0	0	0	0	
07	656013	0	0	0	0	0	0	1	0	0	0	0	0	0	0	0	0	0	0	
07	656014	0	0	0	0	0	0	1	0	0	0	0	0	0	0	0	0	0	0	
07	656015	0	0	0	0	0	0	1	0	0	0	0	0	0	0	0	0	0	0	
07	656016	0	0	0	0	0	0	1	0	0	0	0	0	0	0	0	0	0	0	
07	656017	0	0	0	0	0	0	1	0	0	0	0	0	0	0	0	0	0	0	
07	656018	0	0	0	0	0	0	1	0	0	0	0	0	0	0	0	0	0	0	
07	656019	0	0	0	0	0	0	1	0	0	0	0	0	0	0	0	0	0	0	
07	656022	0	0	0	0	0	0	1	0	0	0	0	0	0	0	0	0	0	0	
07	656026	0	0	0	0	0	0	1	0	0	0	0	0	0	0	0	0	0	0	
07	675924	0	0	0	0	0	0	1	0	0	0	0	0	0	0	0	0	0	0	
07	675929	0	0	0	0	0	0	1	0	0	0	0	0	0	0	0	0	0	0	
07	675934	0	0	0	0	0	0	1	0	0	0	0	0	0	0	0	0	0	0	
07	675939	0	0	0	0	0	0	1	0	0	0	0	0	0	0	0	0	0	0	
07	675940	0	0	0	0	0	0	1	0	0	0	0	0	0	0	0	0	0	0	
07	675951	0	0	0	0	0	0	1	0	0	0	0	0	0	0	0	0	0	0	
07	742911	0	2	2	2	2	2	2	2	2	2	2	2	2	2	2	1	1	1	
07	742920	0	1	1	1	1	1	1	1	1	1	1	1	1	1	1	1	1	1	
07	742921	0	1	1	1	1	1	1	1	1	1	1	1	1	1	1	1	1	1	
07	742929	0	1	1	1	1	1	1	1	1	1	0	0	0	0	0	0	0	0	
07	821765	.	1	0	.	0	0	0	0	0	0	0	0	0	0	0	0	0	0	
07	824315	0	0	0	0	0	1	1	0	0	0	0	0	0	0	0	0	0	0	
07	871611	0	2	2	2	2	2	2	2	2	2	0	0	0	0	0	1	1	1	
07	879031	0	0	2	0	0	1	0	0	1	0	0	0	0	0	0	0	0	0	
07	903748	0	3	3	3	3	3	3	3	3	3	2	2	2	2	2	1	1	1	
07	917286	0	0	0	0	0	0	0	0	0	1	0	0	0	0	0	0	0	0	
07	943847	2	2	2	2	0	2	2	2	2	2	1	1	1	1	1	1	1	1	
07	943959	0	0	0	0	1	0	0	0	0	0	0	0	0	0	0	0	0	0	
07	985512	0	2	2	2	2	2	2	2	2	2	1	1	1	1	1	0	0	0	
07	1049966	0	0	0	0	1	0	0	0	0	0	0	0	0	0	0	0	0	0	
07	1049976	0	0	0	0	1	0	0	0	0	0	0	0	0	0	0	0	0	0	
07	1049978	0	0	0	0	1	0	0	0	0	0	0	0	0	0	0	0	0	0	
07	1049980	0	0	0	0	1	0	0	0	0	0	0	0	0	0	0	0	0	0	
07	1067865	1	0	0	0	0	0	0	0	0	0	0	0	0	0	0	0	0	0	
07	1078108	0	1	1	1	1	1	1	1	1	1	1	1	1	1	1	1	1	1	
07	1103642	.	0	0	0	0	0	0	1	0	0	0	0	0	0	0	0	0	0	
07	1174565	.	0	0	0	0	0	0	1	0	0	0	0	0	0	0	0	0	0	
07	1206795	0	0	0	0	0	.	0	1	.	0	0	0	0	0	0	0	0	0	
07	1238103	.	1	1	1	1	1	1	1	1	1	1	1	1	1	1	0	0	0	
07	1238119	.	1	1	1	1	1	1	1	1	1	1	1	1	1	1	0	0	0	
07	1238127	.	1	1	1	1	1	1	1	1	1	1	1	1	1	1	0	0	0	
07	1238129	.	1	1	1	1	1	1	1	1	1	1	1	1	1	1	0	0	0	
07	1238145	.	1	1	1	1	1	1	1	1	1	1	1	1	1	1	0	0	0	
07	1238153	.	1	1	1	1	1	1	1	1	1	1	1	1	1	1	0	0	0	
07	1238155	.	1	1	1	1	1	1	1	1	1	1	1	1	1	1	0	0	0	
07	1238171	.	1	1	1	1	1	1	1	1	1	1	1	1	1	1	0	0	0	
07	1238179	.	1	1	1	1	1	1	1	1	1	1	1	1	1	1	0	0	0	
07	1254830	0	1	1	1	1	1	1	1	1	1	0	0	0	0	0	0	0	0	
07	1255241	0	1	0	0	0	0	0	0	0	0	0	0	0	0	0	0	0	0	
07	1265909	0	1	1	1	1	1	1	1	1	1	0	0	0	0	0	1	1	1	
07	1336649	.	0	0	0	0	1	0	0	0	0	0	0	0	0	0	0	0	.	
08	86607	0	0	0	0	0	0	0	.	0	1	0	0	0	0	0	0	0	0	
08	86614	0	0	0	0	0	0	0	.	0	1	0	0	0	0	0	0	0	0	
08	223165	0	0	0	2	0	0	0	0	0	0	2	2	2	2	2	1	0	0	
08	227090	0	0	0	0	1	0	0	0	0	0	0	0	0	0	0	0	0	0	
08	227091	0	0	0	0	1	0	0	0	0	0	0	0	0	0	0	0	0	0	
08	227092	0	0	0	0	1	0	0	0	0	0	0	0	0	0	0	0	0	0	
08	227093	0	0	0	0	1	0	0	0	0	0	0	0	0	0	0	0	0	0	
08	227094	0	0	0	0	1	0	0	0	0	0	0	0	0	0	0	0	0	0	
08	227096	0	0	0	0	1	0	0	0	0	0	0	0	0	0	0	0	0	0	
08	227098	0	0	0	0	1	0	0	0	0	0	0	0	0	0	0	0	0	0	
08	227099	0	0	0	0	1	0	0	0	0	0	0	0	0	0	0	0	0	0	
08	227101	0	0	0	0	1	0	0	0	0	0	0	0	0	0	0	0	0	0	
08	227102	0	0	0	0	1	0	0	0	0	0	0	0	0	0	0	0	0	0	
08	227105	0	0	0	0	1	0	0	0	0	0	0	0	0	0	0	0	0	0	
08	227106	0	0	0	0	1	0	0	0	0	0	0	0	0	0	0	0	0	0	
08	227107	0	0	0	0	1	0	0	0	0	0	0	0	0	0	0	0	0	0	
08	227108	0	0	0	0	1	0	0	0	0	0	0	0	0	0	0	0	0	0	
08	227109	0	0	0	0	1	0	0	0	0	0	0	0	0	0	0	0	0	0	
08	227110	0	0	0	0	1	0	0	0	0	0	0	0	0	0	0	0	0	0	
08	227113	0	0	0	0	1	0	0	0	0	0	0	0	0	0	0	0	0	0	
08	227114	0	0	0	0	1	0	0	0	0	0	0	0	0	0	0	0	0	0	
08	340094	0	0	0	0	0	3	0	0	0	0	2	2	2	2	2	1	1	1	
08	415993	.	1	1	1	1	1	1	1	1	1	0	0	0	0	0	0	0	0	
08	574501	0	0	0	0	1	0	0	0	.	0	0	0	0	.	0	0	0	0	
08	786258	1	1	0	0	1	0	1	1	1	1	0	0	0	0	0	0	0	0	
08	794055	0	1	1	1	1	1	1	1	1	1	0	0	0	0	0	0	0	0	
08	848223	0	0	0	0	0	0	0	0	0	1	0	0	0	0	0	0	0	0	
08	863001	0	1	1	1	1	1	1	1	1	1	0	0	0	0	0	0	0	0	
08	908674	0	1	1	1	1	1	1	1	1	1	0	0	0	0	0	0	0	0	
08	931548	0	0	0	0	0	0	.	0	1	.	0	0	0	0	0	0	0	0	
08	939406	0	2	2	2	2	2	2	2	2	2	1	1	1	1	1	1	1	1	
08	942692	0	1	0	0	1	0	1	1	1	1	0	0	0	0	0	0	0	0	
08	943546	1	0	1	1	0	1	0	0	0	0	0	0	0	0	0	0	0	0	
08	943812	1	0	1	1	0	1	0	0	0	0	0	0	0	0	0	0	0	0	
08	943826	1	0	1	1	0	1	0	0	0	0	0	0	0	0	0	0	0	0	
08	987462	0	0	0	0	0	0	0	1	0	0	0	0	0	0	0	0	0	0	
08	997423	0	1	1	1	1	1	1	1	1	1	0	0	0	0	0	0	.	0	
08	997508	0	1	1	1	1	1	1	1	1	1	0	0	0	0	0	0	0	0	
08	1012501	0	2	2	2	2	2	2	2	2	2	1	1	1	1	1	0	0	0	
08	1023949	0	1	1	1	1	1	1	1	1	1	0	0	0	0	0	0	0	0	
08	1024048	0	1	1	1	1	1	1	1	1	1	0	0	0	0	0	1	1	1	
08	1025578	0	1	1	1	1	1	1	1	1	1	0	0	0	0	0	0	0	0	
08	1026133	0	1	1	1	1	1	1	1	1	1	2	2	2	2	2	1	1	1	
08	1156363	1	0	0	0	0	0	0	0	0	0	0	0	0	0	0	0	0	0	
08	1156365	1	0	0	0	0	0	0	0	0	0	0	0	0	0	0	0	0	0	
08	1156368	1	0	0	0	0	0	0	0	0	0	0	0	0	0	0	0	0	0	
08	1156377	1	0	0	0	0	0	0	0	0	0	0	0	0	0	0	0	0	0	
08	1156379	1	0	0	0	0	0	0	0	0	0	0	0	0	0	0	0	0	0	
08	1156401	1	0	0	0	0	0	0	0	0	0	0	0	0	0	0	0	0	0	
08	1221692	0	1	1	1	1	1	1	1	1	1	1	1	1	1	1	1	1	1	
09	151618	0	0	1	1	0	1	0	0	0	0	0	0	0	0	0	0	0	0	
09	187320	0	1	1	1	1	1	1	1	1	1	0	0	0	0	0	0	0	0	
09	218542	1	1	0	0	1	0	1	1	1	1	0	0	0	0	0	0	0	0	
09	218549	0	0	1	1	0	1	0	0	0	0	0	0	0	0	0	0	0	0	
09	220108	0	1	1	1	1	1	1	1	1	1	0	0	0	0	0	0	0	0	
09	220153	0	1	1	1	1	1	1	1	1	1	1	1	1	1	1	0	0	0	
09	224356	0	1	1	1	1	1	1	1	1	1	0	0	0	0	0	0	0	0	
09	277413	0	1	0	0	1	0	1	1	1	1	0	0	0	0	0	1	1	1	
09	277414	0	1	0	0	1	0	1	1	1	1	0	0	0	0	0	0	0	0	
09	277415	0	1	0	0	1	0	1	1	1	1	0	0	0	0	0	1	1	1	
09	277417	0	1	0	0	1	0	1	1	1	1	0	0	0	0	0	1	1	1	
09	326300	0	1	1	1	1	1	0	1	1	1	0	0	0	0	0	1	1	1	
09	328057	0	1	1	1	1	1	1	1	1	1	0	0	0	0	0	1	1	1	
09	351741	0	0	0	0	0	0	1	0	0	0	0	0	0	0	0	0	0	0	
09	358407	0	2	2	2	2	2	2	2	2	2	0	0	0	0	0	1	1	1	
09	360626	0	3	3	3	3	3	3	3	3	3	2	2	2	2	2	1	1	1	
09	361996	0	1	1	1	1	1	1	1	1	1	1	1	1	1	1	1	1	1	
09	363674	0	3	3	3	3	3	3	3	3	3	2	2	2	2	2	1	1	1	
09	365256	0	1	1	1	1	1	1	1	1	1	1	1	1	1	1	1	1	1	
09	373454	0	1	1	1	1	1	1	1	1	1	0	0	0	0	0	0	0	0	
09	377209	0	2	2	2	2	2	2	2	2	2	0	0	0	0	0	1	1	1	
09	423935	1	1	1	0	1	1	1	1	1	1	0	0	0	0	0	0	0	0	
09	424314	1	1	1	0	1	1	1	1	1	1	0	0	0	0	0	0	0	0	
09	426129	1	1	1	0	1	1	1	1	1	1	0	0	0	0	0	0	0	0	
09	490874	0	3	3	3	3	3	3	3	3	3	2	2	2	2	2	0	1	1	
09	504346	0	0	0	1	0	0	0	0	0	0	0	0	0	0	0	0	0	0	
09	570486	0	1	1	1	1	1	1	1	1	1	0	0	0	0	0	1	1	1	
09	570492	0	1	1	1	1	1	1	1	1	1	0	0	0	0	0	1	1	1	
09	571928	0	0	0	1	0	1	0	0	0	0	0	0	0	0	0	0	0	0	
09	574605	0	3	3	3	3	3	3	3	3	3	2	2	2	2	2	1	1	1	
09	575065	0	2	2	2	2	2	2	2	2	2	1	1	1	1	1	0	0	0	
09	575120	0	1	1	1	1	1	1	1	1	1	1	1	1	1	1	1	1	1	
09	576555	0	0	0	0	.	0	1	0	0	.	0	0	0	0	0	0	0	0	
09	584714	0	1	1	1	1	1	1	1	1	1	0	0	0	0	0	0	0	0	
09	589172	0	0	0	0	0	1	0	0	0	0	0	0	0	0	0	0	0	0	
09	589173	0	0	0	0	0	1	0	0	0	0	0	0	0	0	0	0	0	0	
09	632560	1	0	0	0	0	0	0	0	0	0	0	0	0	0	0	0	0	0	
09	632562	1	0	0	0	0	0	0	0	0	0	0	0	0	0	0	0	0	0	
09	632564	1	0	0	0	0	0	0	0	0	0	0	0	0	0	0	0	0	0	
09	632565	1	0	0	0	0	0	0	0	0	0	0	0	0	0	0	0	0	0	
09	680085	0	2	2	2	2	2	2	2	2	2	1	1	1	1	1	1	1	1	
09	682871	0	2	2	2	2	2	2	2	2	2	2	2	2	2	2	1	1	1	
09	712529	0	1	1	1	1	1	1	1	1	1	0	0	0	0	0	0	0	0	
09	750826	.	2	2	0	2	2	2	2	2	2	0	0	0	0	0	1	1	1	
09	752130	1	1	1	0	1	1	1	1	1	1	2	2	2	2	2	1	1	1	
09	809074	0	0	0	.	1	0	0	0	0	0	0	0	0	0	0	0	0	0	
09	831484	2	2	2	2	2	2	2	2	2	1	0	0	0	0	0	0	0	0	
09	860257	0	0	0	0	0	0	0	0	0	3	2	2	2	2	2	1	1	.	
09	936076	0	.	1	1	1	1	1	1	1	1	0	0	0	0	0	0	0	0	
09	954465	0	0	0	.	0	0	1	0	0	0	0	0	0	0	0	0	0	0	
09	1006577	1	0	0	0	0	0	0	0	0	0	0	0	0	0	0	0	0	0	
09	1026719	1	0	0	0	0	0	.	0	0	0	0	0	0	0	.	0	0	0	
09	1075679	0	1	1	1	1	1	1	1	1	1	0	0	0	0	0	0	0	0	
09	1107235	0	0	0	1	0	0	0	0	0	0	0	0	0	0	0	0	0	0	
09	1122188	0	1	1	1	1	1	1	1	1	1	0	0	0	0	0	0	0	0	
09	1126555	0	1	1	1	1	1	1	1	1	1	0	0	0	0	0	0	0	0	
09	1197245	0	1	1	1	1	1	1	1	1	1	0	0	0	0	0	0	0	0	
09	1294929	0	1	1	1	.	1	1	1	1	1	0	0	0	0	0	1	1	1	
09	1316171	0	1	0	0	0	0	0	0	1	0	0	0	0	0	0	0	0	0	
09	1342162	0	0	1	1	0	1	0	0	0	0	0	0	0	0	0	0	0	0	
09	1386662	0	1	1	.	.	1	1	1	1	1	0	0	0	0	0	0	0	0	
09	1386693	0	1	1	.	.	1	1	1	1	1	0	0	0	0	0	0	0	0	
09	1390687	4	3	4	4	3	4	3	3	3	3	2	2	2	2	2	1	1	1	
09	1424315	0	1	1	1	1	1	1	1	1	1	0	0	0	0	0	1	1	1	
09	1424486	0	2	2	2	2	2	2	2	2	2	2	2	2	2	2	1	1	1	
09	1432273	0	2	2	2	2	2	2	2	2	2	0	0	0	0	0	1	1	1	
09	1432275	0	1	1	1	1	1	1	1	1	1	2	2	2	2	2	1	1	1	
09	1467426	0	0	0	0	0	0	1	0	1	0	0	0	0	0	0	0	0	0	
10	77930	4	3	3	3	3	3	3	3	3	3	2	2	2	2	2	1	1	1	
10	79536	0	2	2	2	2	2	2	2	2	2	1	1	1	1	1	1	1	1	
10	177151	0	1	1	1	1	1	1	1	1	1	0	0	0	0	0	0	0	0	
10	311043	1	0	0	0	0	0	0	0	0	0	0	0	0	0	0	0	0	0	
10	311045	1	0	0	0	0	0	0	0	0	0	0	0	0	0	0	0	0	0	
10	311049	1	0	0	0	0	0	0	0	0	0	0	0	0	0	0	0	0	0	
10	311098	0	0	0	0	0	0	1	0	0	0	0	0	0	0	0	0	0	0	
10	316736	0	1	0	0	1	0	1	1	1	1	0	0	0	0	0	0	0	0	
10	340291	2	2	2	2	2	2	2	2	2	1	0	0	0	0	0	0	0	0	
10	347045	0	1	0	0	0	0	.	0	0	0	0	0	0	0	0	0	0	0	
10	362101	0	0	0	0	0	0	.	1	0	0	0	0	0	0	0	0	0	0	
10	362105	0	0	0	0	0	0	.	1	0	0	0	0	0	0	0	0	0	0	
10	363177	1	1	1	1	1	1	0	1	1	1	0	0	0	0	0	0	0	0	
10	370050	4	3	3	3	3	3	3	3	3	3	2	2	2	2	2	1	1	1	
10	393282	0	0	1	.	0	.	0	0	0	0	0	0	0	0	0	0	0	0	
10	448400	0	0	1	0	0	0	0	0	0	0	0	0	0	0	0	0	0	0	
10	451133	0	0	0	0	1	0	0	.	0	0	0	0	0	0	0	0	0	0	
10	502528	0	1	1	1	1	1	1	1	1	1	1	1	1	1	1	1	1	1	
10	502530	0	1	1	1	1	1	1	1	1	1	1	1	1	1	1	1	1	1	
10	502542	0	1	1	1	1	1	1	1	1	1	1	1	1	1	1	1	1	1	
10	641215	0	1	1	1	1	1	1	1	1	1	0	0	0	0	0	0	0	0	
10	681485	0	2	2	2	2	2	2	2	2	2	1	1	1	1	1	0	0	0	
10	691404	1	1	1	1	1	1	1	1	1	0	0	0	0	0	0	0	0	0	
10	707158	0	0	1	1	0	0	0	0	0	0	0	0	0	0	0	0	0	0	
10	736925	0	0	1	0	0	0	0	0	0	0	0	0	0	0	0	0	0	0	
10	736972	1	0	.	0	0	0	0	0	0	0	0	0	0	0	0	0	0	0	
10	736978	0	0	1	0	0	0	0	0	0	0	0	0	0	0	0	0	0	0	
10	802480	1	0	0	0	1	0	0	0	0	0	0	0	0	0	0	.	0	0	
10	819018	0	1	0	.	.	0	0	0	0	0	0	0	0	0	0	0	0	0	
10	1069036	3	0	0	0	0	0	0	0	0	0	2	2	2	2	2	1	1	1	
10	1082436	0	0	0	0	0	0	0	0	0	1	0	0	0	0	0	0	0	0	
10	1159813	.	0	0	0	0	0	0	0	0	0	0	0	0	0	0	0	1	1	
10	1190109	0	1	1	1	1	1	1	1	1	1	0	0	0	0	0	0	0	0	
10	1195500	1	1	0	0	1	0	1	1	1	1	0	0	0	0	0	0	0	0	
10	1226257	0	3	3	3	3	3	3	3	3	3	2	2	2	2	2	1	1	1	
10	1226622	0	3	3	3	3	3	3	3	3	3	2	2	2	2	2	1	1	.	
10	1261308	1	1	1	1	1	1	1	1	1	0	0	0	0	0	0	0	0	0	
10	1261451	1	1	1	1	1	1	1	1	1	0	0	0	0	0	0	0	0	0	
10	1261674	1	1	1	1	1	1	1	1	1	0	0	0	0	0	0	0	0	0	
10	1264198	0	1	1	1	1	1	1	1	1	1	1	1	.	1	1	0	0	0	
10	1264200	0	1	1	1	1	1	1	1	1	1	1	1	.	1	1	0	0	0	
10	1315127	0	3	3	3	3	3	3	3	3	3	2	2	2	2	2	1	1	1	
10	1336989	0	1	1	1	1	1	1	1	1	1	0	0	0	0	0	1	1	1	
10	1426940	.	1	1	1	1	1	1	1	1	1	0	0	0	0	0	0	0	0	
10	1426974	.	1	1	1	1	1	1	1	1	1	0	0	0	0	0	0	0	0	
10	1430752	3	0	3	3	3	3	3	3	3	3	2	2	2	2	2	1	1	1	
10	1531014	1	0	0	0	0	0	0	0	0	0	0	0	0	0	0	0	0	0	
11	206388	0	1	1	1	1	1	1	1	1	1	1	1	1	1	1	1	1	1	
11	214509	4	3	4	4	3	4	3	3	3	3	2	2	2	2	2	1	1	1	
11	238051	0	1	1	1	1	1	1	1	1	1	1	1	1	1	1	1	1	1	
11	238139	0	1	1	1	1	1	1	1	1	1	0	0	0	0	0	0	0	0	
11	329168	0	1	1	1	1	1	1	1	1	1	0	0	0	0	0	0	0	0	
11	370841	0	1	1	1	1	.	.	1	1	1	0	0	0	0	0	0	0	0	
11	373092	1	1	0	1	0	1	1	1	1	1	0	0	0	0	0	0	0	0	
11	375279	0	0	0	1	0	0	.	0	0	.	0	0	0	0	0	0	0	0	
11	377051	0	1	1	1	1	1	1	1	1	1	1	1	1	1	1	0	0	0	
11	467025	2	2	2	2	2	2	2	2	2	1	0	0	0	0	0	1	1	1	
11	531015	0	1	1	1	1	1	1	1	1	1	1	1	1	1	1	1	1	1	
11	534145	.	1	1	1	1	1	0	1	1	1	0	0	0	0	0	0	0	0	
11	640472	0	1	1	1	1	1	1	1	1	1	0	0	0	0	0	1	1	1	
11	678277	0	0	0	0	1	0	0	0	0	0	0	0	0	0	0	0	0	0	
11	692535	1	0	1	1	0	1	0	0	0	0	0	0	0	0	0	0	0	0	
11	692715	0	1	0	0	1	0	1	1	1	1	0	0	0	0	0	0	0	0	
11	694350	0	1	0	0	1	0	1	1	1	1	1	1	1	1	1	0	0	0	
11	696008	0	1	0	0	1	0	1	1	1	1	0	0	0	0	0	0	0	0	
11	696014	0	1	0	0	1	0	1	1	1	1	0	0	0	0	0	0	0	0	
11	697796	0	1	0	0	1	0	1	1	1	1	.	.	0	0	0	0	0	0	
11	697801	0	1	0	0	1	0	1	1	1	1	.	.	0	0	0	0	0	0	
11	698863	1	0	1	1	0	1	0	0	0	0	0	0	0	0	0	0	0	0	
11	700784	0	1	0	0	1	0	1	1	1	1	0	0	0	0	0	0	0	0	
11	701227	0	1	0	0	1	0	1	1	1	1	0	0	0	0	0	0	0	0	
11	702622	3	2	3	3	2	3	2	2	2	2	1	1	1	1	1	1	1	1	
11	702794	1	0	1	1	0	1	0	0	0	0	0	0	0	0	0	0	0	0	
11	702993	0	1	0	0	1	0	1	1	1	1	0	0	0	0	0	0	0	0	
11	703055	0	0	0	0	2	0	0	0	0	0	1	1	1	1	1	0	0	0	
11	703057	0	0	0	0	1	0	0	0	0	0	0	0	0	0	0	0	0	0	
11	703059	0	0	0	0	2	0	0	0	0	0	1	1	1	1	1	0	0	0	
11	703107	0	1	0	0	1	0	1	1	1	1	0	0	0	0	0	0	0	0	
11	735896	0	1	0	0	0	0	0	0	0	0	0	0	0	.	0	0	0	0	
11	772118	1	3	1	1	3	1	3	3	3	3	2	2	2	2	2	1	1	1	
11	794180	0	2	2	2	2	2	2	2	2	2	0	0	0	0	0	1	1	1	
11	905717	1	0	0	.	0	0	0	0	0	0	0	0	0	0	0	0	0	0	
11	905733	1	0	0	.	0	0	0	0	0	0	0	0	0	0	0	0	0	0	
11	905737	1	0	0	.	0	0	0	0	0	0	0	0	0	0	0	0	0	0	
11	905748	1	0	0	.	0	0	0	0	0	0	0	0	0	0	0	0	0	0	
11	927852	0	0	0	.	0	0	1	0	0	0	0	0	0	0	0	0	0	.	
11	949833	0	0	0	0	0	0	0	0	1	0	0	0	0	0	0	0	0	0	
11	972286	1	1	1	1	1	1	1	1	0	1	0	0	.	0	0	0	0	0	
11	1043246	0	0	2	2	0	2	0	0	0	0	0	0	0	0	0	1	1	1	
11	1120094	0	0	.	1	0	0	0	0	0	0	0	0	0	0	0	0	0	0	
11	1127401	0	1	1	1	1	1	1	1	1	1	.	0	0	0	0	0	0	0	
11	1128039	0	3	3	3	3	3	3	3	3	3	2	2	2	2	2	1	1	1	
11	1252069	0	3	3	3	3	3	3	3	3	3	2	2	2	2	2	1	1	1	
11	1253927	0	0	1	1	0	1	0	0	0	0	0	0	0	0	0	0	.	.	
11	1348031	0	1	0	0	1	0	1	1	1	1	0	0	0	0	0	0	0	0	
11	1348097	1	0	1	1	0	1	0	0	0	0	1	1	1	1	1	0	0	0	
11	1348105	1	0	1	1	0	1	0	0	0	0	1	1	1	1	1	0	0	0	
11	1348115	1	0	1	1	0	1	0	0	0	0	1	1	1	1	1	0	0	0	
11	1349427	1	0	1	1	0	1	0	0	0	0	0	0	0	0	0	0	0	0	
11	1349841	1	0	1	1	0	1	0	0	0	0	0	0	0	0	0	0	0	0	
11	1350567	4	3	4	4	.	4	3	3	3	3	2	2	2	2	2	1	1	1	
11	1352851	1	0	1	1	0	1	0	0	0	0	0	0	0	0	0	0	0	0	
11	1353435	2	0	2	2	0	2	0	0	0	0	1	1	1	1	1	0	0	0	
11	1354473	1	0	1	1	0	1	0	0	0	0	0	0	0	0	0	0	0	0	
11	1354832	0	3	0	0	3	0	3	3	3	3	2	2	2	2	2	1	1	1	
11	1355726	0	1	0	0	1	0	1	1	1	1	0	0	0	0	0	1	1	1	
11	1358418	1	0	1	1	0	1	0	0	0	0	0	0	0	0	0	0	0	0	
11	1358728	0	1	0	0	1	0	1	1	1	1	0	0	0	0	0	0	0	0	
11	1362488	0	1	0	0	1	0	1	1	1	1	0	0	0	0	0	1	1	1	
11	1362518	1	0	1	1	0	1	0	0	0	0	0	0	0	0	0	0	0	0	
11	1362520	1	0	1	1	0	1	0	0	0	0	0	0	0	0	0	0	0	0	
11	1362523	1	0	1	1	0	1	0	0	0	0	0	0	0	0	0	0	0	0	
11	1362525	1	0	1	1	0	1	0	0	0	0	0	0	0	0	0	0	0	0	
11	1362526	1	0	1	1	0	1	0	0	0	0	0	0	0	0	0	0	0	0	
11	1369766	0	1	0	0	1	0	1	1	1	1	0	0	0	0	0	0	0	0	
11	1372197	.	2	0	0	2	0	2	2	2	2	1	1	1	1	1	0	0	0	
11	1372199	.	0	1	1	0	1	0	0	0	0	0	0	0	0	0	0	0	0	
11	1372476	0	1	0	0	1	0	1	1	1	1	0	0	0	0	0	0	0	0	
11	1373530	1	0	1	1	0	1	0	0	0	0	0	0	0	0	0	0	0	0	
11	1373540	0	2	0	0	2	0	2	2	2	2	1	1	1	1	1	0	0	0	
11	1374582	1	0	1	1	0	1	0	0	0	0	0	0	0	0	0	0	0	0	
11	1377760	0	0	0	0	0	0	0	0	1	0	0	0	0	0	0	0	0	0	
11	1377761	0	0	0	0	0	0	0	0	1	0	0	0	0	0	0	0	0	0	
11	1377762	0	0	0	0	0	0	0	0	1	0	0	0	0	0	0	0	0	0	
11	1377764	0	0	0	0	0	0	0	0	1	0	0	0	0	0	0	0	0	0	
11	1377766	0	0	0	0	0	0	0	0	1	0	0	0	0	0	0	0	0	0	
11	1377768	0	0	0	0	0	0	0	0	1	0	0	0	0	0	0	0	0	0	
11	1377770	0	0	0	0	0	0	0	0	1	0	0	0	0	0	0	0	0	0	
11	1382197	1	0	1	1	0	1	0	0	0	0	0	0	0	0	0	1	1	1	
11	1383694	1	2	1	1	2	1	2	2	2	2	2	2	2	2	2	1	1	1	
11	1383765	0	1	0	0	1	0	1	1	1	1	0	0	0	0	0	0	0	0	
11	1385066	0	1	0	0	1	0	1	1	1	1	0	0	0	0	0	0	0	0	
11	1385200	1	2	1	1	2	1	2	2	0	2	1	1	1	1	1	1	1	1	
11	1389272	1	0	1	1	0	1	0	0	0	0	0	0	0	0	0	0	0	0	
11	1389685	0	1	0	0	1	0	1	1	1	1	0	0	0	0	0	0	0	0	
11	1389812	4	3	4	4	3	4	3	3	3	3	2	2	2	2	2	1	1	1	
11	1390921	1	0	1	1	0	1	0	0	0	0	0	0	0	0	0	0	0	0	
11	1391224	0	1	0	0	1	0	1	1	1	1	0	0	0	0	0	0	0	0	
11	1391289	1	0	1	1	0	1	0	0	0	0	0	0	0	0	0	0	0	0	
11	1391796	0	1	0	0	1	0	1	1	1	1	0	0	0	0	0	0	0	0	
11	1392364	1	0	1	1	0	1	0	0	0	0	0	0	0	0	0	0	0	0	
11	1394648	3	2	3	3	2	3	2	2	2	2	0	0	0	0	0	1	1	1	
11	1396288	4	3	4	4	3	4	3	3	3	3	2	2	2	2	2	1	1	1	
11	1396584	1	0	1	1	0	1	0	0	0	0	0	0	0	0	0	0	0	0	
11	1397557	1	0	1	1	0	1	0	0	0	0	0	0	0	0	0	0	0	0	
11	1398149	1	0	1	1	0	1	0	0	0	0	0	0	0	0	0	0	0	0	
11	1399479	0	2	0	0	2	0	2	2	2	2	1	1	1	1	1	1	1	1	
11	1400854	0	1	0	0	1	0	1	1	1	1	0	0	0	0	0	1	1	1	
11	1400964	1	0	1	1	0	1	0	0	0	0	0	0	0	0	0	0	0	0	
11	1406311	2	1	2	2	1	2	1	1	1	1	0	0	0	0	0	0	0	0	
11	1406843	1	0	1	1	0	1	0	0	0	0	0	0	0	0	0	0	0	0	
11	1407404	1	0	1	1	0	1	0	0	0	0	0	0	0	0	0	0	0	0	
11	1407962	0	0	1	0	0	0	0	0	0	0	0	0	0	0	0	0	0	0	
11	1407962	0	0	0	0	0	1	0	0	0	0	0	0	0	0	0	0	0	0	
11	1408681	1	0	1	1	0	1	0	0	0	0	0	0	0	0	0	0	0	0	
11	1408716	0	1	0	0	1	0	1	1	1	1	0	0	0	0	0	0	0	0	
11	1408802	0	1	0	0	1	0	1	1	1	1	0	0	0	0	0	0	0	0	
11	1408817	1	0	1	1	0	1	0	0	0	0	0	0	0	0	0	0	0	0	
11	1409572	0	1	0	0	1	0	1	1	1	1	1	1	1	1	1	0	0	0	
11	1409572	0	1	0	0	1	0	1	1	1	1	1	1	1	1	1	0	0	0	
11	1409910	0	1	0	0	1	0	1	1	1	1	0	0	0	0	0	0	0	0	
11	1410478	0	1	0	0	1	0	1	1	1	1	0	0	0	0	0	0	0	0	
11	1410693	1	0	1	1	0	1	0	0	0	0	0	0	0	0	0	0	0	0	
11	1410702	1	0	1	1	0	1	0	0	0	0	0	0	0	0	0	0	0	0	
11	1411656	1	0	1	1	0	1	0	0	0	0	0	0	0	0	0	0	0	0	
11	1411728	1	0	1	1	0	1	0	0	0	0	0	0	0	0	0	0	0	0	
11	1412039	0	1	0	0	1	0	1	1	1	1	0	0	0	0	0	0	0	0	
11	1412343	0	1	0	0	1	0	1	1	1	1	0	0	0	0	0	0	0	0	
11	1412346	0	1	0	0	1	0	1	1	1	1	0	0	0	0	0	0	0	0	
11	1412347	0	1	0	0	1	0	1	1	1	1	0	0	0	0	0	0	0	0	
11	1412352	0	1	0	0	1	0	1	1	1	1	0	0	0	0	0	0	0	0	
11	1412357	0	1	0	0	1	0	1	1	1	1	0	0	0	0	0	0	0	0	
11	1412360	0	1	0	0	1	0	1	1	1	1	0	0	0	0	0	0	0	0	
11	1412363	0	1	0	0	1	0	1	1	1	1	0	0	0	0	0	0	0	0	
11	1412364	0	1	0	0	1	0	1	1	1	1	0	0	0	0	0	0	0	0	
11	1412373	0	1	0	0	1	0	1	1	1	1	0	0	0	0	0	0	0	0	
11	1412375	0	1	0	0	1	0	1	1	1	1	0	0	0	0	0	0	0	0	
11	1413271	1	2	1	1	2	1	2	2	2	2	1	1	1	1	1	1	1	1	
11	1415138	3	2	3	3	2	3	2	2	2	2	2	2	2	2	2	1	1	1	
11	1415296	2	1	2	2	1	2	1	1	1	1	0	0	0	0	0	1	1	1	
11	1419868	1	0	1	1	0	1	0	0	0	0	0	0	0	0	0	1	1	1	
11	1423825	1	0	1	1	0	1	0	0	0	0	0	0	0	0	0	0	0	0	
11	1424543	1	2	1	1	2	1	2	2	2	2	1	1	1	1	1	0	0	0	
11	1424675	0	1	0	0	1	0	1	1	1	1	0	0	0	0	0	0	0	0	
11	1426495	3	3	4	4	3	4	3	3	3	3	2	2	2	2	2	1	1	1	
11	1427648	0	1	0	0	1	0	1	1	1	1	0	0	0	0	0	0	0	0	
11	1428200	0	1	0	0	1	0	1	1	1	1	0	0	0	0	0	0	0	0	
11	1428212	1	0	1	1	0	1	0	0	0	0	0	0	0	0	0	0	0	0	
11	1428230	1	0	1	1	0	1	0	0	0	0	0	0	0	0	0	1	1	1	
11	1428350	0	1	0	0	1	0	1	1	1	1	0	0	0	0	0	0	0	0	
11	1430082	0	1	1	1	1	1	1	1	1	1	0	0	0	0	0	1	1	1	
11	1430916	1	0	1	1	0	1	0	0	0	0	0	0	0	0	0	0	0	0	
11	1431127	3	2	3	3	2	3	2	2	2	2	2	2	2	2	2	1	1	1	
11	1431467	0	2	0	0	2	0	2	2	2	2	1	1	1	1	1	0	0	0	
11	1431864	0	1	0	0	1	0	1	1	1	1	0	0	0	0	0	0	0	0	
11	1435022	3	.	3	3	2	3	2	2	2	2	2	2	2	2	2	1	1	1	
11	1436504	1	3	1	1	3	1	3	3	3	3	2	2	2	2	2	1	1	1	
11	1437420	0	3	3	3	3	3	3	3	3	3	2	2	2	2	2	1	1	1	
11	1439150	3	1	3	3	1	3	1	1	1	1	2	2	2	2	2	1	1	1	
11	1439682	2	1	2	2	1	2	1	1	1	1	0	0	0	0	0	1	1	1	
11	1440625	0	0	0	0	0	0	0	1	0	.	0	0	0	0	0	0	0	0	
11	1440880	2	3	2	2	3	2	3	3	3	.	2	2	2	2	2	1	1	1	
11	1441321	0	1	0	0	1	0	1	1	1	.	1	1	1	1	1	0	0	0	
11	1557873	0	1	1	1	1	1	1	1	1	1	1	1	1	1	1	1	1	1	
11	1609687	0	0	0	0	1	.	0	0	0	0	0	0	0	0	0	0	0	0	
11	1609688	0	0	0	0	1	.	0	0	0	0	0	0	0	0	0	0	0	0	
11	1609690	0	0	0	0	1	.	0	0	0	0	0	0	0	0	0	0	0	0	
11	1609691	0	0	0	0	1	.	0	0	0	0	0	0	0	0	0	0	0	0	
11	1609692	0	0	0	0	1	.	0	0	0	0	0	0	0	0	0	0	0	0	
11	1609694	0	0	0	0	1	.	0	0	0	0	0	0	0	0	0	0	0	0	
11	1616320	2	1	2	2	1	2	1	1	1	1	0	0	0	0	0	0	0	0	
11	1682907	0	1	0	0	1	0	1	1	1	1	0	0	0	0	0	0	0	0	
11	1683283	1	0	1	1	0	1	0	0	0	0	0	0	0	0	0	0	0	0	
11	1684273	1	0	1	1	0	1	0	0	0	0	0	0	0	0	0	0	0	0	
11	1719101	3	3	3	3	3	3	3	4	3	3	2	2	2	2	2	1	1	1	
11	1753155	0	2	2	2	2	2	2	2	2	2	1	1	1	1	1	1	1	1	
11	1778223	0	0	0	0	0	0	1	0	0	0	0	0	0	0	0	0	0	0	
11	1778224	0	0	0	0	0	0	1	0	0	0	0	0	0	0	0	0	0	0	
11	1778227	0	0	0	0	0	0	1	0	0	0	0	0	0	0	0	0	0	0	
11	1778234	0	0	0	0	0	0	1	0	0	0	0	0	0	0	0	0	0	0	
11	1778235	0	0	0	0	0	0	1	0	0	0	0	0	0	0	0	0	0	0	
11	1778238	0	0	0	0	0	0	1	0	0	0	0	0	0	0	0	0	0	0	
11	1778240	0	0	0	0	0	0	1	0	0	0	0	0	0	0	0	0	0	0	
11	1778242	0	0	0	0	0	0	1	0	0	0	0	0	0	0	0	0	0	0	
11	1778244	0	0	0	0	0	0	1	0	0	0	0	0	0	0	0	0	0	0	
11	1778245	0	0	0	0	0	0	1	0	0	0	0	0	0	0	0	0	0	0	
11	1910685	1	1	1	1	1	1	1	1	1	0	1	1	1	1	1	0	0	0	
11	1911067	1	1	1	1	1	1	1	1	1	0	1	1	1	1	1	1	1	1	
11	1912801	1	1	1	1	1	1	1	1	1	0	1	1	1	1	1	1	1	1	
11	1913843	1	1	1	1	1	1	1	1	1	0	1	1	1	1	1	1	1	1	
11	1915948	1	1	1	1	1	1	1	1	1	0	0	0	0	0	0	0	0	0	
11	1990253	0	1	1	1	1	1	1	1	1	1	1	1	1	1	1	0	0	0	
11	1991695	1	1	1	1	0	1	0	0	0	1	0	0	0	0	0	0	0	0	
11	1992871	2	2	2	2	0	2	0	0	0	2	1	1	1	1	1	1	1	1	
11	1993339	1	1	1	1	0	1	0	0	0	1	0	0	0	0	0	0	0	0	
11	1997039	2	2	2	2	0	2	0	0	0	2	0	0	0	0	0	1	1	1	
11	1997620	3	3	3	3	0	3	0	0	0	3	2	2	2	2	2	1	1	1	
11	1998420	1	1	1	1	0	1	0	0	0	1	1	1	1	1	1	0	0	0	
11	1999124	1	1	1	1	0	1	0	0	0	1	0	0	0	0	0	0	0	0	
12	137599	0	0	0	0	0	0	0	1	0	0	0	0	0	0	0	0	0	0	
12	137605	0	0	0	0	0	0	0	1	0	0	0	0	0	0	0	0	0	0	
12	137607	0	0	0	0	0	0	0	1	0	0	0	0	0	0	0	0	0	0	
12	147787	0	3	3	3	3	3	3	3	3	3	2	2	2	2	2	1	1	1	
12	205356	0	1	1	1	1	1	1	.	1	1	1	1	1	1	1	0	0	0	
12	262134	4	4	4	4	4	4	4	4	4	3	2	2	2	2	2	1	1	.	
12	275544	0	1	0	0	1	0	0	0	0	0	0	0	0	0	0	0	0	0	
12	275545	0	1	0	0	1	0	0	0	0	0	0	0	0	0	0	0	0	0	
12	476764	0	1	1	1	1	1	1	1	1	1	1	1	1	1	1	1	1	1	
12	540698	0	1	1	1	2	1	2	2	2	1	1	1	1	1	1	0	0	0	
12	543043	0	0	0	0	0	0	0	1	0	0	0	0	0	0	0	0	0	0	
12	543062	0	0	0	0	0	0	0	1	0	0	0	0	0	0	0	0	0	0	
12	567921	0	0	0	0	0	0	1	0	0	0	0	0	0	0	0	0	0	0	
12	567924	0	0	0	0	0	0	1	0	0	0	0	0	0	0	0	0	0	0	
12	572344	0	0	0	0	.	1	0	0	0	0	0	0	0	0	.	0	0	0	
12	606976	0	1	1	1	1	1	1	1	1	1	0	0	0	0	0	0	0	0	
12	607028	0	1	1	1	1	1	1	1	1	1	1	1	1	1	1	1	1	1	
12	617143	0	1	1	1	1	1	1	1	1	1	0	0	0	0	0	0	0	0	
12	617208	0	3	3	3	3	3	3	3	3	3	2	2	2	2	2	1	1	1	
12	659788	0	1	1	1	1	1	1	1	1	1	0	0	0	0	0	0	0	0	
12	659823	0	1	1	1	1	1	1	1	1	1	0	0	0	0	0	0	0	0	
12	683511	0	0	0	0	0	0	1	0	0	0	0	.	0	0	0	0	0	0	
12	796324	.	1	1	1	1	1	1	1	1	1	0	0	0	0	0	1	1	1	
12	815797	1	1	1	1	2	1	1	1	1	1	0	0	0	0	0	1	1	1	
12	848081	0	1	1	1	1	1	1	1	1	1	0	0	0	0	0	0	0	0	
12	848173	0	1	1	1	1	1	1	1	1	1	0	0	0	0	0	0	0	0	
12	850504	0	2	2	2	2	2	2	2	2	2	1	1	1	1	1	.	0	0	
12	850508	0	1	1	1	1	1	1	1	1	1	0	0	0	0	0	.	0	0	
12	869199	1	0	0	0	0	0	0	0	0	0	0	0	0	0	0	0	0	0	
12	869208	1	0	0	0	0	0	0	0	0	0	0	0	0	0	0	0	0	0	
12	869210	1	0	0	0	0	0	0	0	0	0	0	0	0	0	0	0	0	0	
12	869212	1	0	0	0	0	0	0	0	0	0	0	0	0	0	0	0	0	0	
12	869214	1	0	0	0	0	0	0	0	0	0	0	0	0	0	0	0	0	0	
12	869216	1	0	0	0	0	0	0	0	0	0	0	0	0	0	0	0	0	0	
12	869218	1	0	0	0	0	0	0	0	0	0	0	0	0	0	0	0	0	0	
12	879156	0	2	2	2	2	2	2	2	2	2	2	2	2	2	2	.	1	1	
12	1015200	0	1	0	0	.	0	0	0	0	0	0	0	0	0	0	0	0	0	
12	1063317	0	1	1	1	1	1	1	1	1	1	0	0	0	0	0	0	0	0	
12	1222329	0	0	3	3	0	3	0	0	0	0	2	2	2	2	2	1	1	1	
12	1235445	0	0	1	0	0	0	0	0	0	0	0	0	0	0	0	0	0	0	
12	1312091	0	0	0	0	0	0	0	1	0	0	0	0	0	0	0	0	0	0	
12	1376869	1	1	1	1	0	1	1	1	1	1	0	0	0	0	0	1	1	1	
12	1378724	1	1	1	1	0	1	1	0	1	1	0	0	0	0	0	0	0	0	
12	1421018	0	0	0	0	0	0	0	0	0	1	0	0	0	0	0	0	0	0	
12	1436406	.	1	1	1	1	1	1	1	1	1	0	0	0	0	0	1	1	1	
12	1605548	0	3	3	3	3	3	3	3	3	3	2	2	2	2	2	1	1	1	
12	1625650	0	0	1	1	1	1	0	1	1	1	0	0	0	0	0	0	0	0	
12	1684836	1	0	0	0	.	0	0	0	0	0	0	0	0	0	0	0	0	0	
12	1684951	1	0	0	0	.	0	0	0	0	0	0	0	0	0	0	0	0	0	
12	1748666	0	0	0	0	0	0	1	0	0	0	0	0	0	0	0	0	0	0	
12	1748667	0	0	0	0	0	0	1	0	0	0	0	0	0	0	0	0	0	0	
12	1748669	0	0	0	0	0	0	1	0	0	0	0	0	0	0	0	0	0	0	
12	1748673	0	0	0	0	0	0	1	0	0	0	0	0	0	0	0	0	0	0	
12	1748674	.	0	0	0	0	0	1	0	0	0	0	0	0	0	0	0	0	0	
12	1748675	.	0	0	0	0	0	1	0	0	0	0	0	0	0	0	0	0	0	
12	1748687	.	0	0	0	0	0	1	0	0	0	0	0	0	0	0	0	0	0	
12	1748704	0	0	0	0	0	0	1	0	1	0	0	0	0	0	0	0	0	0	
12	1748732	0	0	0	0	0	0	1	0	0	0	0	0	0	0	0	0	0	0	
12	1748744	0	0	0	0	0	0	1	0	0	0	0	0	0	0	0	0	0	0	
12	1748747	0	0	0	0	0	0	1	0	0	0	0	0	0	0	0	0	0	0	
12	2017936	0	2	2	2	2	2	2	2	2	2	2	2	2	2	2	1	1	1	
12	2018140	0	3	3	3	3	3	3	3	3	3	2	2	2	2	2	1	1	1	
12	2099417	0	0	0	0	1	0	0	0	0	0	0	0	0	0	0	0	0	0	
12	2120215	0	1	1	1	1	1	0	1	1	1	0	0	0	0	0	0	0	0	
12	2158910	0	1	1	1	1	1	1	1	1	1	1	1	1	1	1	0	0	0	
13	281836	4	4	4	4	4	4	4	4	4	3	2	2	2	2	2	1	1	1	
13	465164	1	1	1	1	1	1	1	1	1	3	2	2	2	2	2	1	1	1	
13	698191	1	1	2	2	1	2	1	1	1	1	1	1	1	1	1	1	1	1	
13	804425	.	2	2	2	2	2	2	2	2	2	1	1	1	.	1	1	1	1	
13	905770	3	3	4	4	.	4	3	3	3	3	2	2	2	2	2	1	1	1	
13	1022153	2	2	.	2	2	0	2	2	2	2	2	2	2	2	2	1	1	1	
13	1121978	.	3	3	3	4	3	4	4	.	3	2	2	2	2	2	1	1	1	
13	1200775	3	2	3	3	2	3	2	2	2	2	2	2	2	2	2	1	1	1	
13	1245510	1	3	1	1	3	1	3	3	3	3	2	2	2	2	2	1	1	1	
13	1304354	3	2	3	3	2	3	2	2	2	2	2	2	2	2	2	1	1	1	
13	1304354	3	.	3	3	2	3	2	.	2	2	2	2	2	2	2	1	1	1	
13	1322955	2	2	.	2	2	2	3	2	2	.	1	1	1	1	1	1	1	1	
13	1402957	3	3	2	2	3	2	3	3	3	3	2	2	2	2	2	1	1	1	
13	1706198	4	4	4	4	4	4	4	4	4	3	2	.	2	2	.	1	1	1	
13	1828205	2	2	2	2	0	2	2	2	2	2	.	3	3	3	3	1	1	.	
13	1918979	3	3	1	1	3	1	3	3	3	3	2	2	2	2	2	1	1	1	
13	1958560	3	3	3	.	4	3	4	4	4	3	2	2	2	2	2	1	1	1	
13	1967367	.	3	3	3	.	3	4	3	3	3	2	2	2	2	2	1	1	1	
13	1976978	4	3	4	4	3	4	3	3	3	3	2	2	2	2	2	1	1	1	
13	2091017	1	1	2	2	1	2	1	1	1	1	1	1	1	1	1	1	1	1	
13	2154010	3	3	4	4	3	4	3	3	3	3	2	2	2	2	2	1	1	1	
13	2175491	1	1	0	1	1	1	1	1	1	1	2	2	2	2	2	1	1	1	
13	2481992	3	3	3	3	3	3	3	3	0	3	2	2	2	2	2	1	1	1	
13	2679791	.	3	3	3	4	3	.	4	4	3	2	2	2	2	2	1	1	1	
14	309530	4	4	5	4	5	4	5	5	5	3	2	6	2	2	2	1	1	1	
14	417733	3	3	3	3	3	3	3	4	3	3	2	2	2	2	2	1	1	1	
14	481462	3	2	3	3	2	3	2	2	2	2	4	4	4	4	4	1	1	1	
14	993447	4	3	4	4	3	4	3	3	3	3	2	2	2	2	2	1	1	1	
14	1222966	3	3	3	3	3	3	3	4	3	3	2	2	2	2	2	1	1	1	
14	1705288	.	3	3	3	3	3	3	3	.	3	2	2	2	2	2	1	1	1	
14	1752774	4	3	4	4	3	4	3	3	3	3	2	2	2	2	2	1	1	1	
14	2629232	1	1	1	1	1	1	.	2	2	1	1	1	.	1	1	1	1	1	
14	2730614	4	3	4	4	3	4	3	3	3	3	2	2	2	2	2	1	1	1	
14	2812786	3	2	2	2	2	2	2	2	2	2	2	2	.	2	2	1	1	1	
14	2815562	.	3	1	1	4	1	4	4	4	3	2	2	.	2	2	1	1	1	
14	3181603	3	3	3	3	4	3	4	4	4	3	2	2	2	2	2	1	1	1	
