(36, 16, 3291937)
36
16
3291937
10000
#chrom	start	end accessable	all_not_done
M76611	1	10000 	0.838	30
PFC10_API_IRAB	1	10000 	1.0	0
PFC10_API_IRAB	10001	20000 	1.0	0
PFC10_API_IRAB	20001	30000 	1.0	0
PFC10_API_IRAB	30001	40000 	0.0	31
Pf3D7_01_v3	1	10000 	0.0	27
Pf3D7_01_v3	10001	20000 	0.0	27
Pf3D7_01_v3	20001	30000 	0.0	27
Pf3D7_01_v3	30001	40000 	0.0	33
Pf3D7_01_v3	40001	50000 	0.0	33
Pf3D7_01_v3	50001	60000 	0.0	33
Pf3D7_01_v3	60001	70000 	0.0	32
Pf3D7_01_v3	70001	80000 	0.0	32
Pf3D7_01_v3	80001	90000 	0.0	32
Pf3D7_01_v3	90001	100000 	0.5	31
Pf3D7_01_v3	100001	110000 	1.0	0
Pf3D7_01_v3	110001	120000 	1.0	0
Pf3D7_01_v3	120001	130000 	0.5	0
Pf3D7_01_v3	130001	140000 	1.0	0
Pf3D7_01_v3	140001	150000 	0.0	26
Pf3D7_01_v3	150001	160000 	0.5	33
Pf3D7_01_v3	160001	170000 	0.5	33
Pf3D7_01_v3	170001	180000 	0.5	1
Pf3D7_01_v3	180001	190000 	1.0	0
Pf3D7_01_v3	190001	200000 	0.5	0
Pf3D7_01_v3	200001	210000 	1.0	0
Pf3D7_01_v3	210001	220000 	1.0	0
Pf3D7_01_v3	220001	230000 	0.5	0
Pf3D7_01_v3	230001	240000 	1.0	0
Pf3D7_01_v3	240001	250000 	1.0	0
Pf3D7_01_v3	250001	260000 	1.0	0
Pf3D7_01_v3	260001	270000 	1.0	0
Pf3D7_01_v3	270001	280000 	1.0	0
Pf3D7_01_v3	280001	290000 	0.5	0
Pf3D7_01_v3	290001	300000 	0.5	0
Pf3D7_01_v3	300001	310000 	0.0	31
Pf3D7_01_v3	310001	320000 	0.5	31
Pf3D7_01_v3	320001	330000 	1.0	0
Pf3D7_01_v3	330001	340000 	1.0	1
Pf3D7_01_v3	340001	350000 	0.5	0
Pf3D7_01_v3	350001	360000 	0.5	31
Pf3D7_01_v3	360001	370000 	1.0	0
Pf3D7_01_v3	370001	380000 	1.0	0
Pf3D7_01_v3	380001	390000 	1.0	0
Pf3D7_01_v3	390001	400000 	1.0	0
Pf3D7_01_v3	400001	410000 	0.0	32
Pf3D7_01_v3	410001	420000 	0.5	32
Pf3D7_01_v3	420001	430000 	1.0	0
Pf3D7_01_v3	430001	440000 	1.0	0
Pf3D7_01_v3	440001	450000 	0.0	28
Pf3D7_01_v3	450001	460000 	1.0	0
Pf3D7_01_v3	460001	470000 	1.0	0
Pf3D7_01_v3	470001	480000 	0.5	0
Pf3D7_01_v3	480001	490000 	1.0	0
Pf3D7_01_v3	490001	500000 	0.5	0
Pf3D7_01_v3	500001	510000 	1.0	0
Pf3D7_01_v3	510001	520000 	1.0	0
Pf3D7_01_v3	520001	530000 	1.0	0
Pf3D7_01_v3	530001	540000 	1.0	0
Pf3D7_01_v3	540001	550000 	0.5	0
Pf3D7_01_v3	550001	560000 	0.5	32
Pf3D7_01_v3	560001	570000 	0.0	32
Pf3D7_01_v3	570001	580000 	0.5	29
Pf3D7_01_v3	580001	590000 	0.0	29
Pf3D7_01_v3	590001	600000 	0.0	29
Pf3D7_01_v3	600001	610000 	0.0	29
Pf3D7_01_v3	610001	620000 	0.0	29
Pf3D7_01_v3	620001	630000 	0.0	29
Pf3D7_01_v3	630001	640000 	0.0	32
Pf3D7_01_v3	640001	650000 	0.0	32
Pf3D7_02_v3	1	10000 	0.0	30
Pf3D7_02_v3	10001	20000 	0.0	30
Pf3D7_02_v3	20001	30000 	0.0	30
Pf3D7_02_v3	30001	40000 	0.0	30
Pf3D7_02_v3	40001	50000 	0.0	30
Pf3D7_02_v3	50001	60000 	0.0	30
Pf3D7_02_v3	60001	70000 	0.0	27
Pf3D7_02_v3	70001	80000 	0.0	27
Pf3D7_02_v3	80001	90000 	0.0	27
Pf3D7_02_v3	90001	100000 	0.0	27
Pf3D7_02_v3	100001	110000 	0.0	27
Pf3D7_02_v3	110001	120000 	0.5	27
Pf3D7_02_v3	120001	130000 	0.5	0
Pf3D7_02_v3	130001	140000 	1.0	0
Pf3D7_02_v3	140001	150000 	1.0	0
Pf3D7_02_v3	150001	160000 	1.0	1
Pf3D7_02_v3	160001	170000 	0.5	0
Pf3D7_02_v3	170001	180000 	1.0	0
Pf3D7_02_v3	180001	190000 	1.0	0
Pf3D7_02_v3	190001	200000 	0.5	0
Pf3D7_02_v3	200001	210000 	1.0	0
Pf3D7_02_v3	210001	220000 	1.0	0
Pf3D7_02_v3	220001	230000 	0.5	0
Pf3D7_02_v3	230001	240000 	1.0	0
Pf3D7_02_v3	240001	250000 	1.0	0
Pf3D7_02_v3	250001	260000 	0.5	0
Pf3D7_02_v3	260001	270000 	1.0	0
Pf3D7_02_v3	270001	280000 	1.0	0
Pf3D7_02_v3	280001	290000 	1.0	0
Pf3D7_02_v3	290001	300000 	1.0	0
Pf3D7_02_v3	300001	310000 	1.0	0
Pf3D7_02_v3	310001	320000 	1.0	0
Pf3D7_02_v3	320001	330000 	1.0	0
Pf3D7_02_v3	330001	340000 	1.0	0
Pf3D7_02_v3	340001	350000 	0.5	0
Pf3D7_02_v3	350001	360000 	1.0	0
Pf3D7_02_v3	360001	370000 	1.0	0
Pf3D7_02_v3	370001	380000 	1.0	0
Pf3D7_02_v3	380001	390000 	1.0	1
Pf3D7_02_v3	390001	400000 	0.5	1
Pf3D7_02_v3	400001	410000 	0.5	30
Pf3D7_02_v3	410001	420000 	1.0	0
Pf3D7_02_v3	420001	430000 	0.5	0
Pf3D7_02_v3	430001	440000 	0.5	30
Pf3D7_02_v3	440001	450000 	1.0	0
Pf3D7_02_v3	450001	460000 	0.5	0
Pf3D7_02_v3	460001	470000 	0.5	27
Pf3D7_02_v3	470001	480000 	1.0	0
Pf3D7_02_v3	480001	490000 	0.5	0
Pf3D7_02_v3	490001	500000 	1.0	0
Pf3D7_02_v3	500001	510000 	0.5	0
Pf3D7_02_v3	510001	520000 	1.0	0
Pf3D7_02_v3	520001	530000 	0.5	0
Pf3D7_02_v3	530001	540000 	1.0	0
Pf3D7_02_v3	540001	550000 	0.5	0
Pf3D7_02_v3	550001	560000 	1.0	0
Pf3D7_02_v3	560001	570000 	1.0	0
Pf3D7_02_v3	570001	580000 	1.0	0
Pf3D7_02_v3	580001	590000 	1.0	0
Pf3D7_02_v3	590001	600000 	0.5	0
Pf3D7_02_v3	600001	610000 	1.0	0
Pf3D7_02_v3	610001	620000 	1.0	0
Pf3D7_02_v3	620001	630000 	0.5	0
Pf3D7_02_v3	630001	640000 	1.0	0
Pf3D7_02_v3	640001	650000 	1.0	0
Pf3D7_02_v3	650001	660000 	1.0	0
Pf3D7_02_v3	660001	670000 	1.0	0
Pf3D7_02_v3	670001	680000 	1.0	0
Pf3D7_02_v3	680001	690000 	1.0	0
Pf3D7_02_v3	690001	700000 	0.0	28
Pf3D7_02_v3	700001	710000 	1.0	0
Pf3D7_02_v3	710001	720000 	0.5	0
Pf3D7_02_v3	720001	730000 	1.0	19
Pf3D7_02_v3	730001	740000 	1.0	0
Pf3D7_02_v3	740001	750000 	0.5	0
Pf3D7_02_v3	750001	760000 	1.0	0
Pf3D7_02_v3	760001	770000 	0.0	29
Pf3D7_02_v3	770001	780000 	1.0	0
Pf3D7_02_v3	780001	790000 	1.0	0
Pf3D7_02_v3	790001	800000 	0.0	32
Pf3D7_02_v3	800001	810000 	1.0	0
Pf3D7_02_v3	810001	820000 	1.0	0
Pf3D7_02_v3	820001	830000 	1.0	0
Pf3D7_02_v3	830001	840000 	1.0	0
Pf3D7_02_v3	840001	850000 	0.0	27
Pf3D7_02_v3	850001	860000 	0.5	27
Pf3D7_02_v3	860001	870000 	0.5	0
Pf3D7_02_v3	870001	880000 	0.0	21
Pf3D7_02_v3	880001	890000 	0.0	21
Pf3D7_02_v3	890001	900000 	0.0	21
Pf3D7_02_v3	900001	910000 	0.0	29
Pf3D7_02_v3	910001	920000 	0.0	29
Pf3D7_02_v3	920001	930000 	0.0	29
Pf3D7_02_v3	930001	940000 	0.0	32
Pf3D7_02_v3	940001	950000 	0.0	32
Pf3D7_03_v3	1	10000 	0.0	29
Pf3D7_03_v3	10001	20000 	0.0	29
Pf3D7_03_v3	20001	30000 	0.0	29
Pf3D7_03_v3	30001	40000 	0.0	25
Pf3D7_03_v3	40001	50000 	0.0	25
Pf3D7_03_v3	50001	60000 	0.0	25
Pf3D7_03_v3	60001	70000 	0.5	27
Pf3D7_03_v3	70001	80000 	1.0	0
Pf3D7_03_v3	80001	90000 	1.0	0
Pf3D7_03_v3	90001	100000 	0.5	0
Pf3D7_03_v3	100001	110000 	1.0	0
Pf3D7_03_v3	110001	120000 	1.0	0
Pf3D7_03_v3	120001	130000 	0.5	0
Pf3D7_03_v3	130001	140000 	0.5	0
Pf3D7_03_v3	140001	150000 	0.5	30
Pf3D7_03_v3	150001	160000 	1.0	0
Pf3D7_03_v3	160001	170000 	1.0	0
Pf3D7_03_v3	170001	180000 	1.0	0
Pf3D7_03_v3	180001	190000 	1.0	0
Pf3D7_03_v3	190001	200000 	1.0	0
Pf3D7_03_v3	200001	210000 	1.0	0
Pf3D7_03_v3	210001	220000 	1.0	0
Pf3D7_03_v3	220001	230000 	0.5	0
Pf3D7_03_v3	230001	240000 	1.0	0
Pf3D7_03_v3	240001	250000 	0.5	0
Pf3D7_03_v3	250001	260000 	1.0	0
Pf3D7_03_v3	260001	270000 	1.0	0
Pf3D7_03_v3	270001	280000 	1.0	0
Pf3D7_03_v3	280001	290000 	0.5	0
Pf3D7_03_v3	290001	300000 	0.5	28
Pf3D7_03_v3	300001	310000 	0.0	29
Pf3D7_03_v3	310001	320000 	1.0	0
Pf3D7_03_v3	320001	330000 	0.5	0
Pf3D7_03_v3	330001	340000 	1.0	0
Pf3D7_03_v3	340001	350000 	0.5	0
Pf3D7_03_v3	350001	360000 	0.5	26
Pf3D7_03_v3	360001	370000 	1.0	0
Pf3D7_03_v3	370001	380000 	1.0	0
Pf3D7_03_v3	380001	390000 	0.5	0
Pf3D7_03_v3	390001	400000 	1.0	0
Pf3D7_03_v3	400001	410000 	0.5	0
Pf3D7_03_v3	410001	420000 	1.0	0
Pf3D7_03_v3	420001	430000 	1.0	0
Pf3D7_03_v3	430001	440000 	0.5	0
Pf3D7_03_v3	440001	450000 	0.5	28
Pf3D7_03_v3	450001	460000 	1.0	0
Pf3D7_03_v3	460001	470000 	0.5	0
Pf3D7_03_v3	470001	480000 	1.0	0
Pf3D7_03_v3	480001	490000 	0.5	0
Pf3D7_03_v3	490001	500000 	1.0	0
Pf3D7_03_v3	500001	510000 	0.5	0
Pf3D7_03_v3	510001	520000 	0.5	30
Pf3D7_03_v3	520001	530000 	1.0	0
Pf3D7_03_v3	530001	540000 	1.0	0
Pf3D7_03_v3	540001	550000 	0.5	0
Pf3D7_03_v3	550001	560000 	1.0	0
Pf3D7_03_v3	560001	570000 	1.0	0
Pf3D7_03_v3	570001	580000 	1.0	0
Pf3D7_03_v3	580001	590000 	0.5	0
Pf3D7_03_v3	590001	600000 	0.5	30
Pf3D7_03_v3	600001	610000 	1.0	0
Pf3D7_03_v3	610001	620000 	0.5	0
Pf3D7_03_v3	620001	630000 	1.0	0
Pf3D7_03_v3	630001	640000 	1.0	0
Pf3D7_03_v3	640001	650000 	0.5	0
Pf3D7_03_v3	650001	660000 	1.0	0
Pf3D7_03_v3	660001	670000 	0.5	0
Pf3D7_03_v3	670001	680000 	0.5	30
Pf3D7_03_v3	680001	690000 	1.0	0
Pf3D7_03_v3	690001	700000 	0.5	0
Pf3D7_03_v3	700001	710000 	1.0	0
Pf3D7_03_v3	710001	720000 	1.0	0
Pf3D7_03_v3	720001	730000 	0.5	0
Pf3D7_03_v3	730001	740000 	0.5	0
Pf3D7_03_v3	740001	750000 	1.0	0
Pf3D7_03_v3	750001	760000 	1.0	0
Pf3D7_03_v3	760001	770000 	1.0	0
Pf3D7_03_v3	770001	780000 	0.5	0
Pf3D7_03_v3	780001	790000 	1.0	0
Pf3D7_03_v3	790001	800000 	1.0	0
Pf3D7_03_v3	800001	810000 	0.5	0
Pf3D7_03_v3	810001	820000 	0.5	0
Pf3D7_03_v3	820001	830000 	1.0	0
Pf3D7_03_v3	830001	840000 	1.0	0
Pf3D7_03_v3	840001	850000 	1.0	0
Pf3D7_03_v3	850001	860000 	1.0	0
Pf3D7_03_v3	860001	870000 	1.0	0
Pf3D7_03_v3	870001	880000 	0.5	0
Pf3D7_03_v3	880001	890000 	1.0	0
Pf3D7_03_v3	890001	900000 	0.5	0
Pf3D7_03_v3	900001	910000 	0.5	32
Pf3D7_03_v3	910001	920000 	0.5	0
Pf3D7_03_v3	920001	930000 	1.0	0
Pf3D7_03_v3	930001	940000 	1.0	0
Pf3D7_03_v3	940001	950000 	0.5	0
Pf3D7_03_v3	950001	960000 	1.0	1
Pf3D7_03_v3	960001	970000 	0.5	0
Pf3D7_03_v3	970001	980000 	1.0	0
Pf3D7_03_v3	980001	990000 	1.0	0
Pf3D7_03_v3	990001	1000000 	1.0	0
Pf3D7_03_v3	1000001	1010000 	0.0	28
Pf3D7_03_v3	1010001	1020000 	0.0	28
Pf3D7_03_v3	1020001	1030000 	0.0	31
Pf3D7_03_v3	1030001	1040000 	0.0	31
Pf3D7_03_v3	1040001	1050000 	0.0	31
Pf3D7_03_v3	1050001	1060000 	0.0	36
Pf3D7_03_v3	1060001	1070000 	0.0	36
Pf3D7_04_v3	1	10000 	0.0	31
Pf3D7_04_v3	10001	20000 	0.0	31
Pf3D7_04_v3	20001	30000 	0.0	31
Pf3D7_04_v3	30001	40000 	0.0	34
Pf3D7_04_v3	40001	50000 	0.0	34
Pf3D7_04_v3	50001	60000 	0.0	34
Pf3D7_04_v3	60001	70000 	0.0	29
Pf3D7_04_v3	70001	80000 	0.0	29
Pf3D7_04_v3	80001	90000 	0.0	29
Pf3D7_04_v3	90001	100000 	0.5	32
Pf3D7_04_v3	100001	110000 	0.0	32
Pf3D7_04_v3	110001	120000 	0.0	32
Pf3D7_04_v3	120001	130000 	1.0	0
Pf3D7_04_v3	130001	140000 	0.5	1
Pf3D7_04_v3	140001	150000 	0.5	26
Pf3D7_04_v3	150001	160000 	1.0	0
Pf3D7_04_v3	160001	170000 	0.5	0
Pf3D7_04_v3	170001	180000 	1.0	0
Pf3D7_04_v3	180001	190000 	1.0	0
Pf3D7_04_v3	190001	200000 	0.5	0
Pf3D7_04_v3	200001	210000 	0.5	34
Pf3D7_04_v3	210001	220000 	1.0	0
Pf3D7_04_v3	220001	230000 	0.5	0
Pf3D7_04_v3	230001	240000 	0.5	29
Pf3D7_04_v3	240001	250000 	0.5	27
Pf3D7_04_v3	250001	260000 	1.0	0
Pf3D7_04_v3	260001	270000 	1.0	0
Pf3D7_04_v3	270001	280000 	1.0	0
Pf3D7_04_v3	280001	290000 	0.5	0
Pf3D7_04_v3	290001	300000 	0.5	0
Pf3D7_04_v3	300001	310000 	1.0	0
Pf3D7_04_v3	310001	320000 	1.0	0
Pf3D7_04_v3	320001	330000 	1.0	0
Pf3D7_04_v3	330001	340000 	0.5	0
Pf3D7_04_v3	340001	350000 	1.0	0
Pf3D7_04_v3	350001	360000 	1.0	0
Pf3D7_04_v3	360001	370000 	1.0	0
Pf3D7_04_v3	370001	380000 	1.0	0
Pf3D7_04_v3	380001	390000 	1.0	0
Pf3D7_04_v3	390001	400000 	1.0	0
Pf3D7_04_v3	400001	410000 	1.0	0
Pf3D7_04_v3	410001	420000 	1.0	0
Pf3D7_04_v3	420001	430000 	0.5	0
Pf3D7_04_v3	430001	440000 	1.0	0
Pf3D7_04_v3	440001	450000 	1.0	0
Pf3D7_04_v3	450001	460000 	1.0	0
Pf3D7_04_v3	460001	470000 	1.0	22
Pf3D7_04_v3	470001	480000 	0.5	0
Pf3D7_04_v3	480001	490000 	0.5	0
Pf3D7_04_v3	490001	500000 	0.5	5
Pf3D7_04_v3	500001	510000 	1.0	0
Pf3D7_04_v3	510001	520000 	1.0	0
Pf3D7_04_v3	520001	530000 	0.5	0
Pf3D7_04_v3	530001	540000 	0.5	0
Pf3D7_04_v3	540001	550000 	0.0	26
Pf3D7_04_v3	550001	560000 	0.0	26
Pf3D7_04_v3	560001	570000 	0.0	26
Pf3D7_04_v3	570001	580000 	0.0	28
Pf3D7_04_v3	580001	590000 	0.0	28
Pf3D7_04_v3	590001	600000 	0.0	28
Pf3D7_04_v3	600001	610000 	0.0	28
Pf3D7_04_v3	610001	620000 	0.0	28
Pf3D7_04_v3	620001	630000 	1.0	0
Pf3D7_04_v3	630001	640000 	1.0	0
Pf3D7_04_v3	640001	650000 	0.5	0
Pf3D7_04_v3	650001	660000 	1.0	0
Pf3D7_04_v3	660001	670000 	1.0	0
Pf3D7_04_v3	670001	680000 	1.0	0
Pf3D7_04_v3	680001	690000 	0.5	0
Pf3D7_04_v3	690001	700000 	0.5	0
Pf3D7_04_v3	700001	710000 	1.0	0
Pf3D7_04_v3	710001	720000 	0.5	0
Pf3D7_04_v3	720001	730000 	1.0	0
Pf3D7_04_v3	730001	740000 	1.0	0
Pf3D7_04_v3	740001	750000 	1.0	0
Pf3D7_04_v3	750001	760000 	1.0	0
Pf3D7_04_v3	760001	770000 	1.0	0
Pf3D7_04_v3	770001	780000 	1.0	0
Pf3D7_04_v3	780001	790000 	0.0	29
Pf3D7_04_v3	790001	800000 	0.5	29
Pf3D7_04_v3	800001	810000 	0.5	29
Pf3D7_04_v3	810001	820000 	1.0	0
Pf3D7_04_v3	820001	830000 	0.5	0
Pf3D7_04_v3	830001	840000 	1.0	0
Pf3D7_04_v3	840001	850000 	0.5	0
Pf3D7_04_v3	850001	860000 	0.5	29
Pf3D7_04_v3	860001	870000 	1.0	0
Pf3D7_04_v3	870001	880000 	0.5	0
Pf3D7_04_v3	880001	890000 	1.0	0
Pf3D7_04_v3	890001	900000 	1.0	0
Pf3D7_04_v3	900001	910000 	1.0	0
Pf3D7_04_v3	910001	920000 	1.0	0
Pf3D7_04_v3	920001	930000 	1.0	0
Pf3D7_04_v3	930001	940000 	0.5	6
Pf3D7_04_v3	940001	950000 	0.0	32
Pf3D7_04_v3	950001	960000 	0.0	32
Pf3D7_04_v3	960001	970000 	0.0	31
Pf3D7_04_v3	970001	980000 	0.0	31
Pf3D7_04_v3	980001	990000 	0.5	31
Pf3D7_04_v3	990001	1000000 	0.5	0
Pf3D7_04_v3	1000001	1010000 	1.0	0
Pf3D7_04_v3	1010001	1020000 	1.0	0
Pf3D7_04_v3	1020001	1030000 	1.0	0
Pf3D7_04_v3	1030001	1040000 	0.5	0
Pf3D7_04_v3	1040001	1050000 	0.0	30
Pf3D7_04_v3	1050001	1060000 	0.0	31
Pf3D7_04_v3	1060001	1070000 	1.0	0
Pf3D7_04_v3	1070001	1080000 	0.5	0
Pf3D7_04_v3	1080001	1090000 	1.0	0
Pf3D7_04_v3	1090001	1100000 	0.5	0
Pf3D7_04_v3	1100001	1110000 	1.0	0
Pf3D7_04_v3	1110001	1120000 	0.5	0
Pf3D7_04_v3	1120001	1130000 	0.5	0
Pf3D7_04_v3	1130001	1140000 	1.0	0
Pf3D7_04_v3	1140001	1150000 	0.5	0
Pf3D7_04_v3	1150001	1160000 	0.0	32
Pf3D7_04_v3	1160001	1170000 	0.0	32
Pf3D7_04_v3	1170001	1180000 	0.0	28
Pf3D7_04_v3	1180001	1190000 	0.0	28
Pf3D7_04_v3	1190001	1200000 	0.0	28
Pf3D7_04_v3	1200001	1210000 	0.0	28
Pf3D7_05_v3	1	10000 	0.0	34
Pf3D7_05_v3	10001	20000 	0.0	34
Pf3D7_05_v3	20001	30000 	0.0	34
Pf3D7_05_v3	30001	40000 	0.0	30
Pf3D7_05_v3	40001	50000 	0.5	30
Pf3D7_05_v3	50001	60000 	1.0	0
Pf3D7_05_v3	60001	70000 	1.0	0
Pf3D7_05_v3	70001	80000 	0.5	0
Pf3D7_05_v3	80001	90000 	1.0	0
Pf3D7_05_v3	90001	100000 	1.0	0
Pf3D7_05_v3	100001	110000 	1.0	0
Pf3D7_05_v3	110001	120000 	1.0	0
Pf3D7_05_v3	120001	130000 	0.5	0
Pf3D7_05_v3	130001	140000 	0.5	30
Pf3D7_05_v3	140001	150000 	1.0	0
Pf3D7_05_v3	150001	160000 	0.5	0
Pf3D7_05_v3	160001	170000 	1.0	0
Pf3D7_05_v3	170001	180000 	0.0	29
Pf3D7_05_v3	180001	190000 	0.0	24
Pf3D7_05_v3	190001	200000 	1.0	0
Pf3D7_05_v3	200001	210000 	1.0	0
Pf3D7_05_v3	210001	220000 	0.0	24
Pf3D7_05_v3	220001	230000 	1.0	0
Pf3D7_05_v3	230001	240000 	1.0	0
Pf3D7_05_v3	240001	250000 	0.5	0
Pf3D7_05_v3	250001	260000 	1.0	0
Pf3D7_05_v3	260001	270000 	0.5	0
Pf3D7_05_v3	270001	280000 	1.0	0
Pf3D7_05_v3	280001	290000 	1.0	0
Pf3D7_05_v3	290001	300000 	0.5	0
Pf3D7_05_v3	300001	310000 	0.5	33
Pf3D7_05_v3	310001	320000 	1.0	0
Pf3D7_05_v3	320001	330000 	0.5	0
Pf3D7_05_v3	330001	340000 	1.0	0
Pf3D7_05_v3	340001	350000 	0.0	29
Pf3D7_05_v3	350001	360000 	1.0	0
Pf3D7_05_v3	360001	370000 	1.0	0
Pf3D7_05_v3	370001	380000 	0.5	0
Pf3D7_05_v3	380001	390000 	1.0	0
Pf3D7_05_v3	390001	400000 	0.5	0
Pf3D7_05_v3	400001	410000 	0.5	30
Pf3D7_05_v3	410001	420000 	1.0	0
Pf3D7_05_v3	420001	430000 	1.0	0
Pf3D7_05_v3	430001	440000 	0.5	0
Pf3D7_05_v3	440001	450000 	0.5	0
Pf3D7_05_v3	450001	460000 	0.5	32
Pf3D7_05_v3	460001	470000 	1.0	0
Pf3D7_05_v3	470001	480000 	1.0	0
Pf3D7_05_v3	480001	490000 	1.0	0
Pf3D7_05_v3	490001	500000 	0.5	0
Pf3D7_05_v3	500001	510000 	1.0	0
Pf3D7_05_v3	510001	520000 	1.0	0
Pf3D7_05_v3	520001	530000 	1.0	0
Pf3D7_05_v3	530001	540000 	1.0	0
Pf3D7_05_v3	540001	550000 	1.0	0
Pf3D7_05_v3	550001	560000 	0.5	0
Pf3D7_05_v3	560001	570000 	1.0	0
Pf3D7_05_v3	570001	580000 	0.5	0
Pf3D7_05_v3	580001	590000 	0.5	28
Pf3D7_05_v3	590001	600000 	0.5	0
Pf3D7_05_v3	600001	610000 	1.0	0
Pf3D7_05_v3	610001	620000 	0.5	0
Pf3D7_05_v3	620001	630000 	0.0	33
Pf3D7_05_v3	630001	640000 	1.0	0
Pf3D7_05_v3	640001	650000 	0.5	0
Pf3D7_05_v3	650001	660000 	1.0	1
Pf3D7_05_v3	660001	670000 	1.0	0
Pf3D7_05_v3	670001	680000 	0.5	0
Pf3D7_05_v3	680001	690000 	0.0	29
Pf3D7_05_v3	690001	700000 	0.5	29
Pf3D7_05_v3	700001	710000 	0.5	29
Pf3D7_05_v3	710001	720000 	1.0	0
Pf3D7_05_v3	720001	730000 	1.0	0
Pf3D7_05_v3	730001	740000 	0.5	0
Pf3D7_05_v3	740001	750000 	0.5	0
Pf3D7_05_v3	750001	760000 	1.0	0
Pf3D7_05_v3	760001	770000 	1.0	0
Pf3D7_05_v3	770001	780000 	1.0	0
Pf3D7_05_v3	780001	790000 	1.0	0
Pf3D7_05_v3	790001	800000 	0.0	25
Pf3D7_05_v3	800001	810000 	0.5	25
Pf3D7_05_v3	810001	820000 	1.0	0
Pf3D7_05_v3	820001	830000 	1.0	0
Pf3D7_05_v3	830001	840000 	1.0	0
Pf3D7_05_v3	840001	850000 	0.5	0
Pf3D7_05_v3	850001	860000 	1.0	0
Pf3D7_05_v3	860001	870000 	1.0	0
Pf3D7_05_v3	870001	880000 	0.5	0
Pf3D7_05_v3	880001	890000 	1.0	0
Pf3D7_05_v3	890001	900000 	0.5	0
Pf3D7_05_v3	900001	910000 	1.0	0
Pf3D7_05_v3	910001	920000 	1.0	0
Pf3D7_05_v3	920001	930000 	1.0	0
Pf3D7_05_v3	930001	940000 	1.0	0
Pf3D7_05_v3	940001	950000 	1.0	0
Pf3D7_05_v3	950001	960000 	1.0	0
Pf3D7_05_v3	960001	970000 	1.0	0
Pf3D7_05_v3	970001	980000 	1.0	0
Pf3D7_05_v3	980001	990000 	1.0	0
Pf3D7_05_v3	990001	1000000 	1.0	0
Pf3D7_05_v3	1000001	1010000 	1.0	0
Pf3D7_05_v3	1010001	1020000 	0.0	27
Pf3D7_05_v3	1020001	1030000 	0.5	33
Pf3D7_05_v3	1030001	1040000 	1.0	0
Pf3D7_05_v3	1040001	1050000 	1.0	0
Pf3D7_05_v3	1050001	1060000 	1.0	0
Pf3D7_05_v3	1060001	1070000 	1.0	0
Pf3D7_05_v3	1070001	1080000 	1.0	0
Pf3D7_05_v3	1080001	1090000 	1.0	0
Pf3D7_05_v3	1090001	1100000 	1.0	0
Pf3D7_05_v3	1100001	1110000 	0.0	28
Pf3D7_05_v3	1110001	1120000 	0.0	32
Pf3D7_05_v3	1120001	1130000 	0.5	32
Pf3D7_05_v3	1130001	1140000 	1.0	0
Pf3D7_05_v3	1140001	1150000 	0.5	0
Pf3D7_05_v3	1150001	1160000 	1.0	1
Pf3D7_05_v3	1160001	1170000 	0.5	0
Pf3D7_05_v3	1170001	1180000 	1.0	0
Pf3D7_05_v3	1180001	1190000 	1.0	0
Pf3D7_05_v3	1190001	1200000 	0.5	0
Pf3D7_05_v3	1200001	1210000 	0.5	28
Pf3D7_05_v3	1210001	1220000 	1.0	0
Pf3D7_05_v3	1220001	1230000 	1.0	0
Pf3D7_05_v3	1230001	1240000 	1.0	0
Pf3D7_05_v3	1240001	1250000 	1.0	0
Pf3D7_05_v3	1250001	1260000 	1.0	0
Pf3D7_05_v3	1260001	1270000 	1.0	0
Pf3D7_05_v3	1270001	1280000 	1.0	0
Pf3D7_05_v3	1280001	1290000 	1.0	0
Pf3D7_05_v3	1290001	1300000 	0.0	34
Pf3D7_05_v3	1300001	1310000 	1.0	0
Pf3D7_05_v3	1310001	1320000 	1.0	0
Pf3D7_05_v3	1320001	1330000 	0.0	29
Pf3D7_05_v3	1330001	1340000 	0.0	29
Pf3D7_05_v3	1340001	1350000 	0.0	29
Pf3D7_06_v3	1	10000 	0.0	35
Pf3D7_06_v3	10001	20000 	0.0	35
Pf3D7_06_v3	20001	30000 	0.0	35
Pf3D7_06_v3	30001	40000 	0.0	27
Pf3D7_06_v3	40001	50000 	0.0	27
Pf3D7_06_v3	50001	60000 	0.0	27
Pf3D7_06_v3	60001	70000 	0.0	31
Pf3D7_06_v3	70001	80000 	0.5	31
Pf3D7_06_v3	80001	90000 	1.0	0
Pf3D7_06_v3	90001	100000 	0.5	0
Pf3D7_06_v3	100001	110000 	0.5	26
Pf3D7_06_v3	110001	120000 	1.0	0
Pf3D7_06_v3	120001	130000 	0.0	33
Pf3D7_06_v3	130001	140000 	1.0	0
Pf3D7_06_v3	140001	150000 	0.5	0
Pf3D7_06_v3	150001	160000 	1.0	0
Pf3D7_06_v3	160001	170000 	0.5	0
Pf3D7_06_v3	170001	180000 	0.5	0
Pf3D7_06_v3	180001	190000 	1.0	0
Pf3D7_06_v3	190001	200000 	0.5	0
Pf3D7_06_v3	200001	210000 	1.0	0
Pf3D7_06_v3	210001	220000 	1.0	0
Pf3D7_06_v3	220001	230000 	1.0	0
Pf3D7_06_v3	230001	240000 	1.0	0
Pf3D7_06_v3	240001	250000 	0.5	0
Pf3D7_06_v3	250001	260000 	0.5	28
Pf3D7_06_v3	260001	270000 	1.0	0
Pf3D7_06_v3	270001	280000 	1.0	0
Pf3D7_06_v3	280001	290000 	1.0	0
Pf3D7_06_v3	290001	300000 	0.5	0
Pf3D7_06_v3	300001	310000 	1.0	0
Pf3D7_06_v3	310001	320000 	1.0	0
Pf3D7_06_v3	320001	330000 	1.0	0
Pf3D7_06_v3	330001	340000 	1.0	0
Pf3D7_06_v3	340001	350000 	0.5	0
Pf3D7_06_v3	350001	360000 	0.5	31
Pf3D7_06_v3	360001	370000 	1.0	1
Pf3D7_06_v3	370001	380000 	1.0	1
Pf3D7_06_v3	380001	390000 	1.0	0
Pf3D7_06_v3	390001	400000 	0.5	0
Pf3D7_06_v3	400001	410000 	1.0	0
Pf3D7_06_v3	410001	420000 	1.0	0
Pf3D7_06_v3	420001	430000 	0.5	0
Pf3D7_06_v3	430001	440000 	1.0	0
Pf3D7_06_v3	440001	450000 	1.0	0
Pf3D7_06_v3	450001	460000 	1.0	0
Pf3D7_06_v3	460001	470000 	1.0	0
Pf3D7_06_v3	470001	480000 	1.0	0
Pf3D7_06_v3	480001	490000 	1.0	0
Pf3D7_06_v3	490001	500000 	1.0	0
Pf3D7_06_v3	500001	510000 	1.0	0
Pf3D7_06_v3	510001	520000 	1.0	0
Pf3D7_06_v3	520001	530000 	1.0	0
Pf3D7_06_v3	530001	540000 	0.5	0
Pf3D7_06_v3	540001	550000 	0.5	0
Pf3D7_06_v3	550001	560000 	1.0	0
Pf3D7_06_v3	560001	570000 	1.0	0
Pf3D7_06_v3	570001	580000 	0.5	0
Pf3D7_06_v3	580001	590000 	1.0	0
Pf3D7_06_v3	590001	600000 	0.5	0
Pf3D7_06_v3	600001	610000 	1.0	0
Pf3D7_06_v3	610001	620000 	1.0	0
Pf3D7_06_v3	620001	630000 	0.5	0
Pf3D7_06_v3	630001	640000 	1.0	0
Pf3D7_06_v3	640001	650000 	0.0	31
Pf3D7_06_v3	650001	660000 	0.5	31
Pf3D7_06_v3	660001	670000 	1.0	0
Pf3D7_06_v3	670001	680000 	1.0	0
Pf3D7_06_v3	680001	690000 	1.0	0
Pf3D7_06_v3	690001	700000 	1.0	0
Pf3D7_06_v3	700001	710000 	1.0	0
Pf3D7_06_v3	710001	720000 	1.0	0
Pf3D7_06_v3	720001	730000 	0.0	33
Pf3D7_06_v3	730001	740000 	0.0	33
Pf3D7_06_v3	740001	750000 	0.5	33
Pf3D7_06_v3	750001	760000 	1.0	0
Pf3D7_06_v3	760001	770000 	1.0	0
Pf3D7_06_v3	770001	780000 	1.0	0
Pf3D7_06_v3	780001	790000 	0.5	0
Pf3D7_06_v3	790001	800000 	0.5	26
Pf3D7_06_v3	800001	810000 	1.0	0
Pf3D7_06_v3	810001	820000 	1.0	0
Pf3D7_06_v3	820001	830000 	1.0	0
Pf3D7_06_v3	830001	840000 	1.0	0
Pf3D7_06_v3	840001	850000 	1.0	0
Pf3D7_06_v3	850001	860000 	0.5	0
Pf3D7_06_v3	860001	870000 	1.0	0
Pf3D7_06_v3	870001	880000 	0.5	0
Pf3D7_06_v3	880001	890000 	1.0	0
Pf3D7_06_v3	890001	900000 	0.5	0
Pf3D7_06_v3	900001	910000 	1.0	0
Pf3D7_06_v3	910001	920000 	1.0	0
Pf3D7_06_v3	920001	930000 	0.5	0
Pf3D7_06_v3	930001	940000 	1.0	0
Pf3D7_06_v3	940001	950000 	0.0	32
Pf3D7_06_v3	950001	960000 	1.0	0
Pf3D7_06_v3	960001	970000 	1.0	0
Pf3D7_06_v3	970001	980000 	0.5	0
Pf3D7_06_v3	980001	990000 	0.5	30
Pf3D7_06_v3	990001	1000000 	1.0	0
Pf3D7_06_v3	1000001	1010000 	1.0	0
Pf3D7_06_v3	1010001	1020000 	1.0	0
Pf3D7_06_v3	1020001	1030000 	1.0	0
Pf3D7_06_v3	1030001	1040000 	0.5	0
Pf3D7_06_v3	1040001	1050000 	0.5	0
Pf3D7_06_v3	1050001	1060000 	1.0	0
Pf3D7_06_v3	1060001	1070000 	0.5	0
Pf3D7_06_v3	1070001	1080000 	0.5	0
Pf3D7_06_v3	1080001	1090000 	0.5	0
Pf3D7_06_v3	1090001	1100000 	0.5	26
Pf3D7_06_v3	1100001	1110000 	1.0	0
Pf3D7_06_v3	1110001	1120000 	0.5	0
Pf3D7_06_v3	1120001	1130000 	1.0	0
Pf3D7_06_v3	1130001	1140000 	1.0	0
Pf3D7_06_v3	1140001	1150000 	1.0	0
Pf3D7_06_v3	1150001	1160000 	1.0	0
Pf3D7_06_v3	1160001	1170000 	1.0	0
Pf3D7_06_v3	1170001	1180000 	1.0	0
Pf3D7_06_v3	1180001	1190000 	1.0	0
Pf3D7_06_v3	1190001	1200000 	0.5	0
Pf3D7_06_v3	1200001	1210000 	1.0	0
Pf3D7_06_v3	1210001	1220000 	1.0	0
Pf3D7_06_v3	1220001	1230000 	1.0	0
Pf3D7_06_v3	1230001	1240000 	1.0	0
Pf3D7_06_v3	1240001	1250000 	0.0	28
Pf3D7_06_v3	1250001	1260000 	1.0	0
Pf3D7_06_v3	1260001	1270000 	1.0	0
Pf3D7_06_v3	1270001	1280000 	1.0	0
Pf3D7_06_v3	1280001	1290000 	1.0	0
Pf3D7_06_v3	1290001	1300000 	0.5	0
Pf3D7_06_v3	1300001	1310000 	0.0	31
Pf3D7_06_v3	1310001	1320000 	0.0	31
Pf3D7_06_v3	1320001	1330000 	0.0	29
Pf3D7_06_v3	1330001	1340000 	0.0	29
Pf3D7_06_v3	1340001	1350000 	0.0	29
Pf3D7_06_v3	1350001	1360000 	0.0	28
Pf3D7_06_v3	1360001	1370000 	0.0	28
Pf3D7_06_v3	1370001	1380000 	0.0	28
Pf3D7_06_v3	1380001	1390000 	0.0	32
Pf3D7_06_v3	1390001	1400000 	0.0	32
Pf3D7_06_v3	1400001	1410000 	0.0	32
Pf3D7_06_v3	1410001	1420000 	0.0	25
Pf3D7_07_v3	1	10000 	0.0	30
Pf3D7_07_v3	10001	20000 	0.0	30
Pf3D7_07_v3	20001	30000 	0.0	30
Pf3D7_07_v3	30001	40000 	0.0	26
Pf3D7_07_v3	40001	50000 	0.0	26
Pf3D7_07_v3	50001	60000 	0.0	26
Pf3D7_07_v3	60001	70000 	0.0	30
Pf3D7_07_v3	70001	80000 	0.0	30
Pf3D7_07_v3	80001	90000 	1.0	0
Pf3D7_07_v3	90001	100000 	0.5	0
Pf3D7_07_v3	100001	110000 	1.0	0
Pf3D7_07_v3	110001	120000 	1.0	0
Pf3D7_07_v3	120001	130000 	0.5	0
Pf3D7_07_v3	130001	140000 	1.0	0
Pf3D7_07_v3	140001	150000 	0.5	0
Pf3D7_07_v3	150001	160000 	1.0	0
Pf3D7_07_v3	160001	170000 	1.0	0
Pf3D7_07_v3	170001	180000 	0.5	0
Pf3D7_07_v3	180001	190000 	1.0	0
Pf3D7_07_v3	190001	200000 	1.0	0
Pf3D7_07_v3	200001	210000 	0.5	0
Pf3D7_07_v3	210001	220000 	0.5	0
Pf3D7_07_v3	220001	230000 	1.0	0
Pf3D7_07_v3	230001	240000 	1.0	0
Pf3D7_07_v3	240001	250000 	1.0	0
Pf3D7_07_v3	250001	260000 	1.0	0
Pf3D7_07_v3	260001	270000 	1.0	0
Pf3D7_07_v3	270001	280000 	1.0	0
Pf3D7_07_v3	280001	290000 	1.0	0
Pf3D7_07_v3	290001	300000 	1.0	0
Pf3D7_07_v3	300001	310000 	1.0	0
Pf3D7_07_v3	310001	320000 	1.0	0
Pf3D7_07_v3	320001	330000 	1.0	0
Pf3D7_07_v3	330001	340000 	1.0	0
Pf3D7_07_v3	340001	350000 	1.0	0
Pf3D7_07_v3	350001	360000 	0.5	0
Pf3D7_07_v3	360001	370000 	1.0	0
Pf3D7_07_v3	370001	380000 	1.0	0
Pf3D7_07_v3	380001	390000 	0.5	0
Pf3D7_07_v3	390001	400000 	0.5	0
Pf3D7_07_v3	400001	410000 	1.0	0
Pf3D7_07_v3	410001	420000 	1.0	0
Pf3D7_07_v3	420001	430000 	0.5	0
Pf3D7_07_v3	430001	440000 	1.0	0
Pf3D7_07_v3	440001	450000 	0.5	0
Pf3D7_07_v3	450001	460000 	1.0	0
Pf3D7_07_v3	460001	470000 	1.0	0
Pf3D7_07_v3	470001	480000 	1.0	0
Pf3D7_07_v3	480001	490000 	1.0	0
Pf3D7_07_v3	490001	500000 	0.5	0
Pf3D7_07_v3	500001	510000 	0.5	30
Pf3D7_07_v3	510001	520000 	0.0	29
Pf3D7_07_v3	520001	530000 	0.0	29
Pf3D7_07_v3	530001	540000 	0.0	29
Pf3D7_07_v3	540001	550000 	0.0	29
Pf3D7_07_v3	550001	560000 	0.0	29
Pf3D7_07_v3	560001	570000 	0.0	29
Pf3D7_07_v3	570001	580000 	0.0	30
Pf3D7_07_v3	580001	590000 	0.0	30
Pf3D7_07_v3	590001	600000 	0.0	30
Pf3D7_07_v3	600001	610000 	1.0	0
Pf3D7_07_v3	610001	620000 	0.5	0
Pf3D7_07_v3	620001	630000 	0.5	27
Pf3D7_07_v3	630001	640000 	1.0	0
Pf3D7_07_v3	640001	650000 	0.5	0
Pf3D7_07_v3	650001	660000 	0.5	28
Pf3D7_07_v3	660001	670000 	0.5	0
Pf3D7_07_v3	670001	680000 	0.5	27
Pf3D7_07_v3	680001	690000 	0.5	27
Pf3D7_07_v3	690001	700000 	0.5	32
Pf3D7_07_v3	700001	710000 	1.0	0
Pf3D7_07_v3	710001	720000 	0.5	0
Pf3D7_07_v3	720001	730000 	0.5	31
Pf3D7_07_v3	730001	740000 	1.0	0
Pf3D7_07_v3	740001	750000 	0.5	0
Pf3D7_07_v3	750001	760000 	1.0	1
Pf3D7_07_v3	760001	770000 	1.0	0
Pf3D7_07_v3	770001	780000 	1.0	0
Pf3D7_07_v3	780001	790000 	1.0	0
Pf3D7_07_v3	790001	800000 	1.0	0
Pf3D7_07_v3	800001	810000 	1.0	0
Pf3D7_07_v3	810001	820000 	1.0	0
Pf3D7_07_v3	820001	830000 	1.0	0
Pf3D7_07_v3	830001	840000 	1.0	0
Pf3D7_07_v3	840001	850000 	0.5	0
Pf3D7_07_v3	850001	860000 	1.0	0
Pf3D7_07_v3	860001	870000 	0.5	0
Pf3D7_07_v3	870001	880000 	1.0	0
Pf3D7_07_v3	880001	890000 	1.0	0
Pf3D7_07_v3	890001	900000 	1.0	0
Pf3D7_07_v3	900001	910000 	1.0	0
Pf3D7_07_v3	910001	920000 	0.5	0
Pf3D7_07_v3	920001	930000 	0.5	26
Pf3D7_07_v3	930001	940000 	1.0	0
Pf3D7_07_v3	940001	950000 	0.5	0
Pf3D7_07_v3	950001	960000 	0.5	29
Pf3D7_07_v3	960001	970000 	1.0	0
Pf3D7_07_v3	970001	980000 	1.0	0
Pf3D7_07_v3	980001	990000 	1.0	0
Pf3D7_07_v3	990001	1000000 	0.5	3
Pf3D7_07_v3	1000001	1010000 	1.0	0
Pf3D7_07_v3	1010001	1020000 	1.0	0
Pf3D7_07_v3	1020001	1030000 	1.0	0
Pf3D7_07_v3	1030001	1040000 	1.0	0
Pf3D7_07_v3	1040001	1050000 	0.5	0
Pf3D7_07_v3	1050001	1060000 	0.5	26
Pf3D7_07_v3	1060001	1070000 	1.0	0
Pf3D7_07_v3	1070001	1080000 	1.0	0
Pf3D7_07_v3	1080001	1090000 	0.0	29
Pf3D7_07_v3	1090001	1100000 	0.0	29
Pf3D7_07_v3	1100001	1110000 	1.0	0
Pf3D7_07_v3	1110001	1120000 	1.0	0
Pf3D7_07_v3	1120001	1130000 	1.0	0
Pf3D7_07_v3	1130001	1140000 	1.0	0
Pf3D7_07_v3	1140001	1150000 	0.0	29
Pf3D7_07_v3	1150001	1160000 	0.5	29
Pf3D7_07_v3	1160001	1170000 	0.5	0
Pf3D7_07_v3	1170001	1180000 	1.0	0
Pf3D7_07_v3	1180001	1190000 	1.0	0
Pf3D7_07_v3	1190001	1200000 	0.5	0
Pf3D7_07_v3	1200001	1210000 	1.0	0
Pf3D7_07_v3	1210001	1220000 	1.0	1
Pf3D7_07_v3	1220001	1230000 	1.0	0
Pf3D7_07_v3	1230001	1240000 	1.0	0
Pf3D7_07_v3	1240001	1250000 	1.0	0
Pf3D7_07_v3	1250001	1260000 	1.0	0
Pf3D7_07_v3	1260001	1270000 	1.0	0
Pf3D7_07_v3	1270001	1280000 	1.0	0
Pf3D7_07_v3	1280001	1290000 	0.0	29
Pf3D7_07_v3	1290001	1300000 	1.0	0
Pf3D7_07_v3	1300001	1310000 	1.0	0
Pf3D7_07_v3	1310001	1320000 	1.0	0
Pf3D7_07_v3	1320001	1330000 	0.5	0
Pf3D7_07_v3	1330001	1340000 	0.5	28
Pf3D7_07_v3	1340001	1350000 	0.5	0
Pf3D7_07_v3	1350001	1360000 	1.0	0
Pf3D7_07_v3	1360001	1370000 	1.0	0
Pf3D7_07_v3	1370001	1380000 	1.0	0
Pf3D7_07_v3	1380001	1390000 	0.0	29
Pf3D7_07_v3	1390001	1400000 	0.0	29
Pf3D7_07_v3	1400001	1410000 	0.0	29
Pf3D7_07_v3	1410001	1420000 	0.0	32
Pf3D7_07_v3	1420001	1430000 	0.0	32
Pf3D7_07_v3	1430001	1440000 	0.0	32
Pf3D7_07_v3	1440001	1450000 	0.0	29
Pf3D7_08_v3	1	10000 	0.0	30
Pf3D7_08_v3	10001	20000 	0.0	30
Pf3D7_08_v3	20001	30000 	0.0	30
Pf3D7_08_v3	30001	40000 	0.0	28
Pf3D7_08_v3	40001	50000 	0.0	28
Pf3D7_08_v3	50001	60000 	0.0	28
Pf3D7_08_v3	60001	70000 	0.0	25
Pf3D7_08_v3	70001	80000 	0.0	25
Pf3D7_08_v3	80001	90000 	1.0	0
Pf3D7_08_v3	90001	100000 	0.5	0
Pf3D7_08_v3	100001	110000 	1.0	0
Pf3D7_08_v3	110001	120000 	1.0	0
Pf3D7_08_v3	120001	130000 	1.0	0
Pf3D7_08_v3	130001	140000 	1.0	0
Pf3D7_08_v3	140001	150000 	1.0	0
Pf3D7_08_v3	150001	160000 	1.0	0
Pf3D7_08_v3	160001	170000 	1.0	0
Pf3D7_08_v3	170001	180000 	1.0	0
Pf3D7_08_v3	180001	190000 	1.0	0
Pf3D7_08_v3	190001	200000 	1.0	0
Pf3D7_08_v3	200001	210000 	0.5	0
Pf3D7_08_v3	210001	220000 	1.0	0
Pf3D7_08_v3	220001	230000 	0.5	0
Pf3D7_08_v3	230001	240000 	0.5	26
Pf3D7_08_v3	240001	250000 	0.5	1
Pf3D7_08_v3	250001	260000 	1.0	0
Pf3D7_08_v3	260001	270000 	1.0	0
Pf3D7_08_v3	270001	280000 	1.0	0
Pf3D7_08_v3	280001	290000 	1.0	0
Pf3D7_08_v3	290001	300000 	0.5	0
Pf3D7_08_v3	300001	310000 	1.0	0
Pf3D7_08_v3	310001	320000 	1.0	0
Pf3D7_08_v3	320001	330000 	0.5	0
Pf3D7_08_v3	330001	340000 	1.0	0
Pf3D7_08_v3	340001	350000 	0.5	0
Pf3D7_08_v3	350001	360000 	1.0	0
Pf3D7_08_v3	360001	370000 	1.0	0
Pf3D7_08_v3	370001	380000 	0.5	36
Pf3D7_08_v3	380001	390000 	0.5	36
Pf3D7_08_v3	390001	400000 	0.0	32
Pf3D7_08_v3	400001	410000 	1.0	0
Pf3D7_08_v3	410001	420000 	1.0	0
Pf3D7_08_v3	420001	430000 	0.5	0
Pf3D7_08_v3	430001	440000 	0.0	34
Pf3D7_08_v3	440001	450000 	0.0	34
Pf3D7_08_v3	450001	460000 	0.0	33
Pf3D7_08_v3	460001	470000 	0.0	33
Pf3D7_08_v3	470001	480000 	1.0	1
Pf3D7_08_v3	480001	490000 	1.0	0
Pf3D7_08_v3	490001	500000 	0.5	0
Pf3D7_08_v3	500001	510000 	1.0	0
Pf3D7_08_v3	510001	520000 	1.0	0
Pf3D7_08_v3	520001	530000 	1.0	0
Pf3D7_08_v3	530001	540000 	0.5	0
Pf3D7_08_v3	540001	550000 	1.0	0
Pf3D7_08_v3	550001	560000 	0.5	0
Pf3D7_08_v3	560001	570000 	1.0	0
Pf3D7_08_v3	570001	580000 	1.0	0
Pf3D7_08_v3	580001	590000 	1.0	0
Pf3D7_08_v3	590001	600000 	0.5	0
Pf3D7_08_v3	600001	610000 	1.0	0
Pf3D7_08_v3	610001	620000 	1.0	0
Pf3D7_08_v3	620001	630000 	1.0	0
Pf3D7_08_v3	630001	640000 	1.0	0
Pf3D7_08_v3	640001	650000 	0.5	0
Pf3D7_08_v3	650001	660000 	1.0	0
Pf3D7_08_v3	660001	670000 	1.0	0
Pf3D7_08_v3	670001	680000 	1.0	0
Pf3D7_08_v3	680001	690000 	1.0	0
Pf3D7_08_v3	690001	700000 	0.5	0
Pf3D7_08_v3	700001	710000 	0.5	33
Pf3D7_08_v3	710001	720000 	0.5	0
Pf3D7_08_v3	720001	730000 	0.5	30
Pf3D7_08_v3	730001	740000 	1.0	0
Pf3D7_08_v3	740001	750000 	0.5	0
Pf3D7_08_v3	750001	760000 	1.0	0
Pf3D7_08_v3	760001	770000 	1.0	0
Pf3D7_08_v3	770001	780000 	1.0	0
Pf3D7_08_v3	780001	790000 	0.5	0
Pf3D7_08_v3	790001	800000 	0.5	33
Pf3D7_08_v3	800001	810000 	1.0	1
Pf3D7_08_v3	810001	820000 	0.0	34
Pf3D7_08_v3	820001	830000 	0.5	34
Pf3D7_08_v3	830001	840000 	0.5	34
Pf3D7_08_v3	840001	850000 	1.0	1
Pf3D7_08_v3	850001	860000 	1.0	0
Pf3D7_08_v3	860001	870000 	1.0	0
Pf3D7_08_v3	870001	880000 	1.0	0
Pf3D7_08_v3	880001	890000 	0.5	0
Pf3D7_08_v3	890001	900000 	0.0	29
Pf3D7_08_v3	900001	910000 	1.0	0
Pf3D7_08_v3	910001	920000 	0.0	29
Pf3D7_08_v3	920001	930000 	1.0	0
Pf3D7_08_v3	930001	940000 	0.5	0
Pf3D7_08_v3	940001	950000 	0.5	31
Pf3D7_08_v3	950001	960000 	1.0	0
Pf3D7_08_v3	960001	970000 	1.0	0
Pf3D7_08_v3	970001	980000 	0.5	0
Pf3D7_08_v3	980001	990000 	1.0	0
Pf3D7_08_v3	990001	1000000 	0.5	0
Pf3D7_08_v3	1000001	1010000 	1.0	0
Pf3D7_08_v3	1010001	1020000 	1.0	0
Pf3D7_08_v3	1020001	1030000 	1.0	0
Pf3D7_08_v3	1030001	1040000 	1.0	0
Pf3D7_08_v3	1040001	1050000 	0.5	0
Pf3D7_08_v3	1050001	1060000 	1.0	0
Pf3D7_08_v3	1060001	1070000 	1.0	0
Pf3D7_08_v3	1070001	1080000 	1.0	0
Pf3D7_08_v3	1080001	1090000 	1.0	0
Pf3D7_08_v3	1090001	1100000 	1.0	0
Pf3D7_08_v3	1100001	1110000 	1.0	0
Pf3D7_08_v3	1110001	1120000 	1.0	0
Pf3D7_08_v3	1120001	1130000 	1.0	0
Pf3D7_08_v3	1130001	1140000 	1.0	0
Pf3D7_08_v3	1140001	1150000 	0.5	0
Pf3D7_08_v3	1150001	1160000 	1.0	0
Pf3D7_08_v3	1160001	1170000 	1.0	0
Pf3D7_08_v3	1170001	1180000 	1.0	0
Pf3D7_08_v3	1180001	1190000 	1.0	0
Pf3D7_08_v3	1190001	1200000 	0.0	31
Pf3D7_08_v3	1200001	1210000 	1.0	0
Pf3D7_08_v3	1210001	1220000 	1.0	0
Pf3D7_08_v3	1220001	1230000 	1.0	0
Pf3D7_08_v3	1230001	1240000 	1.0	0
Pf3D7_08_v3	1240001	1250000 	0.5	0
Pf3D7_08_v3	1250001	1260000 	1.0	0
Pf3D7_08_v3	1260001	1270000 	1.0	0
Pf3D7_08_v3	1270001	1280000 	0.5	0
Pf3D7_08_v3	1280001	1290000 	1.0	0
Pf3D7_08_v3	1290001	1300000 	1.0	0
Pf3D7_08_v3	1300001	1310000 	1.0	0
Pf3D7_08_v3	1310001	1320000 	1.0	0
Pf3D7_08_v3	1320001	1330000 	0.5	0
Pf3D7_08_v3	1330001	1340000 	1.0	0
Pf3D7_08_v3	1340001	1350000 	0.5	0
Pf3D7_08_v3	1350001	1360000 	1.0	0
Pf3D7_08_v3	1360001	1370000 	0.5	0
Pf3D7_08_v3	1370001	1380000 	0.0	28
Pf3D7_08_v3	1380001	1390000 	0.0	26
Pf3D7_08_v3	1390001	1400000 	0.0	26
Pf3D7_08_v3	1400001	1410000 	0.0	26
Pf3D7_08_v3	1410001	1420000 	0.0	27
Pf3D7_08_v3	1420001	1430000 	0.0	27
Pf3D7_08_v3	1430001	1440000 	0.0	27
Pf3D7_08_v3	1440001	1450000 	0.0	28
Pf3D7_08_v3	1450001	1460000 	0.0	28
Pf3D7_08_v3	1460001	1470000 	0.0	28
Pf3D7_08_v3	1470001	1480000 	0.0	29
Pf3D7_09_v3	1	10000 	0.0	31
Pf3D7_09_v3	10001	20000 	0.0	31
Pf3D7_09_v3	20001	30000 	0.0	31
Pf3D7_09_v3	30001	40000 	0.0	32
Pf3D7_09_v3	40001	50000 	0.0	32
Pf3D7_09_v3	50001	60000 	0.0	32
Pf3D7_09_v3	60001	70000 	0.0	28
Pf3D7_09_v3	70001	80000 	0.0	28
Pf3D7_09_v3	80001	90000 	1.0	0
Pf3D7_09_v3	90001	100000 	1.0	0
Pf3D7_09_v3	100001	110000 	1.0	0
Pf3D7_09_v3	110001	120000 	1.0	0
Pf3D7_09_v3	120001	130000 	1.0	0
Pf3D7_09_v3	130001	140000 	1.0	0
Pf3D7_09_v3	140001	150000 	1.0	0
Pf3D7_09_v3	150001	160000 	1.0	0
Pf3D7_09_v3	160001	170000 	1.0	0
Pf3D7_09_v3	170001	180000 	0.0	25
Pf3D7_09_v3	180001	190000 	1.0	0
Pf3D7_09_v3	190001	200000 	1.0	0
Pf3D7_09_v3	200001	210000 	0.5	0
Pf3D7_09_v3	210001	220000 	0.5	29
Pf3D7_09_v3	220001	230000 	1.0	0
Pf3D7_09_v3	230001	240000 	1.0	0
Pf3D7_09_v3	240001	250000 	1.0	0
Pf3D7_09_v3	250001	260000 	1.0	0
Pf3D7_09_v3	260001	270000 	1.0	0
Pf3D7_09_v3	270001	280000 	1.0	0
Pf3D7_09_v3	280001	290000 	1.0	0
Pf3D7_09_v3	290001	300000 	1.0	0
Pf3D7_09_v3	300001	310000 	1.0	0
Pf3D7_09_v3	310001	320000 	1.0	0
Pf3D7_09_v3	320001	330000 	1.0	0
Pf3D7_09_v3	330001	340000 	0.5	0
Pf3D7_09_v3	340001	350000 	0.5	33
Pf3D7_09_v3	350001	360000 	1.0	0
Pf3D7_09_v3	360001	370000 	0.5	0
Pf3D7_09_v3	370001	380000 	0.5	0
Pf3D7_09_v3	380001	390000 	1.0	0
Pf3D7_09_v3	390001	400000 	1.0	0
Pf3D7_09_v3	400001	410000 	1.0	0
Pf3D7_09_v3	410001	420000 	0.5	0
Pf3D7_09_v3	420001	430000 	1.0	0
Pf3D7_09_v3	430001	440000 	1.0	0
Pf3D7_09_v3	440001	450000 	1.0	0
Pf3D7_09_v3	450001	460000 	1.0	0
Pf3D7_09_v3	460001	470000 	0.5	0
Pf3D7_09_v3	470001	480000 	1.0	0
Pf3D7_09_v3	480001	490000 	1.0	0
Pf3D7_09_v3	490001	500000 	0.5	0
Pf3D7_09_v3	500001	510000 	1.0	0
Pf3D7_09_v3	510001	520000 	1.0	0
Pf3D7_09_v3	520001	530000 	1.0	0
Pf3D7_09_v3	530001	540000 	1.0	0
Pf3D7_09_v3	540001	550000 	1.0	0
Pf3D7_09_v3	550001	560000 	1.0	0
Pf3D7_09_v3	560001	570000 	1.0	0
Pf3D7_09_v3	570001	580000 	1.0	0
Pf3D7_09_v3	580001	590000 	1.0	0
Pf3D7_09_v3	590001	600000 	0.5	0
Pf3D7_09_v3	600001	610000 	1.0	0
Pf3D7_09_v3	610001	620000 	1.0	0
Pf3D7_09_v3	620001	630000 	0.5	0
Pf3D7_09_v3	630001	640000 	1.0	0
Pf3D7_09_v3	640001	650000 	1.0	0
Pf3D7_09_v3	650001	660000 	1.0	0
Pf3D7_09_v3	660001	670000 	1.0	0
Pf3D7_09_v3	670001	680000 	1.0	0
Pf3D7_09_v3	680001	690000 	0.5	0
Pf3D7_09_v3	690001	700000 	0.5	31
Pf3D7_09_v3	700001	710000 	0.0	31
Pf3D7_09_v3	710001	720000 	1.0	0
Pf3D7_09_v3	720001	730000 	1.0	0
Pf3D7_09_v3	730001	740000 	1.0	0
Pf3D7_09_v3	740001	750000 	0.0	26
Pf3D7_09_v3	750001	760000 	1.0	0
Pf3D7_09_v3	760001	770000 	0.0	29
Pf3D7_09_v3	770001	780000 	0.5	29
Pf3D7_09_v3	780001	790000 	1.0	0
Pf3D7_09_v3	790001	800000 	0.5	0
Pf3D7_09_v3	800001	810000 	0.5	29
Pf3D7_09_v3	810001	820000 	0.5	0
Pf3D7_09_v3	820001	830000 	1.0	0
Pf3D7_09_v3	830001	840000 	0.5	0
Pf3D7_09_v3	840001	850000 	1.0	0
Pf3D7_09_v3	850001	860000 	1.0	0
Pf3D7_09_v3	860001	870000 	1.0	0
Pf3D7_09_v3	870001	880000 	1.0	0
Pf3D7_09_v3	880001	890000 	1.0	0
Pf3D7_09_v3	890001	900000 	0.5	0
Pf3D7_09_v3	900001	910000 	1.0	0
Pf3D7_09_v3	910001	920000 	1.0	0
Pf3D7_09_v3	920001	930000 	1.0	0
Pf3D7_09_v3	930001	940000 	1.0	0
Pf3D7_09_v3	940001	950000 	0.5	0
Pf3D7_09_v3	950001	960000 	0.5	31
Pf3D7_09_v3	960001	970000 	0.5	31
Pf3D7_09_v3	970001	980000 	1.0	0
Pf3D7_09_v3	980001	990000 	0.5	0
Pf3D7_09_v3	990001	1000000 	1.0	0
Pf3D7_09_v3	1000001	1010000 	0.5	0
Pf3D7_09_v3	1010001	1020000 	0.5	33
Pf3D7_09_v3	1020001	1030000 	1.0	0
Pf3D7_09_v3	1030001	1040000 	1.0	0
Pf3D7_09_v3	1040001	1050000 	0.5	0
Pf3D7_09_v3	1050001	1060000 	1.0	0
Pf3D7_09_v3	1060001	1070000 	1.0	0
Pf3D7_09_v3	1070001	1080000 	0.5	0
Pf3D7_09_v3	1080001	1090000 	1.0	0
Pf3D7_09_v3	1090001	1100000 	0.5	0
Pf3D7_09_v3	1100001	1110000 	1.0	0
Pf3D7_09_v3	1110001	1120000 	1.0	0
Pf3D7_09_v3	1120001	1130000 	0.5	0
Pf3D7_09_v3	1130001	1140000 	0.5	26
Pf3D7_09_v3	1140001	1150000 	0.5	0
Pf3D7_09_v3	1150001	1160000 	1.0	0
Pf3D7_09_v3	1160001	1170000 	1.0	0
Pf3D7_09_v3	1170001	1180000 	1.0	0
Pf3D7_09_v3	1180001	1190000 	1.0	0
Pf3D7_09_v3	1190001	1200000 	0.5	0
Pf3D7_09_v3	1200001	1210000 	1.0	0
Pf3D7_09_v3	1210001	1220000 	1.0	0
Pf3D7_09_v3	1220001	1230000 	1.0	0
Pf3D7_09_v3	1230001	1240000 	1.0	0
Pf3D7_09_v3	1240001	1250000 	1.0	0
Pf3D7_09_v3	1250001	1260000 	0.5	0
Pf3D7_09_v3	1260001	1270000 	0.0	30
Pf3D7_09_v3	1270001	1280000 	0.0	30
Pf3D7_09_v3	1280001	1290000 	0.5	30
Pf3D7_09_v3	1290001	1300000 	1.0	0
Pf3D7_09_v3	1300001	1310000 	0.5	0
Pf3D7_09_v3	1310001	1320000 	0.5	28
Pf3D7_09_v3	1320001	1330000 	1.0	0
Pf3D7_09_v3	1330001	1340000 	1.0	0
Pf3D7_09_v3	1340001	1350000 	0.5	0
Pf3D7_09_v3	1350001	1360000 	1.0	1
Pf3D7_09_v3	1360001	1370000 	0.0	31
Pf3D7_09_v3	1370001	1380000 	1.0	1
Pf3D7_09_v3	1380001	1390000 	0.5	4
Pf3D7_09_v3	1390001	1400000 	0.5	36
Pf3D7_09_v3	1400001	1410000 	0.5	36
Pf3D7_09_v3	1410001	1420000 	1.0	0
Pf3D7_09_v3	1420001	1430000 	0.5	0
Pf3D7_09_v3	1430001	1440000 	1.0	0
Pf3D7_09_v3	1440001	1450000 	0.5	0
Pf3D7_09_v3	1450001	1460000 	0.5	34
Pf3D7_09_v3	1460001	1470000 	1.0	0
Pf3D7_09_v3	1470001	1480000 	0.0	28
Pf3D7_09_v3	1480001	1490000 	0.0	28
Pf3D7_09_v3	1490001	1500000 	0.0	28
Pf3D7_09_v3	1500001	1510000 	0.0	23
Pf3D7_09_v3	1510001	1520000 	0.0	23
Pf3D7_09_v3	1520001	1530000 	0.0	23
Pf3D7_09_v3	1530001	1540000 	0.0	29
Pf3D7_09_v3	1540001	1550000 	0.0	29
Pf3D7_10_v3	1	10000 	0.0	27
Pf3D7_10_v3	10001	20000 	0.0	27
Pf3D7_10_v3	20001	30000 	0.0	27
Pf3D7_10_v3	30001	40000 	0.0	30
Pf3D7_10_v3	40001	50000 	0.0	30
Pf3D7_10_v3	50001	60000 	0.0	30
Pf3D7_10_v3	60001	70000 	0.5	30
Pf3D7_10_v3	70001	80000 	1.0	0
Pf3D7_10_v3	80001	90000 	1.0	0
Pf3D7_10_v3	90001	100000 	1.0	0
Pf3D7_10_v3	100001	110000 	1.0	0
Pf3D7_10_v3	110001	120000 	1.0	0
Pf3D7_10_v3	120001	130000 	1.0	0
Pf3D7_10_v3	130001	140000 	1.0	0
Pf3D7_10_v3	140001	150000 	0.5	0
Pf3D7_10_v3	150001	160000 	1.0	0
Pf3D7_10_v3	160001	170000 	1.0	0
Pf3D7_10_v3	170001	180000 	1.0	0
Pf3D7_10_v3	180001	190000 	1.0	0
Pf3D7_10_v3	190001	200000 	0.5	0
Pf3D7_10_v3	200001	210000 	1.0	0
Pf3D7_10_v3	210001	220000 	1.0	0
Pf3D7_10_v3	220001	230000 	1.0	0
Pf3D7_10_v3	230001	240000 	1.0	0
Pf3D7_10_v3	240001	250000 	0.5	0
Pf3D7_10_v3	250001	260000 	0.5	29
Pf3D7_10_v3	260001	270000 	1.0	0
Pf3D7_10_v3	270001	280000 	1.0	0
Pf3D7_10_v3	280001	290000 	0.5	0
Pf3D7_10_v3	290001	300000 	0.5	32
Pf3D7_10_v3	300001	310000 	1.0	0
Pf3D7_10_v3	310001	320000 	1.0	0
Pf3D7_10_v3	320001	330000 	0.5	0
Pf3D7_10_v3	330001	340000 	1.0	0
Pf3D7_10_v3	340001	350000 	0.5	0
Pf3D7_10_v3	350001	360000 	1.0	0
Pf3D7_10_v3	360001	370000 	1.0	0
Pf3D7_10_v3	370001	380000 	1.0	0
Pf3D7_10_v3	380001	390000 	0.0	26
Pf3D7_10_v3	390001	400000 	1.0	0
Pf3D7_10_v3	400001	410000 	1.0	0
Pf3D7_10_v3	410001	420000 	1.0	0
Pf3D7_10_v3	420001	430000 	0.5	1
Pf3D7_10_v3	430001	440000 	0.5	0
Pf3D7_10_v3	440001	450000 	0.5	0
Pf3D7_10_v3	450001	460000 	1.0	0
Pf3D7_10_v3	460001	470000 	1.0	0
Pf3D7_10_v3	470001	480000 	1.0	0
Pf3D7_10_v3	480001	490000 	1.0	0
Pf3D7_10_v3	490001	500000 	0.0	28
Pf3D7_10_v3	500001	510000 	1.0	0
Pf3D7_10_v3	510001	520000 	1.0	0
Pf3D7_10_v3	520001	530000 	1.0	0
Pf3D7_10_v3	530001	540000 	1.0	0
Pf3D7_10_v3	540001	550000 	1.0	0
Pf3D7_10_v3	550001	560000 	1.0	0
Pf3D7_10_v3	560001	570000 	1.0	0
Pf3D7_10_v3	570001	580000 	1.0	0
Pf3D7_10_v3	580001	590000 	1.0	0
Pf3D7_10_v3	590001	600000 	0.5	0
Pf3D7_10_v3	600001	610000 	1.0	0
Pf3D7_10_v3	610001	620000 	1.0	0
Pf3D7_10_v3	620001	630000 	1.0	0
Pf3D7_10_v3	630001	640000 	1.0	0
Pf3D7_10_v3	640001	650000 	0.5	0
Pf3D7_10_v3	650001	660000 	0.5	27
Pf3D7_10_v3	660001	670000 	1.0	0
Pf3D7_10_v3	670001	680000 	1.0	0
Pf3D7_10_v3	680001	690000 	1.0	0
Pf3D7_10_v3	690001	700000 	0.5	0
Pf3D7_10_v3	700001	710000 	1.0	0
Pf3D7_10_v3	710001	720000 	1.0	0
Pf3D7_10_v3	720001	730000 	1.0	0
Pf3D7_10_v3	730001	740000 	0.5	0
Pf3D7_10_v3	740001	750000 	0.0	32
Pf3D7_10_v3	750001	760000 	1.0	0
Pf3D7_10_v3	760001	770000 	1.0	0
Pf3D7_10_v3	770001	780000 	0.5	0
Pf3D7_10_v3	780001	790000 	1.0	0
Pf3D7_10_v3	790001	800000 	1.0	0
Pf3D7_10_v3	800001	810000 	1.0	0
Pf3D7_10_v3	810001	820000 	1.0	0
Pf3D7_10_v3	820001	830000 	1.0	0
Pf3D7_10_v3	830001	840000 	1.0	0
Pf3D7_10_v3	840001	850000 	0.0	29
Pf3D7_10_v3	850001	860000 	1.0	0
Pf3D7_10_v3	860001	870000 	1.0	0
Pf3D7_10_v3	870001	880000 	1.0	0
Pf3D7_10_v3	880001	890000 	0.5	0
Pf3D7_10_v3	890001	900000 	1.0	0
Pf3D7_10_v3	900001	910000 	0.5	0
Pf3D7_10_v3	910001	920000 	0.5	1
Pf3D7_10_v3	920001	930000 	1.0	0
Pf3D7_10_v3	930001	940000 	0.5	0
Pf3D7_10_v3	940001	950000 	0.5	29
Pf3D7_10_v3	950001	960000 	0.5	29
Pf3D7_10_v3	960001	970000 	1.0	0
Pf3D7_10_v3	970001	980000 	1.0	0
Pf3D7_10_v3	980001	990000 	1.0	0
Pf3D7_10_v3	990001	1000000 	0.5	0
Pf3D7_10_v3	1000001	1010000 	1.0	0
Pf3D7_10_v3	1010001	1020000 	1.0	0
Pf3D7_10_v3	1020001	1030000 	1.0	0
Pf3D7_10_v3	1030001	1040000 	1.0	2
Pf3D7_10_v3	1040001	1050000 	0.5	0
Pf3D7_10_v3	1050001	1060000 	0.5	31
Pf3D7_10_v3	1060001	1070000 	0.5	0
Pf3D7_10_v3	1070001	1080000 	1.0	0
Pf3D7_10_v3	1080001	1090000 	1.0	0
Pf3D7_10_v3	1090001	1100000 	0.0	26
Pf3D7_10_v3	1100001	1110000 	0.5	26
Pf3D7_10_v3	1110001	1120000 	0.5	29
Pf3D7_10_v3	1120001	1130000 	1.0	0
Pf3D7_10_v3	1130001	1140000 	1.0	0
Pf3D7_10_v3	1140001	1150000 	0.5	0
Pf3D7_10_v3	1150001	1160000 	1.0	0
Pf3D7_10_v3	1160001	1170000 	0.5	0
Pf3D7_10_v3	1170001	1180000 	0.5	25
Pf3D7_10_v3	1180001	1190000 	0.5	0
Pf3D7_10_v3	1190001	1200000 	1.0	0
Pf3D7_10_v3	1200001	1210000 	1.0	0
Pf3D7_10_v3	1210001	1220000 	1.0	0
Pf3D7_10_v3	1220001	1230000 	1.0	0
Pf3D7_10_v3	1230001	1240000 	0.5	0
Pf3D7_10_v3	1240001	1250000 	0.5	32
Pf3D7_10_v3	1250001	1260000 	1.0	0
Pf3D7_10_v3	1260001	1270000 	0.5	0
Pf3D7_10_v3	1270001	1280000 	1.0	0
Pf3D7_10_v3	1280001	1290000 	0.5	0
Pf3D7_10_v3	1290001	1300000 	0.0	29
Pf3D7_10_v3	1300001	1310000 	1.0	0
Pf3D7_10_v3	1310001	1320000 	0.5	0
Pf3D7_10_v3	1320001	1330000 	0.5	25
Pf3D7_10_v3	1330001	1340000 	0.5	25
Pf3D7_10_v3	1340001	1350000 	0.5	0
Pf3D7_10_v3	1350001	1360000 	1.0	0
Pf3D7_10_v3	1360001	1370000 	1.0	0
Pf3D7_10_v3	1370001	1380000 	0.5	0
Pf3D7_10_v3	1380001	1390000 	0.5	36
Pf3D7_10_v3	1390001	1400000 	0.5	21
Pf3D7_10_v3	1400001	1410000 	0.5	36
Pf3D7_10_v3	1410001	1420000 	1.0	0
Pf3D7_10_v3	1420001	1430000 	0.5	0
Pf3D7_10_v3	1430001	1440000 	0.5	0
Pf3D7_10_v3	1440001	1450000 	0.5	26
Pf3D7_10_v3	1450001	1460000 	1.0	0
Pf3D7_10_v3	1460001	1470000 	0.5	0
Pf3D7_10_v3	1470001	1480000 	1.0	0
Pf3D7_10_v3	1480001	1490000 	1.0	0
Pf3D7_10_v3	1490001	1500000 	1.0	0
Pf3D7_10_v3	1500001	1510000 	1.0	0
Pf3D7_10_v3	1510001	1520000 	1.0	0
Pf3D7_10_v3	1520001	1530000 	0.0	30
Pf3D7_10_v3	1530001	1540000 	1.0	0
Pf3D7_10_v3	1540001	1550000 	0.0	27
Pf3D7_10_v3	1550001	1560000 	1.0	0
Pf3D7_10_v3	1560001	1570000 	1.0	0
Pf3D7_10_v3	1570001	1580000 	0.0	28
Pf3D7_10_v3	1580001	1590000 	0.0	28
Pf3D7_10_v3	1590001	1600000 	0.0	32
Pf3D7_10_v3	1600001	1610000 	0.0	32
Pf3D7_10_v3	1610001	1620000 	0.0	32
Pf3D7_10_v3	1620001	1630000 	0.0	29
Pf3D7_10_v3	1630001	1640000 	0.0	29
Pf3D7_10_v3	1640001	1650000 	0.0	29
Pf3D7_10_v3	1650001	1660000 	0.0	28
Pf3D7_10_v3	1660001	1670000 	0.0	28
Pf3D7_10_v3	1670001	1680000 	0.0	28
Pf3D7_10_v3	1680001	1690000 	0.0	26
Pf3D7_11_v3	1	10000 	0.0	31
Pf3D7_11_v3	10001	20000 	0.0	31
Pf3D7_11_v3	20001	30000 	0.0	31
Pf3D7_11_v3	30001	40000 	0.0	30
Pf3D7_11_v3	40001	50000 	0.0	30
Pf3D7_11_v3	50001	60000 	0.0	30
Pf3D7_11_v3	60001	70000 	0.0	29
Pf3D7_11_v3	70001	80000 	0.0	29
Pf3D7_11_v3	80001	90000 	0.0	29
Pf3D7_11_v3	90001	100000 	0.0	31
Pf3D7_11_v3	100001	110000 	0.0	31
Pf3D7_11_v3	110001	120000 	0.5	31
Pf3D7_11_v3	120001	130000 	0.5	0
Pf3D7_11_v3	130001	140000 	1.0	0
Pf3D7_11_v3	140001	150000 	1.0	0
Pf3D7_11_v3	150001	160000 	1.0	0
Pf3D7_11_v3	160001	170000 	1.0	0
Pf3D7_11_v3	170001	180000 	1.0	0
Pf3D7_11_v3	180001	190000 	1.0	0
Pf3D7_11_v3	190001	200000 	0.5	0
Pf3D7_11_v3	200001	210000 	1.0	0
Pf3D7_11_v3	210001	220000 	1.0	0
Pf3D7_11_v3	220001	230000 	0.5	0
Pf3D7_11_v3	230001	240000 	1.0	0
Pf3D7_11_v3	240001	250000 	0.0	32
Pf3D7_11_v3	250001	260000 	0.5	32
Pf3D7_11_v3	260001	270000 	0.5	32
Pf3D7_11_v3	270001	280000 	1.0	0
Pf3D7_11_v3	280001	290000 	0.5	0
Pf3D7_11_v3	290001	300000 	1.0	0
Pf3D7_11_v3	300001	310000 	0.5	0
Pf3D7_11_v3	310001	320000 	1.0	0
Pf3D7_11_v3	320001	330000 	1.0	0
Pf3D7_11_v3	330001	340000 	0.5	0
Pf3D7_11_v3	340001	350000 	0.0	35
Pf3D7_11_v3	350001	360000 	1.0	0
Pf3D7_11_v3	360001	370000 	1.0	0
Pf3D7_11_v3	370001	380000 	1.0	0
Pf3D7_11_v3	380001	390000 	1.0	0
Pf3D7_11_v3	390001	400000 	0.5	0
Pf3D7_11_v3	400001	410000 	0.0	29
Pf3D7_11_v3	410001	420000 	1.0	0
Pf3D7_11_v3	420001	430000 	1.0	0
Pf3D7_11_v3	430001	440000 	1.0	0
Pf3D7_11_v3	440001	450000 	1.0	0
Pf3D7_11_v3	450001	460000 	1.0	0
Pf3D7_11_v3	460001	470000 	1.0	0
Pf3D7_11_v3	470001	480000 	1.0	0
Pf3D7_11_v3	480001	490000 	1.0	0
Pf3D7_11_v3	490001	500000 	1.0	0
Pf3D7_11_v3	500001	510000 	1.0	0
Pf3D7_11_v3	510001	520000 	1.0	0
Pf3D7_11_v3	520001	530000 	1.0	0
Pf3D7_11_v3	530001	540000 	0.5	0
Pf3D7_11_v3	540001	550000 	0.5	1
Pf3D7_11_v3	550001	560000 	0.5	27
Pf3D7_11_v3	560001	570000 	1.0	0
Pf3D7_11_v3	570001	580000 	1.0	0
Pf3D7_11_v3	580001	590000 	0.5	0
Pf3D7_11_v3	590001	600000 	0.0	30
Pf3D7_11_v3	600001	610000 	0.5	27
Pf3D7_11_v3	610001	620000 	0.5	0
Pf3D7_11_v3	620001	630000 	1.0	0
Pf3D7_11_v3	630001	640000 	0.5	0
Pf3D7_11_v3	640001	650000 	1.0	0
Pf3D7_11_v3	650001	660000 	1.0	0
Pf3D7_11_v3	660001	670000 	0.5	0
Pf3D7_11_v3	670001	680000 	0.5	0
Pf3D7_11_v3	680001	690000 	1.0	0
Pf3D7_11_v3	690001	700000 	0.5	0
Pf3D7_11_v3	700001	710000 	1.0	0
Pf3D7_11_v3	710001	720000 	1.0	0
Pf3D7_11_v3	720001	730000 	0.5	0
Pf3D7_11_v3	730001	740000 	1.0	0
Pf3D7_11_v3	740001	750000 	0.5	0
Pf3D7_11_v3	750001	760000 	0.5	29
Pf3D7_11_v3	760001	770000 	0.5	29
Pf3D7_11_v3	770001	780000 	0.5	0
Pf3D7_11_v3	780001	790000 	0.5	0
Pf3D7_11_v3	790001	800000 	1.0	0
Pf3D7_11_v3	800001	810000 	1.0	0
Pf3D7_11_v3	810001	820000 	1.0	0
Pf3D7_11_v3	820001	830000 	1.0	0
Pf3D7_11_v3	830001	840000 	0.5	0
Pf3D7_11_v3	840001	850000 	1.0	0
Pf3D7_11_v3	850001	860000 	1.0	0
Pf3D7_11_v3	860001	870000 	1.0	0
Pf3D7_11_v3	870001	880000 	1.0	0
Pf3D7_11_v3	880001	890000 	1.0	0
Pf3D7_11_v3	890001	900000 	1.0	0
Pf3D7_11_v3	900001	910000 	1.0	0
Pf3D7_11_v3	910001	920000 	1.0	0
Pf3D7_11_v3	920001	930000 	0.5	0
Pf3D7_11_v3	930001	940000 	0.5	0
Pf3D7_11_v3	940001	950000 	0.5	0
Pf3D7_11_v3	950001	960000 	1.0	2
Pf3D7_11_v3	960001	970000 	1.0	0
Pf3D7_11_v3	970001	980000 	0.5	0
Pf3D7_11_v3	980001	990000 	1.0	0
Pf3D7_11_v3	990001	1000000 	1.0	0
Pf3D7_11_v3	1000001	1010000 	1.0	0
Pf3D7_11_v3	1010001	1020000 	0.5	0
Pf3D7_11_v3	1020001	1030000 	0.5	32
Pf3D7_11_v3	1030001	1040000 	1.0	0
Pf3D7_11_v3	1040001	1050000 	0.5	0
Pf3D7_11_v3	1050001	1060000 	1.0	0
Pf3D7_11_v3	1060001	1070000 	1.0	0
Pf3D7_11_v3	1070001	1080000 	1.0	0
Pf3D7_11_v3	1080001	1090000 	0.5	0
Pf3D7_11_v3	1090001	1100000 	1.0	0
Pf3D7_11_v3	1100001	1110000 	1.0	0
Pf3D7_11_v3	1110001	1120000 	0.5	0
Pf3D7_11_v3	1120001	1130000 	1.0	0
Pf3D7_11_v3	1130001	1140000 	1.0	0
Pf3D7_11_v3	1140001	1150000 	0.5	0
Pf3D7_11_v3	1150001	1160000 	1.0	0
Pf3D7_11_v3	1160001	1170000 	0.5	1
Pf3D7_11_v3	1170001	1180000 	0.0	25
Pf3D7_11_v3	1180001	1190000 	0.5	25
Pf3D7_11_v3	1190001	1200000 	0.5	25
Pf3D7_11_v3	1200001	1210000 	1.0	0
Pf3D7_11_v3	1210001	1220000 	0.5	0
Pf3D7_11_v3	1220001	1230000 	1.0	0
Pf3D7_11_v3	1230001	1240000 	0.5	1
Pf3D7_11_v3	1240001	1250000 	0.5	30
Pf3D7_11_v3	1250001	1260000 	1.0	0
Pf3D7_11_v3	1260001	1270000 	1.0	0
Pf3D7_11_v3	1270001	1280000 	0.5	0
Pf3D7_11_v3	1280001	1290000 	0.5	27
Pf3D7_11_v3	1290001	1300000 	1.0	0
Pf3D7_11_v3	1300001	1310000 	1.0	0
Pf3D7_11_v3	1310001	1320000 	1.0	0
Pf3D7_11_v3	1320001	1330000 	1.0	0
Pf3D7_11_v3	1330001	1340000 	1.0	0
Pf3D7_11_v3	1340001	1350000 	1.0	0
Pf3D7_11_v3	1350001	1360000 	0.5	0
Pf3D7_11_v3	1360001	1370000 	0.5	29
Pf3D7_11_v3	1370001	1380000 	1.0	0
Pf3D7_11_v3	1380001	1390000 	0.5	0
Pf3D7_11_v3	1390001	1400000 	0.5	0
Pf3D7_11_v3	1400001	1410000 	1.0	2
Pf3D7_11_v3	1410001	1420000 	0.5	0
Pf3D7_11_v3	1420001	1430000 	0.5	1
Pf3D7_11_v3	1430001	1440000 	1.0	0
Pf3D7_11_v3	1440001	1450000 	0.5	0
Pf3D7_11_v3	1450001	1460000 	1.0	0
Pf3D7_11_v3	1460001	1470000 	1.0	0
Pf3D7_11_v3	1470001	1480000 	1.0	0
Pf3D7_11_v3	1480001	1490000 	0.5	0
Pf3D7_11_v3	1490001	1500000 	0.5	30
Pf3D7_11_v3	1500001	1510000 	1.0	0
Pf3D7_11_v3	1510001	1520000 	1.0	0
Pf3D7_11_v3	1520001	1530000 	0.5	0
Pf3D7_11_v3	1530001	1540000 	1.0	0
Pf3D7_11_v3	1540001	1550000 	1.0	0
Pf3D7_11_v3	1550001	1560000 	1.0	0
Pf3D7_11_v3	1560001	1570000 	1.0	0
Pf3D7_11_v3	1570001	1580000 	0.5	0
Pf3D7_11_v3	1580001	1590000 	1.0	0
Pf3D7_11_v3	1590001	1600000 	0.5	0
Pf3D7_11_v3	1600001	1610000 	1.0	0
Pf3D7_11_v3	1610001	1620000 	1.0	0
Pf3D7_11_v3	1620001	1630000 	0.5	0
Pf3D7_11_v3	1630001	1640000 	0.5	29
Pf3D7_11_v3	1640001	1650000 	1.0	0
Pf3D7_11_v3	1650001	1660000 	1.0	0
Pf3D7_11_v3	1660001	1670000 	1.0	0
Pf3D7_11_v3	1670001	1680000 	1.0	0
Pf3D7_11_v3	1680001	1690000 	1.0	0
Pf3D7_11_v3	1690001	1700000 	1.0	0
Pf3D7_11_v3	1700001	1710000 	1.0	0
Pf3D7_11_v3	1710001	1720000 	1.0	0
Pf3D7_11_v3	1720001	1730000 	1.0	0
Pf3D7_11_v3	1730001	1740000 	1.0	0
Pf3D7_11_v3	1740001	1750000 	0.5	0
Pf3D7_11_v3	1750001	1760000 	1.0	0
Pf3D7_11_v3	1760001	1770000 	0.5	0
Pf3D7_11_v3	1770001	1780000 	1.0	0
Pf3D7_11_v3	1780001	1790000 	1.0	0
Pf3D7_11_v3	1790001	1800000 	0.5	0
Pf3D7_11_v3	1800001	1810000 	1.0	0
Pf3D7_11_v3	1810001	1820000 	1.0	0
Pf3D7_11_v3	1820001	1830000 	1.0	0
Pf3D7_11_v3	1830001	1840000 	0.5	0
Pf3D7_11_v3	1840001	1850000 	1.0	0
Pf3D7_11_v3	1850001	1860000 	1.0	0
Pf3D7_11_v3	1860001	1870000 	1.0	0
Pf3D7_11_v3	1870001	1880000 	1.0	0
Pf3D7_11_v3	1880001	1890000 	1.0	0
Pf3D7_11_v3	1890001	1900000 	0.5	0
Pf3D7_11_v3	1900001	1910000 	1.0	0
Pf3D7_11_v3	1910001	1920000 	0.5	0
Pf3D7_11_v3	1920001	1930000 	0.0	36
Pf3D7_11_v3	1930001	1940000 	0.5	36
Pf3D7_11_v3	1940001	1950000 	1.0	0
Pf3D7_11_v3	1950001	1960000 	1.0	0
Pf3D7_11_v3	1960001	1970000 	0.5	0
Pf3D7_11_v3	1970001	1980000 	1.0	0
Pf3D7_11_v3	1980001	1990000 	1.0	0
Pf3D7_11_v3	1990001	2000000 	0.5	0
Pf3D7_11_v3	2000001	2010000 	0.0	34
Pf3D7_11_v3	2010001	2020000 	0.0	30
Pf3D7_11_v3	2020001	2030000 	0.0	30
Pf3D7_11_v3	2030001	2040000 	0.0	30
Pf3D7_12_v3	1	10000 	0.0	32
Pf3D7_12_v3	10001	20000 	0.0	32
Pf3D7_12_v3	20001	30000 	0.0	32
Pf3D7_12_v3	30001	40000 	0.0	29
Pf3D7_12_v3	40001	50000 	0.0	29
Pf3D7_12_v3	50001	60000 	0.0	29
Pf3D7_12_v3	60001	70000 	1.0	0
Pf3D7_12_v3	70001	80000 	1.0	0
Pf3D7_12_v3	80001	90000 	1.0	0
Pf3D7_12_v3	90001	100000 	1.0	0
Pf3D7_12_v3	100001	110000 	1.0	0
Pf3D7_12_v3	110001	120000 	1.0	0
Pf3D7_12_v3	120001	130000 	1.0	0
Pf3D7_12_v3	130001	140000 	1.0	0
Pf3D7_12_v3	140001	150000 	0.5	0
Pf3D7_12_v3	150001	160000 	1.0	0
Pf3D7_12_v3	160001	170000 	1.0	0
Pf3D7_12_v3	170001	180000 	1.0	0
Pf3D7_12_v3	180001	190000 	1.0	0
Pf3D7_12_v3	190001	200000 	0.5	1
Pf3D7_12_v3	200001	210000 	0.5	31
Pf3D7_12_v3	210001	220000 	1.0	0
Pf3D7_12_v3	220001	230000 	1.0	0
Pf3D7_12_v3	230001	240000 	0.5	0
Pf3D7_12_v3	240001	250000 	0.5	0
Pf3D7_12_v3	250001	260000 	1.0	0
Pf3D7_12_v3	260001	270000 	1.0	0
Pf3D7_12_v3	270001	280000 	1.0	0
Pf3D7_12_v3	280001	290000 	1.0	0
Pf3D7_12_v3	290001	300000 	0.5	0
Pf3D7_12_v3	300001	310000 	1.0	0
Pf3D7_12_v3	310001	320000 	1.0	0
Pf3D7_12_v3	320001	330000 	0.5	0
Pf3D7_12_v3	330001	340000 	1.0	0
Pf3D7_12_v3	340001	350000 	1.0	0
Pf3D7_12_v3	350001	360000 	1.0	0
Pf3D7_12_v3	360001	370000 	1.0	0
Pf3D7_12_v3	370001	380000 	1.0	0
Pf3D7_12_v3	380001	390000 	1.0	0
Pf3D7_12_v3	390001	400000 	1.0	0
Pf3D7_12_v3	400001	410000 	0.5	0
Pf3D7_12_v3	410001	420000 	1.0	0
Pf3D7_12_v3	420001	430000 	0.0	30
Pf3D7_12_v3	430001	440000 	1.0	0
Pf3D7_12_v3	440001	450000 	1.0	0
Pf3D7_12_v3	450001	460000 	1.0	0
Pf3D7_12_v3	460001	470000 	0.5	0
Pf3D7_12_v3	470001	480000 	1.0	0
Pf3D7_12_v3	480001	490000 	1.0	0
Pf3D7_12_v3	490001	500000 	0.5	0
Pf3D7_12_v3	500001	510000 	0.0	30
Pf3D7_12_v3	510001	520000 	1.0	0
Pf3D7_12_v3	520001	530000 	0.5	0
Pf3D7_12_v3	530001	540000 	1.0	0
Pf3D7_12_v3	540001	550000 	0.5	0
Pf3D7_12_v3	550001	560000 	1.0	0
Pf3D7_12_v3	560001	570000 	1.0	0
Pf3D7_12_v3	570001	580000 	1.0	0
Pf3D7_12_v3	580001	590000 	1.0	0
Pf3D7_12_v3	590001	600000 	0.5	0
Pf3D7_12_v3	600001	610000 	1.0	0
Pf3D7_12_v3	610001	620000 	1.0	0
Pf3D7_12_v3	620001	630000 	1.0	0
Pf3D7_12_v3	630001	640000 	1.0	0
Pf3D7_12_v3	640001	650000 	0.5	0
Pf3D7_12_v3	650001	660000 	0.5	29
Pf3D7_12_v3	660001	670000 	0.5	32
Pf3D7_12_v3	670001	680000 	0.5	32
Pf3D7_12_v3	680001	690000 	1.0	0
Pf3D7_12_v3	690001	700000 	0.0	28
Pf3D7_12_v3	700001	710000 	1.0	0
Pf3D7_12_v3	710001	720000 	0.5	0
Pf3D7_12_v3	720001	730000 	1.0	0
Pf3D7_12_v3	730001	740000 	1.0	0
Pf3D7_12_v3	740001	750000 	0.5	0
Pf3D7_12_v3	750001	760000 	0.5	29
Pf3D7_12_v3	760001	770000 	0.0	29
Pf3D7_12_v3	770001	780000 	0.0	29
Pf3D7_12_v3	780001	790000 	1.0	0
Pf3D7_12_v3	790001	800000 	0.5	0
Pf3D7_12_v3	800001	810000 	1.0	0
Pf3D7_12_v3	810001	820000 	1.0	0
Pf3D7_12_v3	820001	830000 	0.5	0
Pf3D7_12_v3	830001	840000 	1.0	0
Pf3D7_12_v3	840001	850000 	0.5	0
Pf3D7_12_v3	850001	860000 	1.0	0
Pf3D7_12_v3	860001	870000 	1.0	0
Pf3D7_12_v3	870001	880000 	1.0	0
Pf3D7_12_v3	880001	890000 	1.0	0
Pf3D7_12_v3	890001	900000 	0.5	0
Pf3D7_12_v3	900001	910000 	0.5	28
Pf3D7_12_v3	910001	920000 	1.0	0
Pf3D7_12_v3	920001	930000 	1.0	0
Pf3D7_12_v3	930001	940000 	1.0	0
Pf3D7_12_v3	940001	950000 	1.0	0
Pf3D7_12_v3	950001	960000 	1.0	0
Pf3D7_12_v3	960001	970000 	1.0	0
Pf3D7_12_v3	970001	980000 	0.0	25
Pf3D7_12_v3	980001	990000 	1.0	0
Pf3D7_12_v3	990001	1000000 	0.5	0
Pf3D7_12_v3	1000001	1010000 	0.5	28
Pf3D7_12_v3	1010001	1020000 	1.0	0
Pf3D7_12_v3	1020001	1030000 	1.0	0
Pf3D7_12_v3	1030001	1040000 	1.0	0
Pf3D7_12_v3	1040001	1050000 	0.5	0
Pf3D7_12_v3	1050001	1060000 	1.0	0
Pf3D7_12_v3	1060001	1070000 	1.0	0
Pf3D7_12_v3	1070001	1080000 	0.5	0
Pf3D7_12_v3	1080001	1090000 	1.0	0
Pf3D7_12_v3	1090001	1100000 	1.0	0
Pf3D7_12_v3	1100001	1110000 	1.0	0
Pf3D7_12_v3	1110001	1120000 	1.0	0
Pf3D7_12_v3	1120001	1130000 	1.0	0
Pf3D7_12_v3	1130001	1140000 	0.5	0
Pf3D7_12_v3	1140001	1150000 	1.0	0
Pf3D7_12_v3	1150001	1160000 	1.0	0
Pf3D7_12_v3	1160001	1170000 	1.0	0
Pf3D7_12_v3	1170001	1180000 	1.0	0
Pf3D7_12_v3	1180001	1190000 	1.0	0
Pf3D7_12_v3	1190001	1200000 	0.5	0
Pf3D7_12_v3	1200001	1210000 	0.5	32
Pf3D7_12_v3	1210001	1220000 	0.5	0
Pf3D7_12_v3	1220001	1230000 	1.0	0
Pf3D7_12_v3	1230001	1240000 	0.5	0
Pf3D7_12_v3	1240001	1250000 	0.5	0
Pf3D7_12_v3	1250001	1260000 	0.5	31
Pf3D7_12_v3	1260001	1270000 	1.0	0
Pf3D7_12_v3	1270001	1280000 	1.0	0
Pf3D7_12_v3	1280001	1290000 	1.0	0
Pf3D7_12_v3	1290001	1300000 	1.0	0
Pf3D7_12_v3	1300001	1310000 	1.0	0
Pf3D7_12_v3	1310001	1320000 	1.0	0
Pf3D7_12_v3	1320001	1330000 	0.5	0
Pf3D7_12_v3	1330001	1340000 	1.0	0
Pf3D7_12_v3	1340001	1350000 	1.0	0
Pf3D7_12_v3	1350001	1360000 	0.5	0
Pf3D7_12_v3	1360001	1370000 	0.5	27
Pf3D7_12_v3	1370001	1380000 	1.0	0
Pf3D7_12_v3	1380001	1390000 	1.0	0
Pf3D7_12_v3	1390001	1400000 	1.0	0
Pf3D7_12_v3	1400001	1410000 	1.0	0
Pf3D7_12_v3	1410001	1420000 	1.0	0
Pf3D7_12_v3	1420001	1430000 	0.5	1
Pf3D7_12_v3	1430001	1440000 	1.0	0
Pf3D7_12_v3	1440001	1450000 	1.0	0
Pf3D7_12_v3	1450001	1460000 	1.0	0
Pf3D7_12_v3	1460001	1470000 	0.5	0
Pf3D7_12_v3	1470001	1480000 	0.5	26
Pf3D7_12_v3	1480001	1490000 	1.0	0
Pf3D7_12_v3	1490001	1500000 	1.0	0
Pf3D7_12_v3	1500001	1510000 	1.0	0
Pf3D7_12_v3	1510001	1520000 	1.0	10
Pf3D7_12_v3	1520001	1530000 	0.5	0
Pf3D7_12_v3	1530001	1540000 	1.0	0
Pf3D7_12_v3	1540001	1550000 	0.5	0
Pf3D7_12_v3	1550001	1560000 	1.0	0
Pf3D7_12_v3	1560001	1570000 	1.0	0
Pf3D7_12_v3	1570001	1580000 	0.5	0
Pf3D7_12_v3	1580001	1590000 	1.0	0
Pf3D7_12_v3	1590001	1600000 	0.5	0
Pf3D7_12_v3	1600001	1610000 	1.0	0
Pf3D7_12_v3	1610001	1620000 	0.5	0
Pf3D7_12_v3	1620001	1630000 	1.0	0
Pf3D7_12_v3	1630001	1640000 	1.0	0
Pf3D7_12_v3	1640001	1650000 	0.5	0
Pf3D7_12_v3	1650001	1660000 	0.5	30
Pf3D7_12_v3	1660001	1670000 	1.0	0
Pf3D7_12_v3	1670001	1680000 	1.0	0
Pf3D7_12_v3	1680001	1690000 	0.5	0
Pf3D7_12_v3	1690001	1700000 	0.0	27
Pf3D7_12_v3	1700001	1710000 	0.0	27
Pf3D7_12_v3	1710001	1720000 	0.0	31
Pf3D7_12_v3	1720001	1730000 	0.0	31
Pf3D7_12_v3	1730001	1740000 	0.0	31
Pf3D7_12_v3	1740001	1750000 	0.5	28
Pf3D7_12_v3	1750001	1760000 	1.0	0
Pf3D7_12_v3	1760001	1770000 	1.0	0
Pf3D7_12_v3	1770001	1780000 	0.0	30
Pf3D7_12_v3	1780001	1790000 	1.0	0
Pf3D7_12_v3	1790001	1800000 	0.5	0
Pf3D7_12_v3	1800001	1810000 	1.0	0
Pf3D7_12_v3	1810001	1820000 	1.0	0
Pf3D7_12_v3	1820001	1830000 	1.0	0
Pf3D7_12_v3	1830001	1840000 	1.0	0
Pf3D7_12_v3	1840001	1850000 	1.0	0
Pf3D7_12_v3	1850001	1860000 	0.5	0
Pf3D7_12_v3	1860001	1870000 	1.0	0
Pf3D7_12_v3	1870001	1880000 	1.0	0
Pf3D7_12_v3	1880001	1890000 	0.5	0
Pf3D7_12_v3	1890001	1900000 	0.5	30
Pf3D7_12_v3	1900001	1910000 	1.0	0
Pf3D7_12_v3	1910001	1920000 	1.0	0
Pf3D7_12_v3	1920001	1930000 	1.0	4
Pf3D7_12_v3	1930001	1940000 	0.5	0
Pf3D7_12_v3	1940001	1950000 	1.0	0
Pf3D7_12_v3	1950001	1960000 	1.0	0
Pf3D7_12_v3	1960001	1970000 	0.5	0
Pf3D7_12_v3	1970001	1980000 	1.0	0
Pf3D7_12_v3	1980001	1990000 	1.0	0
Pf3D7_12_v3	1990001	2000000 	1.0	0
Pf3D7_12_v3	2000001	2010000 	0.5	0
Pf3D7_12_v3	2010001	2020000 	1.0	0
Pf3D7_12_v3	2020001	2030000 	0.5	0
Pf3D7_12_v3	2030001	2040000 	1.0	0
Pf3D7_12_v3	2040001	2050000 	0.0	31
Pf3D7_12_v3	2050001	2060000 	0.5	31
Pf3D7_12_v3	2060001	2070000 	1.0	0
Pf3D7_12_v3	2070001	2080000 	1.0	0
Pf3D7_12_v3	2080001	2090000 	1.0	0
Pf3D7_12_v3	2090001	2100000 	0.5	0
Pf3D7_12_v3	2100001	2110000 	1.0	0
Pf3D7_12_v3	2110001	2120000 	1.0	0
Pf3D7_12_v3	2120001	2130000 	1.0	0
Pf3D7_12_v3	2130001	2140000 	0.5	0
Pf3D7_12_v3	2140001	2150000 	1.0	0
Pf3D7_12_v3	2150001	2160000 	1.0	0
Pf3D7_12_v3	2160001	2170000 	0.5	0
Pf3D7_12_v3	2170001	2180000 	0.0	28
Pf3D7_12_v3	2180001	2190000 	0.0	28
Pf3D7_12_v3	2190001	2200000 	0.5	33
Pf3D7_12_v3	2200001	2210000 	0.0	33
Pf3D7_12_v3	2210001	2220000 	0.0	33
Pf3D7_12_v3	2220001	2230000 	0.0	31
Pf3D7_12_v3	2230001	2240000 	0.0	31
Pf3D7_12_v3	2240001	2250000 	0.0	31
Pf3D7_12_v3	2250001	2260000 	0.0	31
Pf3D7_12_v3	2260001	2270000 	0.0	31
Pf3D7_12_v3	2270001	2280000 	0.0	31
Pf3D7_13_v3	1	10000 	0.0	29
Pf3D7_13_v3	10001	20000 	0.0	29
Pf3D7_13_v3	20001	30000 	0.0	29
Pf3D7_13_v3	30001	40000 	0.0	31
Pf3D7_13_v3	40001	50000 	0.0	31
Pf3D7_13_v3	50001	60000 	0.0	31
Pf3D7_13_v3	60001	70000 	0.0	27
Pf3D7_13_v3	70001	80000 	0.5	27
Pf3D7_13_v3	80001	90000 	1.0	0
Pf3D7_13_v3	90001	100000 	0.5	0
Pf3D7_13_v3	100001	110000 	1.0	0
Pf3D7_13_v3	110001	120000 	1.0	0
Pf3D7_13_v3	120001	130000 	0.5	0
Pf3D7_13_v3	130001	140000 	1.0	2
Pf3D7_13_v3	140001	150000 	1.0	0
Pf3D7_13_v3	150001	160000 	1.0	0
Pf3D7_13_v3	160001	170000 	1.0	0
Pf3D7_13_v3	170001	180000 	1.0	0
Pf3D7_13_v3	180001	190000 	1.0	0
Pf3D7_13_v3	190001	200000 	1.0	0
Pf3D7_13_v3	200001	210000 	1.0	0
Pf3D7_13_v3	210001	220000 	1.0	0
Pf3D7_13_v3	220001	230000 	0.0	30
Pf3D7_13_v3	230001	240000 	1.0	0
Pf3D7_13_v3	240001	250000 	1.0	0
Pf3D7_13_v3	250001	260000 	1.0	0
Pf3D7_13_v3	260001	270000 	1.0	0
Pf3D7_13_v3	270001	280000 	1.0	0
Pf3D7_13_v3	280001	290000 	1.0	0
Pf3D7_13_v3	290001	300000 	0.5	0
Pf3D7_13_v3	300001	310000 	1.0	0
Pf3D7_13_v3	310001	320000 	1.0	0
Pf3D7_13_v3	320001	330000 	1.0	0
Pf3D7_13_v3	330001	340000 	1.0	0
Pf3D7_13_v3	340001	350000 	0.5	0
Pf3D7_13_v3	350001	360000 	0.5	32
Pf3D7_13_v3	360001	370000 	0.5	29
Pf3D7_13_v3	370001	380000 	1.0	0
Pf3D7_13_v3	380001	390000 	1.0	0
Pf3D7_13_v3	390001	400000 	0.0	30
Pf3D7_13_v3	400001	410000 	0.0	30
Pf3D7_13_v3	410001	420000 	1.0	0
Pf3D7_13_v3	420001	430000 	1.0	0
Pf3D7_13_v3	430001	440000 	0.5	0
Pf3D7_13_v3	440001	450000 	0.0	32
Pf3D7_13_v3	450001	460000 	1.0	0
Pf3D7_13_v3	460001	470000 	1.0	0
Pf3D7_13_v3	470001	480000 	1.0	0
Pf3D7_13_v3	480001	490000 	0.5	0
Pf3D7_13_v3	490001	500000 	0.0	29
Pf3D7_13_v3	500001	510000 	1.0	0
Pf3D7_13_v3	510001	520000 	1.0	0
Pf3D7_13_v3	520001	530000 	1.0	0
Pf3D7_13_v3	530001	540000 	1.0	0
Pf3D7_13_v3	540001	550000 	0.5	0
Pf3D7_13_v3	550001	560000 	1.0	0
Pf3D7_13_v3	560001	570000 	1.0	0
Pf3D7_13_v3	570001	580000 	1.0	0
Pf3D7_13_v3	580001	590000 	1.0	0
Pf3D7_13_v3	590001	600000 	0.5	0
Pf3D7_13_v3	600001	610000 	1.0	0
Pf3D7_13_v3	610001	620000 	1.0	0
Pf3D7_13_v3	620001	630000 	1.0	0
Pf3D7_13_v3	630001	640000 	1.0	0
Pf3D7_13_v3	640001	650000 	0.5	0
Pf3D7_13_v3	650001	660000 	0.5	26
Pf3D7_13_v3	660001	670000 	1.0	0
Pf3D7_13_v3	670001	680000 	1.0	0
Pf3D7_13_v3	680001	690000 	1.0	0
Pf3D7_13_v3	690001	700000 	0.5	0
Pf3D7_13_v3	700001	710000 	0.0	31
Pf3D7_13_v3	710001	720000 	1.0	0
Pf3D7_13_v3	720001	730000 	1.0	0
Pf3D7_13_v3	730001	740000 	1.0	0
Pf3D7_13_v3	740001	750000 	0.5	0
Pf3D7_13_v3	750001	760000 	1.0	0
Pf3D7_13_v3	760001	770000 	1.0	0
Pf3D7_13_v3	770001	780000 	1.0	0
Pf3D7_13_v3	780001	790000 	0.0	31
Pf3D7_13_v3	790001	800000 	0.0	31
Pf3D7_13_v3	800001	810000 	1.0	0
Pf3D7_13_v3	810001	820000 	1.0	0
Pf3D7_13_v3	820001	830000 	1.0	0
Pf3D7_13_v3	830001	840000 	1.0	0
Pf3D7_13_v3	840001	850000 	0.5	0
Pf3D7_13_v3	850001	860000 	1.0	0
Pf3D7_13_v3	860001	870000 	1.0	0
Pf3D7_13_v3	870001	880000 	0.5	0
Pf3D7_13_v3	880001	890000 	1.0	0
Pf3D7_13_v3	890001	900000 	1.0	1
Pf3D7_13_v3	900001	910000 	1.0	0
Pf3D7_13_v3	910001	920000 	0.0	28
Pf3D7_13_v3	920001	930000 	0.5	28
Pf3D7_13_v3	930001	940000 	0.0	30
Pf3D7_13_v3	940001	950000 	0.5	30
Pf3D7_13_v3	950001	960000 	0.5	30
Pf3D7_13_v3	960001	970000 	0.5	0
Pf3D7_13_v3	970001	980000 	1.0	0
Pf3D7_13_v3	980001	990000 	1.0	0
Pf3D7_13_v3	990001	1000000 	0.5	0
Pf3D7_13_v3	1000001	1010000 	0.5	29
Pf3D7_13_v3	1010001	1020000 	1.0	0
Pf3D7_13_v3	1020001	1030000 	1.0	1
Pf3D7_13_v3	1030001	1040000 	1.0	0
Pf3D7_13_v3	1040001	1050000 	0.5	0
Pf3D7_13_v3	1050001	1060000 	0.5	30
Pf3D7_13_v3	1060001	1070000 	1.0	0
Pf3D7_13_v3	1070001	1080000 	1.0	0
Pf3D7_13_v3	1080001	1090000 	1.0	0
Pf3D7_13_v3	1090001	1100000 	1.0	0
Pf3D7_13_v3	1100001	1110000 	1.0	0
Pf3D7_13_v3	1110001	1120000 	1.0	0
Pf3D7_13_v3	1120001	1130000 	1.0	0
Pf3D7_13_v3	1130001	1140000 	1.0	0
Pf3D7_13_v3	1140001	1150000 	1.0	0
Pf3D7_13_v3	1150001	1160000 	0.5	0
Pf3D7_13_v3	1160001	1170000 	1.0	0
Pf3D7_13_v3	1170001	1180000 	1.0	0
Pf3D7_13_v3	1180001	1190000 	1.0	0
Pf3D7_13_v3	1190001	1200000 	0.5	0
Pf3D7_13_v3	1200001	1210000 	0.5	30
Pf3D7_13_v3	1210001	1220000 	1.0	0
Pf3D7_13_v3	1220001	1230000 	1.0	0
Pf3D7_13_v3	1230001	1240000 	0.5	0
Pf3D7_13_v3	1240001	1250000 	0.5	32
Pf3D7_13_v3	1250001	1260000 	0.5	32
Pf3D7_13_v3	1260001	1270000 	1.0	0
Pf3D7_13_v3	1270001	1280000 	0.5	0
Pf3D7_13_v3	1280001	1290000 	0.5	32
Pf3D7_13_v3	1290001	1300000 	0.5	30
Pf3D7_13_v3	1300001	1310000 	0.5	30
Pf3D7_13_v3	1310001	1320000 	0.5	30
Pf3D7_13_v3	1320001	1330000 	1.0	0
Pf3D7_13_v3	1330001	1340000 	1.0	0
Pf3D7_13_v3	1340001	1350000 	0.0	32
Pf3D7_13_v3	1350001	1360000 	1.0	0
Pf3D7_13_v3	1360001	1370000 	1.0	0
Pf3D7_13_v3	1370001	1380000 	0.5	0
Pf3D7_13_v3	1380001	1390000 	0.5	0
Pf3D7_13_v3	1390001	1400000 	1.0	0
Pf3D7_13_v3	1400001	1410000 	1.0	0
Pf3D7_13_v3	1410001	1420000 	1.0	0
Pf3D7_13_v3	1420001	1430000 	1.0	0
Pf3D7_13_v3	1430001	1440000 	0.0	29
Pf3D7_13_v3	1440001	1450000 	0.0	27
Pf3D7_13_v3	1450001	1460000 	1.0	0
Pf3D7_13_v3	1460001	1470000 	1.0	0
Pf3D7_13_v3	1470001	1480000 	1.0	0
Pf3D7_13_v3	1480001	1490000 	1.0	0
Pf3D7_13_v3	1490001	1500000 	0.5	0
Pf3D7_13_v3	1500001	1510000 	1.0	0
Pf3D7_13_v3	1510001	1520000 	1.0	0
Pf3D7_13_v3	1520001	1530000 	1.0	0
Pf3D7_13_v3	1530001	1540000 	0.5	0
Pf3D7_13_v3	1540001	1550000 	0.5	32
Pf3D7_13_v3	1550001	1560000 	1.0	0
Pf3D7_13_v3	1560001	1570000 	1.0	0
Pf3D7_13_v3	1570001	1580000 	1.0	0
Pf3D7_13_v3	1580001	1590000 	1.0	0
Pf3D7_13_v3	1590001	1600000 	0.5	0
Pf3D7_13_v3	1600001	1610000 	1.0	0
Pf3D7_13_v3	1610001	1620000 	1.0	0
Pf3D7_13_v3	1620001	1630000 	0.5	0
Pf3D7_13_v3	1630001	1640000 	1.0	0
Pf3D7_13_v3	1640001	1650000 	0.5	0
Pf3D7_13_v3	1650001	1660000 	1.0	0
Pf3D7_13_v3	1660001	1670000 	0.5	0
Pf3D7_13_v3	1670001	1680000 	1.0	0
Pf3D7_13_v3	1680001	1690000 	0.5	0
Pf3D7_13_v3	1690001	1700000 	0.5	33
Pf3D7_13_v3	1700001	1710000 	1.0	0
Pf3D7_13_v3	1710001	1720000 	1.0	0
Pf3D7_13_v3	1720001	1730000 	1.0	0
Pf3D7_13_v3	1730001	1740000 	1.0	0
Pf3D7_13_v3	1740001	1750000 	1.0	0
Pf3D7_13_v3	1750001	1760000 	1.0	0
Pf3D7_13_v3	1760001	1770000 	1.0	0
Pf3D7_13_v3	1770001	1780000 	1.0	0
Pf3D7_13_v3	1780001	1790000 	1.0	0
Pf3D7_13_v3	1790001	1800000 	0.5	0
Pf3D7_13_v3	1800001	1810000 	1.0	0
Pf3D7_13_v3	1810001	1820000 	1.0	0
Pf3D7_13_v3	1820001	1830000 	1.0	0
Pf3D7_13_v3	1830001	1840000 	1.0	0
Pf3D7_13_v3	1840001	1850000 	0.5	0
Pf3D7_13_v3	1850001	1860000 	1.0	0
Pf3D7_13_v3	1860001	1870000 	1.0	0
Pf3D7_13_v3	1870001	1880000 	1.0	0
Pf3D7_13_v3	1880001	1890000 	1.0	0
Pf3D7_13_v3	1890001	1900000 	0.5	0
Pf3D7_13_v3	1900001	1910000 	1.0	0
Pf3D7_13_v3	1910001	1920000 	1.0	0
Pf3D7_13_v3	1920001	1930000 	1.0	0
Pf3D7_13_v3	1930001	1940000 	1.0	0
Pf3D7_13_v3	1940001	1950000 	0.5	0
Pf3D7_13_v3	1950001	1960000 	1.0	0
Pf3D7_13_v3	1960001	1970000 	1.0	0
Pf3D7_13_v3	1970001	1980000 	0.5	0
Pf3D7_13_v3	1980001	1990000 	1.0	0
Pf3D7_13_v3	1990001	2000000 	0.5	0
Pf3D7_13_v3	2000001	2010000 	1.0	0
Pf3D7_13_v3	2010001	2020000 	0.5	0
Pf3D7_13_v3	2020001	2030000 	1.0	0
Pf3D7_13_v3	2030001	2040000 	1.0	0
Pf3D7_13_v3	2040001	2050000 	0.5	0
Pf3D7_13_v3	2050001	2060000 	1.0	0
Pf3D7_13_v3	2060001	2070000 	0.5	0
Pf3D7_13_v3	2070001	2080000 	1.0	0
Pf3D7_13_v3	2080001	2090000 	1.0	0
Pf3D7_13_v3	2090001	2100000 	1.0	0
Pf3D7_13_v3	2100001	2110000 	1.0	0
Pf3D7_13_v3	2110001	2120000 	1.0	0
Pf3D7_13_v3	2120001	2130000 	1.0	0
Pf3D7_13_v3	2130001	2140000 	1.0	0
Pf3D7_13_v3	2140001	2150000 	0.5	0
Pf3D7_13_v3	2150001	2160000 	1.0	0
Pf3D7_13_v3	2160001	2170000 	1.0	0
Pf3D7_13_v3	2170001	2180000 	1.0	0
Pf3D7_13_v3	2180001	2190000 	1.0	0
Pf3D7_13_v3	2190001	2200000 	0.5	0
Pf3D7_13_v3	2200001	2210000 	1.0	0
Pf3D7_13_v3	2210001	2220000 	1.0	0
Pf3D7_13_v3	2220001	2230000 	1.0	0
Pf3D7_13_v3	2230001	2240000 	0.5	0
Pf3D7_13_v3	2240001	2250000 	1.0	0
Pf3D7_13_v3	2250001	2260000 	1.0	0
Pf3D7_13_v3	2260001	2270000 	1.0	0
Pf3D7_13_v3	2270001	2280000 	0.5	0
Pf3D7_13_v3	2280001	2290000 	1.0	0
Pf3D7_13_v3	2290001	2300000 	1.0	0
Pf3D7_13_v3	2300001	2310000 	1.0	0
Pf3D7_13_v3	2310001	2320000 	1.0	0
Pf3D7_13_v3	2320001	2330000 	0.5	0
Pf3D7_13_v3	2330001	2340000 	1.0	0
Pf3D7_13_v3	2340001	2350000 	1.0	0
Pf3D7_13_v3	2350001	2360000 	1.0	0
Pf3D7_13_v3	2360001	2370000 	1.0	0
Pf3D7_13_v3	2370001	2380000 	1.0	0
Pf3D7_13_v3	2380001	2390000 	1.0	0
Pf3D7_13_v3	2390001	2400000 	1.0	0
Pf3D7_13_v3	2400001	2410000 	1.0	0
Pf3D7_13_v3	2410001	2420000 	1.0	0
Pf3D7_13_v3	2420001	2430000 	0.5	0
Pf3D7_13_v3	2430001	2440000 	1.0	0
Pf3D7_13_v3	2440001	2450000 	0.5	0
Pf3D7_13_v3	2450001	2460000 	1.0	0
Pf3D7_13_v3	2460001	2470000 	0.5	0
Pf3D7_13_v3	2470001	2480000 	1.0	0
Pf3D7_13_v3	2480001	2490000 	1.0	0
Pf3D7_13_v3	2490001	2500000 	1.0	0
Pf3D7_13_v3	2500001	2510000 	1.0	0
Pf3D7_13_v3	2510001	2520000 	1.0	0
Pf3D7_13_v3	2520001	2530000 	0.5	0
Pf3D7_13_v3	2530001	2540000 	0.5	31
Pf3D7_13_v3	2540001	2550000 	0.5	31
Pf3D7_13_v3	2550001	2560000 	1.0	0
Pf3D7_13_v3	2560001	2570000 	1.0	0
Pf3D7_13_v3	2570001	2580000 	1.0	0
Pf3D7_13_v3	2580001	2590000 	0.5	0
Pf3D7_13_v3	2590001	2600000 	0.5	30
Pf3D7_13_v3	2600001	2610000 	1.0	0
Pf3D7_13_v3	2610001	2620000 	1.0	0
Pf3D7_13_v3	2620001	2630000 	0.5	0
Pf3D7_13_v3	2630001	2640000 	1.0	0
Pf3D7_13_v3	2640001	2650000 	1.0	0
Pf3D7_13_v3	2650001	2660000 	0.5	0
Pf3D7_13_v3	2660001	2670000 	1.0	0
Pf3D7_13_v3	2670001	2680000 	0.5	0
Pf3D7_13_v3	2680001	2690000 	0.5	0
Pf3D7_13_v3	2690001	2700000 	0.5	0
Pf3D7_13_v3	2700001	2710000 	1.0	0
Pf3D7_13_v3	2710001	2720000 	1.0	0
Pf3D7_13_v3	2720001	2730000 	1.0	0
Pf3D7_13_v3	2730001	2740000 	1.0	0
Pf3D7_13_v3	2740001	2750000 	0.5	0
Pf3D7_13_v3	2750001	2760000 	1.0	0
Pf3D7_13_v3	2760001	2770000 	1.0	0
Pf3D7_13_v3	2770001	2780000 	1.0	0
Pf3D7_13_v3	2780001	2790000 	1.0	0
Pf3D7_13_v3	2790001	2800000 	0.0	34
Pf3D7_13_v3	2800001	2810000 	0.0	34
Pf3D7_13_v3	2810001	2820000 	1.0	0
Pf3D7_13_v3	2820001	2830000 	1.0	1
Pf3D7_13_v3	2830001	2840000 	1.0	0
Pf3D7_13_v3	2840001	2850000 	0.5	0
Pf3D7_13_v3	2850001	2860000 	0.0	32
Pf3D7_13_v3	2860001	2870000 	0.0	32
Pf3D7_13_v3	2870001	2880000 	0.0	32
Pf3D7_13_v3	2880001	2890000 	0.0	27
Pf3D7_13_v3	2890001	2900000 	0.0	27
Pf3D7_13_v3	2900001	2910000 	0.0	27
Pf3D7_13_v3	2910001	2920000 	0.0	27
Pf3D7_13_v3	2920001	2930000 	0.0	27
Pf3D7_14_v3	1	10000 	0.0	34
Pf3D7_14_v3	10001	20000 	0.0	34
Pf3D7_14_v3	20001	30000 	0.0	34
Pf3D7_14_v3	30001	40000 	0.5	31
Pf3D7_14_v3	40001	50000 	0.5	0
Pf3D7_14_v3	50001	60000 	1.0	0
Pf3D7_14_v3	60001	70000 	1.0	0
Pf3D7_14_v3	70001	80000 	0.0	30
Pf3D7_14_v3	80001	90000 	1.0	0
Pf3D7_14_v3	90001	100000 	0.5	0
Pf3D7_14_v3	100001	110000 	1.0	0
Pf3D7_14_v3	110001	120000 	1.0	0
Pf3D7_14_v3	120001	130000 	1.0	0
Pf3D7_14_v3	130001	140000 	1.0	0
Pf3D7_14_v3	140001	150000 	0.5	0
Pf3D7_14_v3	150001	160000 	0.0	28
Pf3D7_14_v3	160001	170000 	0.5	28
Pf3D7_14_v3	170001	180000 	0.5	0
Pf3D7_14_v3	180001	190000 	1.0	0
Pf3D7_14_v3	190001	200000 	0.5	0
Pf3D7_14_v3	200001	210000 	1.0	0
Pf3D7_14_v3	210001	220000 	1.0	0
Pf3D7_14_v3	220001	230000 	1.0	0
Pf3D7_14_v3	230001	240000 	1.0	0
Pf3D7_14_v3	240001	250000 	0.5	0
Pf3D7_14_v3	250001	260000 	1.0	0
Pf3D7_14_v3	260001	270000 	0.5	0
Pf3D7_14_v3	270001	280000 	1.0	0
Pf3D7_14_v3	280001	290000 	0.5	0
Pf3D7_14_v3	290001	300000 	0.5	0
Pf3D7_14_v3	300001	310000 	1.0	0
Pf3D7_14_v3	310001	320000 	1.0	0
Pf3D7_14_v3	320001	330000 	1.0	0
Pf3D7_14_v3	330001	340000 	1.0	0
Pf3D7_14_v3	340001	350000 	1.0	0
Pf3D7_14_v3	350001	360000 	1.0	0
Pf3D7_14_v3	360001	370000 	1.0	0
Pf3D7_14_v3	370001	380000 	1.0	0
Pf3D7_14_v3	380001	390000 	1.0	0
Pf3D7_14_v3	390001	400000 	0.5	0
Pf3D7_14_v3	400001	410000 	1.0	0
Pf3D7_14_v3	410001	420000 	0.5	0
Pf3D7_14_v3	420001	430000 	1.0	0
Pf3D7_14_v3	430001	440000 	1.0	0
Pf3D7_14_v3	440001	450000 	0.5	0
Pf3D7_14_v3	450001	460000 	0.5	32
Pf3D7_14_v3	460001	470000 	1.0	0
Pf3D7_14_v3	470001	480000 	1.0	0
Pf3D7_14_v3	480001	490000 	1.0	0
Pf3D7_14_v3	490001	500000 	0.5	0
Pf3D7_14_v3	500001	510000 	1.0	0
Pf3D7_14_v3	510001	520000 	0.5	0
Pf3D7_14_v3	520001	530000 	0.5	0
Pf3D7_14_v3	530001	540000 	0.0	31
Pf3D7_14_v3	540001	550000 	0.5	31
Pf3D7_14_v3	550001	560000 	1.0	0
Pf3D7_14_v3	560001	570000 	0.5	0
Pf3D7_14_v3	570001	580000 	0.5	30
Pf3D7_14_v3	580001	590000 	1.0	0
Pf3D7_14_v3	590001	600000 	1.0	0
Pf3D7_14_v3	600001	610000 	1.0	0
Pf3D7_14_v3	610001	620000 	0.5	0
Pf3D7_14_v3	620001	630000 	1.0	0
Pf3D7_14_v3	630001	640000 	1.0	0
Pf3D7_14_v3	640001	650000 	0.5	0
Pf3D7_14_v3	650001	660000 	1.0	0
Pf3D7_14_v3	660001	670000 	1.0	0
Pf3D7_14_v3	670001	680000 	1.0	0
Pf3D7_14_v3	680001	690000 	1.0	0
Pf3D7_14_v3	690001	700000 	0.5	0
Pf3D7_14_v3	700001	710000 	1.0	0
Pf3D7_14_v3	710001	720000 	1.0	0
Pf3D7_14_v3	720001	730000 	1.0	0
Pf3D7_14_v3	730001	740000 	1.0	0
Pf3D7_14_v3	740001	750000 	0.5	0
Pf3D7_14_v3	750001	760000 	0.5	27
Pf3D7_14_v3	760001	770000 	1.0	0
Pf3D7_14_v3	770001	780000 	1.0	0
Pf3D7_14_v3	780001	790000 	1.0	0
Pf3D7_14_v3	790001	800000 	0.5	0
Pf3D7_14_v3	800001	810000 	0.5	27
Pf3D7_14_v3	810001	820000 	1.0	0
Pf3D7_14_v3	820001	830000 	1.0	0
Pf3D7_14_v3	830001	840000 	1.0	0
Pf3D7_14_v3	840001	850000 	0.5	0
Pf3D7_14_v3	850001	860000 	1.0	0
Pf3D7_14_v3	860001	870000 	1.0	0
Pf3D7_14_v3	870001	880000 	0.5	0
Pf3D7_14_v3	880001	890000 	0.5	0
Pf3D7_14_v3	890001	900000 	0.5	28
Pf3D7_14_v3	900001	910000 	0.5	29
Pf3D7_14_v3	910001	920000 	1.0	0
Pf3D7_14_v3	920001	930000 	0.0	29
Pf3D7_14_v3	930001	940000 	0.5	30
Pf3D7_14_v3	940001	950000 	1.0	0
Pf3D7_14_v3	950001	960000 	1.0	0
Pf3D7_14_v3	960001	970000 	0.5	0
Pf3D7_14_v3	970001	980000 	1.0	0
Pf3D7_14_v3	980001	990000 	0.5	0
Pf3D7_14_v3	990001	1000000 	1.0	0
Pf3D7_14_v3	1000001	1010000 	1.0	0
Pf3D7_14_v3	1010001	1020000 	1.0	0
Pf3D7_14_v3	1020001	1030000 	1.0	0
Pf3D7_14_v3	1030001	1040000 	0.5	0
Pf3D7_14_v3	1040001	1050000 	0.5	0
Pf3D7_14_v3	1050001	1060000 	1.0	0
Pf3D7_14_v3	1060001	1070000 	1.0	0
Pf3D7_14_v3	1070001	1080000 	1.0	0
Pf3D7_14_v3	1080001	1090000 	1.0	0
Pf3D7_14_v3	1090001	1100000 	0.5	0
Pf3D7_14_v3	1100001	1110000 	0.5	28
Pf3D7_14_v3	1110001	1120000 	1.0	0
Pf3D7_14_v3	1120001	1130000 	1.0	0
Pf3D7_14_v3	1130001	1140000 	1.0	0
Pf3D7_14_v3	1140001	1150000 	0.5	0
Pf3D7_14_v3	1150001	1160000 	1.0	0
Pf3D7_14_v3	1160001	1170000 	1.0	0
Pf3D7_14_v3	1170001	1180000 	0.0	27
Pf3D7_14_v3	1180001	1190000 	0.5	27
Pf3D7_14_v3	1190001	1200000 	0.5	27
Pf3D7_14_v3	1200001	1210000 	1.0	0
Pf3D7_14_v3	1210001	1220000 	1.0	0
Pf3D7_14_v3	1220001	1230000 	1.0	0
Pf3D7_14_v3	1230001	1240000 	0.5	0
Pf3D7_14_v3	1240001	1250000 	0.5	28
Pf3D7_14_v3	1250001	1260000 	1.0	0
Pf3D7_14_v3	1260001	1270000 	1.0	0
Pf3D7_14_v3	1270001	1280000 	1.0	0
Pf3D7_14_v3	1280001	1290000 	1.0	0
Pf3D7_14_v3	1290001	1300000 	0.0	28
Pf3D7_14_v3	1300001	1310000 	0.5	28
Pf3D7_14_v3	1310001	1320000 	0.5	28
Pf3D7_14_v3	1320001	1330000 	1.0	0
Pf3D7_14_v3	1330001	1340000 	0.5	0
Pf3D7_14_v3	1340001	1350000 	0.5	1
Pf3D7_14_v3	1350001	1360000 	0.5	29
Pf3D7_14_v3	1360001	1370000 	1.0	0
Pf3D7_14_v3	1370001	1380000 	0.0	29
Pf3D7_14_v3	1380001	1390000 	1.0	0
Pf3D7_14_v3	1390001	1400000 	1.0	0
Pf3D7_14_v3	1400001	1410000 	1.0	0
Pf3D7_14_v3	1410001	1420000 	1.0	0
Pf3D7_14_v3	1420001	1430000 	1.0	0
Pf3D7_14_v3	1430001	1440000 	1.0	0
Pf3D7_14_v3	1440001	1450000 	0.5	0
Pf3D7_14_v3	1450001	1460000 	1.0	0
Pf3D7_14_v3	1460001	1470000 	1.0	0
Pf3D7_14_v3	1470001	1480000 	1.0	0
Pf3D7_14_v3	1480001	1490000 	0.5	0
Pf3D7_14_v3	1490001	1500000 	0.5	30
Pf3D7_14_v3	1500001	1510000 	1.0	0
Pf3D7_14_v3	1510001	1520000 	1.0	0
Pf3D7_14_v3	1520001	1530000 	1.0	0
Pf3D7_14_v3	1530001	1540000 	1.0	0
Pf3D7_14_v3	1540001	1550000 	1.0	0
Pf3D7_14_v3	1550001	1560000 	1.0	0
Pf3D7_14_v3	1560001	1570000 	1.0	0
Pf3D7_14_v3	1570001	1580000 	1.0	0
Pf3D7_14_v3	1580001	1590000 	1.0	0
Pf3D7_14_v3	1590001	1600000 	1.0	0
Pf3D7_14_v3	1600001	1610000 	1.0	0
Pf3D7_14_v3	1610001	1620000 	1.0	0
Pf3D7_14_v3	1620001	1630000 	1.0	0
Pf3D7_14_v3	1630001	1640000 	1.0	0
Pf3D7_14_v3	1640001	1650000 	1.0	0
Pf3D7_14_v3	1650001	1660000 	1.0	0
Pf3D7_14_v3	1660001	1670000 	0.5	0
Pf3D7_14_v3	1670001	1680000 	1.0	0
Pf3D7_14_v3	1680001	1690000 	1.0	0
Pf3D7_14_v3	1690001	1700000 	0.5	0
Pf3D7_14_v3	1700001	1710000 	1.0	0
Pf3D7_14_v3	1710001	1720000 	0.5	0
Pf3D7_14_v3	1720001	1730000 	1.0	0
Pf3D7_14_v3	1730001	1740000 	1.0	0
Pf3D7_14_v3	1740001	1750000 	0.5	0
Pf3D7_14_v3	1750001	1760000 	1.0	0
Pf3D7_14_v3	1760001	1770000 	1.0	0
Pf3D7_14_v3	1770001	1780000 	1.0	0
Pf3D7_14_v3	1780001	1790000 	1.0	0
Pf3D7_14_v3	1790001	1800000 	1.0	0
Pf3D7_14_v3	1800001	1810000 	1.0	0
Pf3D7_14_v3	1810001	1820000 	1.0	0
Pf3D7_14_v3	1820001	1830000 	0.5	0
Pf3D7_14_v3	1830001	1840000 	1.0	0
Pf3D7_14_v3	1840001	1850000 	1.0	0
Pf3D7_14_v3	1850001	1860000 	1.0	0
Pf3D7_14_v3	1860001	1870000 	1.0	0
Pf3D7_14_v3	1870001	1880000 	1.0	0
Pf3D7_14_v3	1880001	1890000 	1.0	0
Pf3D7_14_v3	1890001	1900000 	1.0	0
Pf3D7_14_v3	1900001	1910000 	1.0	0
Pf3D7_14_v3	1910001	1920000 	1.0	0
Pf3D7_14_v3	1920001	1930000 	1.0	0
Pf3D7_14_v3	1930001	1940000 	1.0	0
Pf3D7_14_v3	1940001	1950000 	0.5	0
Pf3D7_14_v3	1950001	1960000 	0.5	29
Pf3D7_14_v3	1960001	1970000 	0.5	29
Pf3D7_14_v3	1970001	1980000 	1.0	0
Pf3D7_14_v3	1980001	1990000 	1.0	0
Pf3D7_14_v3	1990001	2000000 	1.0	0
Pf3D7_14_v3	2000001	2010000 	1.0	0
Pf3D7_14_v3	2010001	2020000 	1.0	0
Pf3D7_14_v3	2020001	2030000 	0.5	0
Pf3D7_14_v3	2030001	2040000 	0.5	0
Pf3D7_14_v3	2040001	2050000 	0.5	0
Pf3D7_14_v3	2050001	2060000 	1.0	0
Pf3D7_14_v3	2060001	2070000 	1.0	0
Pf3D7_14_v3	2070001	2080000 	0.5	0
Pf3D7_14_v3	2080001	2090000 	0.5	0
Pf3D7_14_v3	2090001	2100000 	0.5	28
Pf3D7_14_v3	2100001	2110000 	1.0	0
Pf3D7_14_v3	2110001	2120000 	1.0	0
Pf3D7_14_v3	2120001	2130000 	1.0	0
Pf3D7_14_v3	2130001	2140000 	1.0	0
Pf3D7_14_v3	2140001	2150000 	1.0	0
Pf3D7_14_v3	2150001	2160000 	1.0	0
Pf3D7_14_v3	2160001	2170000 	1.0	0
Pf3D7_14_v3	2170001	2180000 	1.0	0
Pf3D7_14_v3	2180001	2190000 	1.0	0
Pf3D7_14_v3	2190001	2200000 	0.5	0
Pf3D7_14_v3	2200001	2210000 	1.0	0
Pf3D7_14_v3	2210001	2220000 	1.0	0
Pf3D7_14_v3	2220001	2230000 	0.5	0
Pf3D7_14_v3	2230001	2240000 	1.0	0
Pf3D7_14_v3	2240001	2250000 	0.5	0
Pf3D7_14_v3	2250001	2260000 	0.5	31
Pf3D7_14_v3	2260001	2270000 	1.0	0
Pf3D7_14_v3	2270001	2280000 	1.0	0
Pf3D7_14_v3	2280001	2290000 	1.0	0
Pf3D7_14_v3	2290001	2300000 	1.0	0
Pf3D7_14_v3	2300001	2310000 	0.5	0
Pf3D7_14_v3	2310001	2320000 	1.0	0
Pf3D7_14_v3	2320001	2330000 	0.5	0
Pf3D7_14_v3	2330001	2340000 	1.0	0
Pf3D7_14_v3	2340001	2350000 	0.5	0
Pf3D7_14_v3	2350001	2360000 	1.0	0
Pf3D7_14_v3	2360001	2370000 	1.0	0
Pf3D7_14_v3	2370001	2380000 	1.0	0
Pf3D7_14_v3	2380001	2390000 	1.0	0
Pf3D7_14_v3	2390001	2400000 	0.5	0
Pf3D7_14_v3	2400001	2410000 	1.0	0
Pf3D7_14_v3	2410001	2420000 	1.0	0
Pf3D7_14_v3	2420001	2430000 	1.0	0
Pf3D7_14_v3	2430001	2440000 	0.5	0
Pf3D7_14_v3	2440001	2450000 	0.0	28
Pf3D7_14_v3	2450001	2460000 	1.0	0
Pf3D7_14_v3	2460001	2470000 	1.0	0
Pf3D7_14_v3	2470001	2480000 	1.0	0
Pf3D7_14_v3	2480001	2490000 	1.0	0
Pf3D7_14_v3	2490001	2500000 	1.0	0
Pf3D7_14_v3	2500001	2510000 	0.5	0
Pf3D7_14_v3	2510001	2520000 	0.5	0
Pf3D7_14_v3	2520001	2530000 	1.0	0
Pf3D7_14_v3	2530001	2540000 	1.0	0
Pf3D7_14_v3	2540001	2550000 	0.5	0
Pf3D7_14_v3	2550001	2560000 	1.0	0
Pf3D7_14_v3	2560001	2570000 	0.5	0
Pf3D7_14_v3	2570001	2580000 	1.0	0
Pf3D7_14_v3	2580001	2590000 	1.0	0
Pf3D7_14_v3	2590001	2600000 	1.0	0
Pf3D7_14_v3	2600001	2610000 	1.0	0
Pf3D7_14_v3	2610001	2620000 	1.0	0
Pf3D7_14_v3	2620001	2630000 	1.0	0
Pf3D7_14_v3	2630001	2640000 	1.0	0
Pf3D7_14_v3	2640001	2650000 	0.5	1
Pf3D7_14_v3	2650001	2660000 	1.0	0
Pf3D7_14_v3	2660001	2670000 	1.0	0
Pf3D7_14_v3	2670001	2680000 	1.0	0
Pf3D7_14_v3	2680001	2690000 	1.0	0
Pf3D7_14_v3	2690001	2700000 	1.0	0
Pf3D7_14_v3	2700001	2710000 	1.0	0
Pf3D7_14_v3	2710001	2720000 	1.0	0
Pf3D7_14_v3	2720001	2730000 	1.0	0
Pf3D7_14_v3	2730001	2740000 	1.0	0
Pf3D7_14_v3	2740001	2750000 	1.0	0
Pf3D7_14_v3	2750001	2760000 	1.0	0
Pf3D7_14_v3	2760001	2770000 	0.5	0
Pf3D7_14_v3	2770001	2780000 	0.5	0
Pf3D7_14_v3	2780001	2790000 	1.0	0
Pf3D7_14_v3	2790001	2800000 	0.5	0
Pf3D7_14_v3	2800001	2810000 	1.0	1
Pf3D7_14_v3	2810001	2820000 	1.0	0
Pf3D7_14_v3	2820001	2830000 	0.5	0
Pf3D7_14_v3	2830001	2840000 	1.0	0
Pf3D7_14_v3	2840001	2850000 	0.5	0
Pf3D7_14_v3	2850001	2860000 	0.5	32
Pf3D7_14_v3	2860001	2870000 	1.0	0
Pf3D7_14_v3	2870001	2880000 	1.0	0
Pf3D7_14_v3	2880001	2890000 	0.5	0
Pf3D7_14_v3	2890001	2900000 	0.5	33
Pf3D7_14_v3	2900001	2910000 	0.5	33
Pf3D7_14_v3	2910001	2920000 	1.0	0
Pf3D7_14_v3	2920001	2930000 	1.0	0
Pf3D7_14_v3	2930001	2940000 	0.5	0
Pf3D7_14_v3	2940001	2950000 	0.5	29
Pf3D7_14_v3	2950001	2960000 	1.0	0
Pf3D7_14_v3	2960001	2970000 	1.0	0
Pf3D7_14_v3	2970001	2980000 	0.5	0
Pf3D7_14_v3	2980001	2990000 	0.5	0
Pf3D7_14_v3	2990001	3000000 	0.5	0
Pf3D7_14_v3	3000001	3010000 	0.5	31
Pf3D7_14_v3	3010001	3020000 	1.0	0
Pf3D7_14_v3	3020001	3030000 	0.5	0
Pf3D7_14_v3	3030001	3040000 	1.0	0
Pf3D7_14_v3	3040001	3050000 	0.5	0
Pf3D7_14_v3	3050001	3060000 	0.5	30
Pf3D7_14_v3	3060001	3070000 	1.0	0
Pf3D7_14_v3	3070001	3080000 	0.5	0
Pf3D7_14_v3	3080001	3090000 	1.0	0
Pf3D7_14_v3	3090001	3100000 	1.0	0
Pf3D7_14_v3	3100001	3110000 	0.5	0
Pf3D7_14_v3	3110001	3120000 	1.0	0
Pf3D7_14_v3	3120001	3130000 	0.5	0
Pf3D7_14_v3	3130001	3140000 	1.0	1
Pf3D7_14_v3	3140001	3150000 	0.0	34
Pf3D7_14_v3	3150001	3160000 	1.0	0
Pf3D7_14_v3	3160001	3170000 	1.0	0
Pf3D7_14_v3	3170001	3180000 	1.0	0
Pf3D7_14_v3	3180001	3190000 	1.0	0
Pf3D7_14_v3	3190001	3200000 	0.5	0
Pf3D7_14_v3	3200001	3210000 	1.0	0
Pf3D7_14_v3	3210001	3220000 	1.0	0
Pf3D7_14_v3	3220001	3230000 	1.0	0
Pf3D7_14_v3	3230001	3240000 	1.0	0
Pf3D7_14_v3	3240001	3250000 	1.0	0
Pf3D7_14_v3	3250001	3260000 	0.5	0
Pf3D7_14_v3	3260001	3270000 	0.0	24
Pf3D7_14_v3	3270001	3280000 	0.0	31
Pf3D7_14_v3	3280001	3290000 	0.0	31
Pf3D7_14_v3	3290001	3300000 	0.0	31
