#/seq/plasmodium/sredmond//refs/Pf3D7_v3.fasta
#DISCO.vcf.gz
i	block	L	LD	N	AS	RS	NM	XS
1	Pf3D7_07_v3:476009 	186	20	1	186	1.0	0	31 
2	Pf3D7_07_v3:476196 	206	6	1	206	1.0	0	36 
3	Pf3D7_07_v3:476327 	201	2	1	189	0.94	3	39 
4	Pf3D7_07_v3:477191 	192	11	1	192	1.0	0	31 
5	Pf3D7_07_v3:477586 	161	43	1	161	1.0	0	36 
6	Pf3D7_07_v3:477766 	185	19	1	186	1.005	0	40 
7	Pf3D7_07_v3:477855 	185	19	1	185	1.0	0	37 
8	Pf3D7_07_v3:478148 	178	25	1	178	1.0	0	0 
9	Pf3D7_07_v3:478818 	188	15	1	188	1.0	0	45 
10	Pf3D7_07_v3:479648 	191	14	1	191	1.0	0	41 
11	Pf3D7_07_v3:479730 	191	14	1	190	0.995	0	38 
12	Pf3D7_07_v3:480231 	201	3	1	201	1.0	0	33 
13	Pf3D7_07_v3:480656 	211	11	1	211	1.0	0	33 
14	Pf3D7_07_v3:480867 	196	9	1	196	1.0	0	34 
15	Pf3D7_07_v3:480948 	242	55	1	242	1.0	0	80 
16	Pf3D7_07_v3:481022 	244	52	1	244	1.0	0	80 
17	Pf3D7_07_v3:481249 	204	3	1	204	1.0	0	35 
18	Pf3D7_07_v3:482343 	201	5	1	201	1.0	0	33 
19	Pf3D7_07_v3:482441 	206	11	1	206	1.0	0	42 
20	Pf3D7_07_v3:482487 	205	9	1	205	1.0	0	46 
21	Pf3D7_07_v3:482640 	168	35	1	168	1.0	0	58 
22	Pf3D7_07_v3:484198 	196	7	1	196	1.0	0	61 
23	Pf3D7_07_v3:484391 	198	5	1	198	1.0	0	41 
24	Pf3D7_07_v3:486106 	200	3	1	200	1.0	0	39 
25	Pf3D7_07_v3:486498 	199	5	1	199	1.0	0	48 
26	Pf3D7_07_v3:486696 	204	3	1	204	1.0	0	34 
27	Pf3D7_07_v3:487200 	207	6	1	207	1.0	0	0 
28	Pf3D7_07_v3:490102 	226	25	1	226	1.0	0	85 
29	Pf3D7_07_v3:491002 	203	2	1	203	1.0	0	33 
30	Pf3D7_07_v3:491473 	204	4	1	204	1.0	0	0 
31	Pf3D7_07_v3:491733 	203	2	1	203	1.0	0	31 
32	Pf3D7_07_v3:491851 	204	3	1	204	1.0	0	39 
33	Pf3D7_07_v3:492136 	190	16	1	190	1.0	0	0 
34	Pf3D7_07_v3:492252 	216	30	1	216	1.0	0	50 
35	Pf3D7_07_v3:492312 	216	30	1	216	1.0	0	50 
36	Pf3D7_07_v3:492436 	200	4	1	200	1.0	0	31 
37	Pf3D7_07_v3:493344 	216	15	1	216	1.0	0	60 
38	Pf3D7_07_v3:493498 	204	3	1	204	1.0	0	43 
39	Pf3D7_07_v3:493670 	226	25	1	226	1.0	0	59 
40	Pf3D7_07_v3:493950 	197	6	1	197	1.0	0	36 
41	Pf3D7_07_v3:494182 	204	3	1	204	1.0	0	0 
42	Pf3D7_07_v3:494502 	212	11	1	212	1.0	0	37 
43	Pf3D7_07_v3:494846 	218	17	1	218	1.0	0	56 
44	Pf3D7_07_v3:496829 	211	10	1	211	1.0	0	0 
45	Pf3D7_07_v3:498294 	195	10	1	195	1.0	0	38 
46	Pf3D7_07_v3:498344 	198	17	1	198	1.0	0	35 
47	Pf3D7_07_v3:498396 	198	18	1	199	1.005	0	34 
48	Pf3D7_07_v3:498439 	204	11	0	0	0	0	0 
49	Pf3D7_07_v3:498789 	201	2	1	201	1.0	0	32 
50	Pf3D7_07_v3:498916 	209	9	1	209	1.0	0	47 
51	Pf3D7_07_v3:499035 	203	8	1	203	1.0	0	33 
52	Pf3D7_07_v3:499116 	203	9	1	203	1.0	0	34 
53	Pf3D7_07_v3:499754 	166	38	2	368	2.217	0	106 
54	Pf3D7_07_v3:499754 	166	38	2	368	2.217	0	106 
55	Pf3D7_07_v3:500220 	208	7	1	208	1.0	0	36 
56	Pf3D7_07_v3:502668 	214	16	1	214	1.0	0	61 
57	Pf3D7_07_v3:503153 	226	25	1	226	1.0	0	54 
58	Pf3D7_07_v3:503357 	206	5	1	206	1.0	0	38 
59	Pf3D7_07_v3:503463 	208	7	1	208	1.0	0	44 
60	Pf3D7_07_v3:503609 	208	7	1	208	1.0	0	47 
61	Pf3D7_07_v3:503928 	216	16	1	216	1.0	0	56 
62	Pf3D7_07_v3:504154 	198	6	1	198	1.0	0	38 
63	Pf3D7_07_v3:504366 	208	9	1	208	1.0	0	0 
64	Pf3D7_07_v3:504461 	206	12	1	206	1.0	0	57 
65	Pf3D7_07_v3:504523 	204	9	1	204	1.0	0	57 
66	Pf3D7_07_v3:504917 	214	14	1	214	1.0	0	57 
67	Pf3D7_07_v3:505119 	200	9	1	200	1.0	0	45 
68	Pf3D7_07_v3:505179 	200	8	1	200	1.0	0	40 
69	Pf3D7_07_v3:507437 	201	2	1	201	1.0	0	36 
70	Pf3D7_07_v3:507911 	203	2	1	203	1.0	0	0 
71	Pf3D7_07_v3:508096 	204	5	1	204	1.0	0	39 
72	Pf3D7_07_v3:508412 	204	7	1	204	1.0	0	80 
73	Pf3D7_07_v3:508835 	199	6	1	199	1.0	0	195 
74	Pf3D7_07_v3:508933 	199	5	1	199	1.0	0	199 
75	Pf3D7_07_v3:509623 	203	6	1	203	1.0	0	183 
76	Pf3D7_07_v3:510026 	191	16	1	191	1.0	0	136 
77	Pf3D7_07_v3:510303 	198	11	1	198	1.0	0	129 
78	Pf3D7_07_v3:510632 	201	4	1	201	1.0	0	197 
79	Pf3D7_07_v3:510738 	199	9	1	199	1.0	0	195 
80	Pf3D7_07_v3:559296 	204	3	1	204	1.0	0	183 
81	Pf3D7_07_v3:560267 	222	22	1	222	1.0	0	125 
82	Pf3D7_07_v3:560466 	199	7	1	199	1.0	0	140 
83	Pf3D7_07_v3:560557 	199	7	1	199	1.0	0	169 
84	Pf3D7_07_v3:562688 	210	10	1	210	1.0	0	37 
85	Pf3D7_07_v3:563908 	201	14	1	201	1.0	0	0 
86	Pf3D7_07_v3:564019 	193	31	1	193	1.0	0	0 
87	Pf3D7_07_v3:564056 	190	30	1	190	1.0	0	0 
88	Pf3D7_07_v3:564086 	190	29	0	0	0	0	0 
89	Pf3D7_07_v3:564126 	191	26	1	191	1.0	0	106 
90	Pf3D7_07_v3:566644 	209	14	1	209	1.0	0	123 
91	Pf3D7_07_v3:566705 	209	14	1	205	0.981	1	161 
92	Pf3D7_07_v3:589467 	200	11	1	196	0.98	1	177 
93	Pf3D7_07_v3:589600 	204	8	1	200	0.98	1	180 
94	Pf3D7_07_v3:589768 	197	19	1	197	1.0	0	142 
95	Pf3D7_07_v3:589809 	200	27	1	200	1.0	0	121 
96	Pf3D7_07_v3:589907 	203	24	1	203	1.0	0	123 
97	Pf3D7_07_v3:589922 	204	22	0	0	0	0	0 
98	Pf3D7_07_v3:590109 	206	10	1	186	0.903	5	171 
99	Pf3D7_07_v3:590120 	206	12	1	186	0.903	5	165 
100	Pf3D7_07_v3:590251 	223	36	1	203	0.91	5	129 
101	Pf3D7_07_v3:590280 	223	37	0	0	0	0	0 
102	Pf3D7_07_v3:590318 	223	36	1	223	1.0	0	141 
103	Pf3D7_07_v3:599663 	204	10	1	204	1.0	0	0 
104	Pf3D7_07_v3:599823 	204	6	1	204	1.0	0	0 
105	Pf3D7_07_v3:599949 	204	13	1	204	1.0	0	0 
106	Pf3D7_07_v3:600181 	210	13	1	210	1.0	0	47 
107	Pf3D7_07_v3:600244 	222	28	1	222	1.0	0	32 
108	Pf3D7_07_v3:600305 	216	18	1	216	1.0	0	32 
109	Pf3D7_07_v3:600737 	194	17	1	194	1.0	0	0 
110	Pf3D7_07_v3:600985 	203	6	1	203	1.0	0	0 
111	Pf3D7_07_v3:601170 	204	8	1	204	1.0	0	0 
112	Pf3D7_07_v3:601482 	201	5	1	201	1.0	0	0 
113	Pf3D7_07_v3:601879 	198	10	1	198	1.0	0	45 
114	Pf3D7_07_v3:601935 	198	11	1	198	1.0	0	0 
115	Pf3D7_07_v3:602066 	207	9	1	207	1.0	0	0 
116	Pf3D7_07_v3:602191 	199	10	1	199	1.0	0	0 
117	Pf3D7_07_v3:602317 	212	19	1	212	1.0	0	30 
118	Pf3D7_07_v3:602355 	212	16	1	212	1.0	0	30 
119	Pf3D7_07_v3:603481 	200	4	1	200	1.0	0	47 
120	Pf3D7_07_v3:604033 	180	34	1	180	1.0	0	31 
121	Pf3D7_07_v3:604211 	216	25	1	216	1.0	0	39 
122	Pf3D7_07_v3:604247 	215	30	1	215	1.0	0	36 
123	Pf3D7_07_v3:604345 	217	29	1	217	1.0	0	35 
124	Pf3D7_07_v3:604515 	203	9	1	203	1.0	0	0 
125	Pf3D7_07_v3:604938 	208	16	1	208	1.0	0	33 
126	Pf3D7_07_v3:605057 	200	9	1	200	1.0	0	41 
127	Pf3D7_07_v3:605174 	210	12	1	210	1.0	0	82 
128	Pf3D7_07_v3:605204 	210	12	1	210	1.0	0	0 
129	Pf3D7_07_v3:605355 	200	12	1	200	1.0	0	0 
130	Pf3D7_07_v3:605447 	200	12	1	200	1.0	0	0 
131	Pf3D7_07_v3:605623 	196	11	1	196	1.0	0	158 
132	Pf3D7_07_v3:606613 	207	16	1	207	1.0	0	0 
133	Pf3D7_07_v3:606645 	207	16	1	207	1.0	0	0 
134	Pf3D7_07_v3:606837 	206	5	1	206	1.0	0	0 
135	Pf3D7_07_v3:607092 	203	17	1	203	1.0	0	0 
136	Pf3D7_07_v3:607123 	203	16	1	203	1.0	0	82 
137	Pf3D7_07_v3:608357 	200	5	1	200	1.0	0	0 
138	Pf3D7_07_v3:608560 	203	6	1	203	1.0	0	0 
139	Pf3D7_07_v3:608716 	188	25	1	188	1.0	0	0 
140	Pf3D7_07_v3:608754 	188	25	1	188	1.0	0	0 
141	Pf3D7_07_v3:608992 	205	5	1	205	1.0	0	31 
142	Pf3D7_07_v3:609040 	205	6	1	205	1.0	0	0 
143	Pf3D7_07_v3:609142 	199	6	1	199	1.0	0	0 
144	Pf3D7_07_v3:609262 	204	4	1	204	1.0	0	100 
145	Pf3D7_07_v3:610802 	206	6	1	206	1.0	0	34 
146	Pf3D7_07_v3:611559 	194	10	1	194	1.0	0	0 
147	Pf3D7_07_v3:611607 	191	14	1	191	1.0	0	0 
148	Pf3D7_07_v3:611685 	193	12	1	193	1.0	0	0 
149	Pf3D7_07_v3:611848 	208	11	1	208	1.0	0	37 
150	Pf3D7_07_v3:611938 	208	10	1	208	1.0	0	49 
151	Pf3D7_07_v3:612042 	198	6	1	65	0.328	0	39 
152	Pf3D7_07_v3:612182 	208	8	1	208	1.0	0	40 
153	Pf3D7_07_v3:612231 	208	8	1	208	1.0	0	39 
154	Pf3D7_07_v3:612595 	214	13	1	214	1.0	0	0 
155	Pf3D7_07_v3:613802 	180	24	1	180	1.0	0	33 
156	Pf3D7_07_v3:613860 	180	25	1	180	1.0	0	47 
157	Pf3D7_07_v3:614071 	218	18	1	218	1.0	0	79 
158	Pf3D7_07_v3:614272 	182	23	1	182	1.0	0	0 
159	Pf3D7_07_v3:617311 	204	23	1	209	1.025	0	35 
160	Pf3D7_07_v3:617338 	204	23	1	204	1.0	0	35 
161	Pf3D7_07_v3:617409 	204	23	0	0	0	0	0 
162	Pf3D7_07_v3:617544 	218	18	1	213	0.977	0	59 
163	Pf3D7_07_v3:617793 	178	26	1	185	1.039	0	0 
164	Pf3D7_07_v3:617887 	178	26	1	178	1.0	0	35 
165	Pf3D7_07_v3:620034 	190	14	1	183	0.963	0	54 
166	Pf3D7_07_v3:620142 	189	17	1	196	1.037	0	56 
167	Pf3D7_07_v3:621071 	207	7	1	207	1.0	0	42 
168	Pf3D7_07_v3:621136 	207	7	1	207	1.0	0	45 
169	Pf3D7_07_v3:621626 	210	9	1	210	1.0	0	70 
170	Pf3D7_07_v3:621998 	213	13	1	213	1.0	0	65 
171	Pf3D7_07_v3:622041 	213	13	1	213	1.0	0	56 
172	Pf3D7_07_v3:623837 	203	4	1	203	1.0	0	43 
173	Pf3D7_07_v3:625608 	209	8	1	209	1.0	0	58 
174	Pf3D7_07_v3:626129 	194	9	1	194	1.0	0	36 
175	Pf3D7_07_v3:626291 	217	19	1	217	1.0	0	37 
176	Pf3D7_07_v3:626561 	210	9	1	210	1.0	0	45 
177	Pf3D7_07_v3:626840 	196	7	1	196	1.0	0	0 
178	Pf3D7_07_v3:626952 	198	5	1	198	1.0	0	67 
179	Pf3D7_07_v3:629517 	203	5	1	159	0.783	11	63 
180	Pf3D7_07_v3:630482 	211	10	1	211	1.0	0	0 
181	Pf3D7_07_v3:631202 	187	17	1	187	1.0	0	47 
182	Pf3D7_07_v3:631520 	205	4	1	205	1.0	0	37 
183	Pf3D7_07_v3:634208 	211	13	1	211	1.0	0	39 
184	Pf3D7_07_v3:634328 	211	11	1	211	1.0	0	31 
185	Pf3D7_07_v3:634707 	181	23	1	181	1.0	0	33 
186	Pf3D7_07_v3:635199 	196	7	1	196	1.0	0	0 
187	Pf3D7_07_v3:636498 	217	16	1	217	1.0	0	75 
188	Pf3D7_07_v3:637791 	201	3	1	201	1.0	0	34 
189	Pf3D7_07_v3:638377 	203	2	1	203	1.0	0	30 
190	Pf3D7_07_v3:638524 	198	5	1	198	1.0	0	30 
191	Pf3D7_07_v3:638897 	194	11	1	194	1.0	0	39 
192	Pf3D7_07_v3:638932 	196	14	1	196	1.0	0	44 
193	Pf3D7_07_v3:639005 	200	8	0	0	0	0	0 
194	Pf3D7_07_v3:639528 	203	3	1	203	1.0	0	36 
195	Pf3D7_07_v3:639707 	220	19	1	220	1.0	0	51 
196	Pf3D7_07_v3:639992 	182	21	1	182	1.0	0	31 
197	Pf3D7_07_v3:640141 	200	3	1	200	1.0	0	0 
198	Pf3D7_07_v3:642147 	184	19	1	184	1.0	0	34 
199	Pf3D7_07_v3:642310 	203	2	1	203	1.0	0	0 
200	Pf3D7_07_v3:642927 	201	2	1	201	1.0	0	36 
201	Pf3D7_07_v3:643519 	196	7	1	196	1.0	0	34 
202	Pf3D7_07_v3:643685 	205	9	1	205	1.0	0	37 
203	Pf3D7_07_v3:643756 	205	9	1	205	1.0	0	37 
204	Pf3D7_07_v3:643987 	201	2	1	201	1.0	0	42 
205	Pf3D7_07_v3:644142 	204	5	1	204	1.0	0	53 
206	Pf3D7_07_v3:644488 	203	2	1	203	1.0	0	35 
207	Pf3D7_07_v3:645196 	200	3	1	200	1.0	0	38 
208	Pf3D7_07_v3:645415 	214	14	1	214	1.0	0	54 
209	Pf3D7_07_v3:645840 	206	5	1	206	1.0	0	38 
210	Pf3D7_07_v3:645947 	196	7	1	196	1.0	0	36 
211	Pf3D7_07_v3:646165 	208	7	1	208	1.0	0	54 
212	Pf3D7_07_v3:646591 	204	3	1	204	1.0	0	51 
213	Pf3D7_07_v3:648859 	216	16	1	216	1.0	0	64 
214	Pf3D7_07_v3:648909 	216	16	1	216	1.0	0	64 
215	Pf3D7_07_v3:649142 	216	15	1	216	1.0	0	61 
216	Pf3D7_07_v3:649325 	200	3	1	200	1.0	0	0 
217	Pf3D7_07_v3:649630 	214	70	2	416	1.944	0	88 
218	Pf3D7_07_v3:649630 	214	70	2	416	1.944	0	88 
219	Pf3D7_07_v3:649710 	214	64	0	0	0	0	0 
220	Pf3D7_07_v3:649710 	214	64	0	0	0	0	0 
221	Pf3D7_07_v3:650369 	186	17	1	186	1.0	0	36 
222	Pf3D7_07_v3:650554 	219	28	1	222	1.014	0	36 
223	Pf3D7_07_v3:650654 	219	30	1	219	1.0	0	62 
224	Pf3D7_07_v3:653756 	205	4	1	205	1.0	0	41 
225	Pf3D7_07_v3:655261 	202	6	1	202	1.0	0	39 
226	Pf3D7_07_v3:655321 	202	6	1	199	0.985	0	39 
227	Pf3D7_07_v3:655458 	203	2	0	0	0	0	0 
228	Pf3D7_07_v3:656029 	207	6	1	207	1.0	0	46 
229	Pf3D7_07_v3:656423 	208	7	1	208	1.0	0	48 
230	Pf3D7_07_v3:656535 	203	3	1	203	1.0	0	48 
231	Pf3D7_07_v3:657350 	201	2	1	201	1.0	0	57 
232	Pf3D7_07_v3:657977 	52	151	1	101	1.942	0	101 
233	Pf3D7_07_v3:662495 	218	17	1	169	0.775	0	41 
234	Pf3D7_07_v3:663210 	206	5	1	206	1.0	0	48 
235	Pf3D7_07_v3:663670 	200	3	1	200	1.0	0	37 
236	Pf3D7_07_v3:664177 	192	12	1	192	1.0	0	48 
237	Pf3D7_07_v3:664586 	176	30	1	176	1.0	0	0 
238	Pf3D7_07_v3:664784 	201	2	1	201	1.0	0	41 
239	Pf3D7_07_v3:665327 	190	14	1	190	1.0	0	70 
240	Pf3D7_07_v3:666205 	217	16	1	217	1.0	0	51 
241	Pf3D7_07_v3:666469 	226	25	1	226	1.0	0	40 
242	Pf3D7_07_v3:666875 	226	25	1	226	1.0	0	40 
243	Pf3D7_07_v3:667564 	200	3	1	200	1.0	0	32 
244	Pf3D7_07_v3:667858 	216	34	1	216	1.0	0	43 
245	Pf3D7_07_v3:667933 	216	35	1	216	1.0	0	43 
246	Pf3D7_07_v3:668593 	203	7	1	131	0.645	18	178 
247	Pf3D7_07_v3:670034 	170	33	1	170	1.0	0	40 
248	Pf3D7_07_v3:670312 	210	10	1	210	1.0	0	47 
249	Pf3D7_07_v3:670380 	210	10	1	210	1.0	0	43 
250	Pf3D7_07_v3:670940 	192	11	1	192	1.0	0	35 
251	Pf3D7_07_v3:671952 	218	19	1	210	0.963	0	32 
252	Pf3D7_07_v3:672048 	219	19	1	194	0.886	6	40 
253	Pf3D7_07_v3:672237 	201	2	1	201	1.0	0	0 
254	Pf3D7_07_v3:673015 	203	2	1	203	1.0	0	33 
255	Pf3D7_07_v3:673132 	206	5	1	206	1.0	0	56 
256	Pf3D7_07_v3:674426 	196	11	1	196	1.0	0	42 
257	Pf3D7_07_v3:674490 	196	10	1	196	1.0	0	42 
258	Pf3D7_07_v3:674856 	186	17	1	186	1.0	0	62 
259	Pf3D7_07_v3:675259 	206	5	1	206	1.0	0	41 
260	Pf3D7_07_v3:675419 	194	9	1	194	1.0	0	0 
261	Pf3D7_07_v3:675652 	212	13	1	212	1.0	0	48 
262	Pf3D7_07_v3:675804 	198	5	1	198	1.0	0	0 
263	Pf3D7_07_v3:675989 	200	3	1	200	1.0	0	36 
264	Pf3D7_07_v3:676922 	187	16	1	187	1.0	0	0 
265	Pf3D7_07_v3:677025 	202	32	1	205	1.015	1	0 
266	Pf3D7_07_v3:677895 	208	7	1	208	1.0	0	0 
267	Pf3D7_07_v3:678767 	250	51	1	250	1.0	0	136 
268	Pf3D7_07_v3:679102 	208	7	1	208	1.0	0	31 
269	Pf3D7_07_v3:680499 	190	15	1	190	1.0	0	94 
270	Pf3D7_07_v3:682729 	214	13	1	214	1.0	0	45 
271	Pf3D7_07_v3:682891 	205	5	1	205	1.0	0	48 
272	Pf3D7_07_v3:683063 	200	6	1	200	1.0	0	48 
273	Pf3D7_07_v3:683277 	190	13	1	190	1.0	0	33 
274	Pf3D7_07_v3:683649 	190	14	1	190	1.0	0	35 
275	Pf3D7_07_v3:683975 	207	6	1	207	1.0	0	43 
276	Pf3D7_07_v3:684234 	190	13	1	190	1.0	0	33 
277	Pf3D7_07_v3:684394 	206	5	1	206	1.0	0	30 
278	Pf3D7_07_v3:684710 	226	25	1	226	1.0	0	86 
279	Pf3D7_07_v3:684898 	197	6	1	197	1.0	0	67 
280	Pf3D7_07_v3:685223 	190	13	1	190	1.0	0	30 
281	Pf3D7_07_v3:686763 	212	18	1	212	1.0	0	65 
282	Pf3D7_07_v3:687018 	215	14	1	215	1.0	0	0 
283	Pf3D7_07_v3:687205 	208	7	1	208	1.0	0	48 
284	Pf3D7_07_v3:687360 	203	2	1	203	1.0	0	0 
285	Pf3D7_07_v3:687491 	159	44	1	159	1.0	0	0 
286	Pf3D7_07_v3:688015 	204	3	1	204	1.0	0	51 
287	Pf3D7_07_v3:688242 	208	7	1	208	1.0	0	39 
288	Pf3D7_07_v3:689038 	190	13	1	190	1.0	0	39 
289	Pf3D7_07_v3:689145 	182	22	1	190	1.044	1	47 
290	Pf3D7_07_v3:689436 	184	19	1	184	1.0	0	53 
291	Pf3D7_07_v3:689668 	210	9	1	210	1.0	0	64 
292	Pf3D7_07_v3:689950 	203	2	1	203	1.0	0	44 
293	Pf3D7_07_v3:690588 	184	20	1	184	1.0	0	35 
294	Pf3D7_07_v3:690906 	184	19	1	184	1.0	0	45 
295	Pf3D7_07_v3:693368 	216	15	1	216	1.0	0	56 
296	Pf3D7_07_v3:693490 	204	3	1	204	1.0	0	0 
297	Pf3D7_07_v3:693653 	188	15	1	188	1.0	0	37 
298	Pf3D7_07_v3:693900 	200	9	1	200	1.0	0	34 
299	Pf3D7_07_v3:693982 	200	9	1	200	1.0	0	40 
300	Pf3D7_07_v3:694141 	206	5	1	206	1.0	0	35 
301	Pf3D7_07_v3:694289 	197	8	1	197	1.0	0	46 
302	Pf3D7_07_v3:694904 	190	13	1	190	1.0	0	50 
303	Pf3D7_07_v3:695196 	188	18	1	188	1.0	0	34 
304	Pf3D7_07_v3:695265 	188	18	1	188	1.0	0	39 
305	Pf3D7_07_v3:695412 	203	1	1	182	0.897	8	52 
306	Pf3D7_07_v3:695550 	213	20	1	213	1.0	0	64 
307	Pf3D7_07_v3:697040 	196	7	1	196	1.0	0	31 
308	Pf3D7_07_v3:697207 	208	7	1	195	0.938	4	50 
309	Pf3D7_07_v3:697252 	207	7	1	194	0.937	4	50 
310	Pf3D7_07_v3:697391 	203	5	0	0	0	0	0 
311	Pf3D7_07_v3:697456 	217	20	1	217	1.0	0	52 
312	Pf3D7_07_v3:697515 	205	28	1	215	1.049	0	46 
313	Pf3D7_07_v3:697616 	194	14	0	0	0	0	0 
314	Pf3D7_07_v3:697714 	186	23	1	186	1.0	0	34 
315	Pf3D7_07_v3:697784 	196	12	1	186	0.949	0	35 
316	Pf3D7_07_v3:698424 	184	19	1	184	1.0	0	32 
317	Pf3D7_07_v3:698754 	198	5	1	198	1.0	0	37 
318	Pf3D7_07_v3:698954 	201	2	1	201	1.0	0	53 
319	Pf3D7_07_v3:699123 	200	3	1	200	1.0	0	65 
320	Pf3D7_07_v3:700951 	213	16	1	213	1.0	0	72 
321	Pf3D7_07_v3:701062 	200	6	1	200	1.0	0	72 
322	Pf3D7_07_v3:701206 	206	6	1	206	1.0	0	33 
323	Pf3D7_07_v3:701624 	198	5	1	198	1.0	0	54 
324	Pf3D7_07_v3:702459 	186	17	1	186	1.0	0	37 
325	Pf3D7_07_v3:702578 	200	3	1	200	1.0	0	34 
326	Pf3D7_07_v3:702956 	208	7	1	208	1.0	0	67 
327	Pf3D7_07_v3:703080 	212	12	1	212	1.0	0	42 
328	Pf3D7_07_v3:703158 	212	12	0	0	0	0	0 
329	Pf3D7_07_v3:703662 	187	16	1	187	1.0	0	42 
330	Pf3D7_07_v3:704623 	208	7	1	208	1.0	0	0 
331	Pf3D7_07_v3:706141 	217	24	1	217	1.0	0	51 
332	Pf3D7_07_v3:706252 	220	29	1	220	1.0	0	37 
333	Pf3D7_07_v3:706269 	220	27	0	0	0	0	0 
334	Pf3D7_07_v3:706813 	201	11	1	201	1.0	0	55 
335	Pf3D7_07_v3:706861 	201	10	1	201	1.0	0	55 
336	Pf3D7_07_v3:707290 	200	3	1	200	1.0	0	0 
337	Pf3D7_07_v3:707484 	188	15	1	188	1.0	0	42 
338	Pf3D7_07_v3:707632 	178	25	1	178	1.0	0	41 
339	Pf3D7_07_v3:708411 	142	63	1	119	0.838	5	142 
340	Pf3D7_07_v3:708623 	178	25	1	178	1.0	0	75 
341	Pf3D7_07_v3:711029 	206	5	1	206	1.0	0	39 
342	Pf3D7_07_v3:711174 	199	4	1	199	1.0	0	53 
343	Pf3D7_07_v3:711464 	216	15	1	216	1.0	0	55 
344	Pf3D7_07_v3:711632 	204	5	1	204	1.0	0	32 
345	Pf3D7_07_v3:711743 	200	3	1	200	1.0	0	39 
346	Pf3D7_07_v3:711994 	198	7	1	198	1.0	0	65 
347	Pf3D7_07_v3:712278 	186	17	1	186	1.0	0	49 
348	Pf3D7_07_v3:713187 	220	20	1	220	1.0	0	37 
349	Pf3D7_07_v3:715033 	203	2	1	203	1.0	0	40 
350	Pf3D7_07_v3:715329 	196	7	1	196	1.0	0	59 
351	Pf3D7_07_v3:715633 	182	21	1	182	1.0	0	37 
352	Pf3D7_07_v3:715752 	178	26	1	196	1.101	0	39 
353	Pf3D7_07_v3:716078 	200	4	1	200	1.0	0	41 
354	Pf3D7_07_v3:716196 	176	27	1	176	1.0	0	0 
355	Pf3D7_07_v3:716403 	205	5	1	205	1.0	0	36 
356	Pf3D7_07_v3:716493 	205	5	1	205	1.0	0	0 
357	Pf3D7_07_v3:716629 	196	7	1	196	1.0	0	55 
358	Pf3D7_07_v3:716754 	217	17	1	217	1.0	0	46 
359	Pf3D7_07_v3:716828 	217	17	0	0	0	0	0 
360	Pf3D7_07_v3:717157 	214	14	2	228	1.065	0	128 
361	Pf3D7_07_v3:717201 	215	14	1	172	0.8	10	71 
362	Pf3D7_07_v3:717783 	227	25	2	208	0.916	14	0 
363	Pf3D7_07_v3:718776 	218	17	1	218	1.0	0	62 
364	Pf3D7_07_v3:718969 	207	6	1	180	0.87	6	42 
365	Pf3D7_07_v3:719295 	200	3	1	200	1.0	0	37 
366	Pf3D7_07_v3:719439 	206	9	1	206	1.0	0	52 
367	Pf3D7_07_v3:719684 	207	6	1	207	1.0	0	31 
368	Pf3D7_07_v3:719860 	205	4	1	205	1.0	0	32 
369	Pf3D7_07_v3:720289 	204	3	1	204	1.0	0	37 
370	Pf3D7_07_v3:720535 	203	2	1	186	0.916	6	61 
371	Pf3D7_07_v3:720823 	201	2	1	201	1.0	0	0 
372	Pf3D7_07_v3:720946 	202	6	1	202	1.0	0	47 
373	Pf3D7_07_v3:720992 	202	6	0	0	0	0	0 
374	Pf3D7_07_v3:721590 	202	3	1	191	0.946	2	63 
375	Pf3D7_07_v3:721666 	201	4	1	190	0.945	2	63 
376	Pf3D7_07_v3:721925 	203	3	1	203	1.0	0	30 
377	Pf3D7_07_v3:722246 	204	3	1	204	1.0	0	38 
378	Pf3D7_07_v3:722523 	182	21	1	182	1.0	0	36 
379	Pf3D7_07_v3:723355 	175	30	1	162	0.926	4	0 
380	Pf3D7_07_v3:723419 	174	30	1	161	0.925	4	0 
381	Pf3D7_07_v3:723695 	203	2	1	203	1.0	0	32 
382	Pf3D7_07_v3:723959 	203	1	1	190	0.936	4	38 
383	Pf3D7_07_v3:724185 	221	20	1	166	0.751	20	45 
384	Pf3D7_07_v3:724255 	220	20	1	185	0.841	2	46 
385	Pf3D7_07_v3:724425 	182	22	1	182	1.0	0	35 
386	Pf3D7_07_v3:724477 	182	22	1	182	1.0	0	43 
387	Pf3D7_07_v3:724823 	182	21	1	182	1.0	0	61 
388	Pf3D7_07_v3:725130 	200	3	1	200	1.0	0	39 
389	Pf3D7_07_v3:725616 	203	1	1	192	0.946	2	45 
390	Pf3D7_07_v3:725784 	196	14	1	196	1.0	0	67 
391	Pf3D7_07_v3:725825 	196	14	1	196	1.0	0	67 
392	Pf3D7_07_v3:727199 	227	62	1	140	0.617	0	47 
393	Pf3D7_07_v3:727266 	226	62	1	137	0.606	14	56 
394	Pf3D7_07_v3:727484 	200	4	1	200	1.0	0	47 
395	Pf3D7_07_v3:727686 	203	5	1	150	0.739	24	51 
396	Pf3D7_07_v3:727942 	195	10	1	197	1.01	0	49 
397	Pf3D7_07_v3:728043 	195	10	1	196	1.005	1	75 
398	Pf3D7_07_v3:728696 	199	4	1	197	0.99	0	0 
399	Pf3D7_07_v3:729073 	136	67	1	136	1.0	0	0 
400	Pf3D7_07_v3:731151 	187	19	1	187	1.0	0	43 
401	Pf3D7_07_v3:731358 	178	25	1	178	1.0	0	50 
402	Pf3D7_07_v3:731508 	231	29	5	339	1.468	0	152 
403	Pf3D7_07_v3:731910 	157	47	1	157	1.0	0	60 
404	Pf3D7_07_v3:731979 	157	47	1	157	1.0	0	60 
405	Pf3D7_07_v3:733060 	211	9	1	150	0.711	16	52 
406	Pf3D7_07_v3:733246 	192	11	1	192	1.0	0	45 
407	Pf3D7_07_v3:733495 	203	2	1	203	1.0	0	0 
408	Pf3D7_07_v3:733640 	212	11	1	212	1.0	0	54 
409	Pf3D7_07_v3:733926 	207	6	1	190	0.918	6	32 
410	Pf3D7_07_v3:734003 	206	6	1	189	0.917	6	47 
411	Pf3D7_07_v3:734108 	203	1	0	0	0	0	0 
412	Pf3D7_07_v3:734382 	207	8	1	207	1.0	0	38 
413	Pf3D7_07_v3:734523 	198	5	1	198	1.0	0	36 
414	Pf3D7_07_v3:734886 	207	5	1	166	0.802	16	43 
415	Pf3D7_07_v3:735180 	200	3	1	200	1.0	0	31 
416	Pf3D7_07_v3:735314 	218	22	1	200	0.917	0	47 
417	Pf3D7_07_v3:735406 	219	22	1	178	0.813	9	46 
418	Pf3D7_07_v3:735710 	198	5	1	198	1.0	0	38 
419	Pf3D7_07_v3:735950 	203	1	1	190	0.936	4	33 
420	Pf3D7_07_v3:737458 	207	8	1	207	1.0	0	39 
421	Pf3D7_07_v3:737504 	207	8	1	207	1.0	0	39 
422	Pf3D7_07_v3:737920 	183	21	1	183	1.0	0	46 
423	Pf3D7_07_v3:738432 	197	6	1	197	1.0	0	0 
424	Pf3D7_07_v3:739068 	184	19	1	184	1.0	0	36 
425	Pf3D7_07_v3:739255 	203	1	1	170	0.837	14	35 
426	Pf3D7_07_v3:739448 	203	1	1	186	0.916	4	54 
427	Pf3D7_07_v3:739590 	204	4	1	193	0.946	3	38 
428	Pf3D7_07_v3:739637 	203	4	0	0	0	0	0 
429	Pf3D7_07_v3:739911 	222	22	1	222	1.0	0	77 
430	Pf3D7_07_v3:740359 	208	8	1	208	1.0	0	45 
431	Pf3D7_07_v3:740576 	205	4	1	205	1.0	0	33 
432	Pf3D7_07_v3:740767 	203	2	1	203	1.0	0	34 
433	Pf3D7_07_v3:740959 	218	19	1	218	1.0	0	47 
434	Pf3D7_07_v3:741068 	192	13	1	192	1.0	0	51 
435	Pf3D7_07_v3:741241 	203	2	1	168	0.828	10	53 
436	Pf3D7_07_v3:741632 	203	10	1	203	1.0	0	61 
437	Pf3D7_07_v3:741728 	203	5	1	203	1.0	0	53 
438	Pf3D7_07_v3:742921 	239	37	1	162	0.678	18	0 
439	Pf3D7_07_v3:744747 	199	4	1	199	1.0	0	57 
440	Pf3D7_07_v3:745006 	204	4	1	204	1.0	0	55 
441	Pf3D7_07_v3:745131 	203	2	1	180	0.887	6	46 
442	Pf3D7_07_v3:745417 	172	33	1	172	1.0	0	59 
443	Pf3D7_07_v3:745910 	227	25	1	195	0.859	2	123 
444	Pf3D7_07_v3:746700 	209	7	1	182	0.871	8	0 
445	Pf3D7_07_v3:746945 	205	3	1	170	0.829	14	47 
446	Pf3D7_07_v3:747248 	244	46	1	244	1.0	0	64 
447	Pf3D7_07_v3:747376 	203	1	1	190	0.936	4	49 
448	Pf3D7_07_v3:747732 	136	70	1	136	1.0	0	54 
449	Pf3D7_07_v3:747840 	135	72	1	151	1.119	2	32 
450	Pf3D7_07_v3:748077 	192	12	1	192	1.0	0	39 
451	Pf3D7_07_v3:748142 	192	12	1	192	1.0	0	40 
452	Pf3D7_07_v3:748366 	201	2	1	201	1.0	0	44 
453	Pf3D7_07_v3:748473 	197	6	1	197	1.0	0	41 
454	Pf3D7_07_v3:748752 	200	3	1	200	1.0	0	0 
455	Pf3D7_07_v3:749893 	195	8	1	195	1.0	0	42 
