#/seq/plasmodium/sredmond//refs/Pf3D7_v3.fasta
#HAPLO.vcf.gz
i	block	L	LD	N	AS	RS	NM	XS
1	Pf3D7_07_v3:474973 	196	7	1	196	1.0	0	0 
2	Pf3D7_07_v3:476009 	186	20	1	186	1.0	0	31 
3	Pf3D7_07_v3:476196 	206	6	1	206	1.0	0	36 
4	Pf3D7_07_v3:476327 	201	5	1	201	1.0	0	35 
5	Pf3D7_07_v3:477191 	192	11	1	192	1.0	0	31 
6	Pf3D7_07_v3:477586 	161	43	1	161	1.0	0	36 
7	Pf3D7_07_v3:477766 	185	19	1	186	1.005	0	40 
8	Pf3D7_07_v3:477855 	185	19	1	185	1.0	0	37 
9	Pf3D7_07_v3:478148 	178	25	1	178	1.0	0	0 
10	Pf3D7_07_v3:478818 	188	15	1	188	1.0	0	45 
11	Pf3D7_07_v3:479640 	191	14	1	191	1.0	0	36 
12	Pf3D7_07_v3:479650 	191	14	1	190	0.995	0	41 
13	Pf3D7_07_v3:479730 	191	14	0	0	0	0	0 
14	Pf3D7_07_v3:480231 	201	3	1	201	1.0	0	33 
15	Pf3D7_07_v3:480656 	211	11	1	211	1.0	0	33 
16	Pf3D7_07_v3:480867 	196	9	1	196	1.0	0	34 
17	Pf3D7_07_v3:480948 	242	55	1	242	1.0	0	80 
18	Pf3D7_07_v3:481022 	244	52	0	0	0	0	0 
19	Pf3D7_07_v3:481249 	204	3	1	204	1.0	0	35 
20	Pf3D7_07_v3:482343 	201	5	1	201	1.0	0	33 
21	Pf3D7_07_v3:482441 	206	11	1	206	1.0	0	42 
22	Pf3D7_07_v3:482487 	205	9	0	0	0	0	0 
23	Pf3D7_07_v3:482640 	168	35	1	168	1.0	0	58 
24	Pf3D7_07_v3:484198 	196	7	1	196	1.0	0	61 
25	Pf3D7_07_v3:484391 	198	5	1	198	1.0	0	41 
26	Pf3D7_07_v3:486106 	200	3	1	200	1.0	0	39 
27	Pf3D7_07_v3:486498 	199	5	1	199	1.0	0	48 
28	Pf3D7_07_v3:486696 	204	3	1	204	1.0	0	34 
29	Pf3D7_07_v3:487200 	207	6	1	207	1.0	0	0 
30	Pf3D7_07_v3:490102 	226	25	1	226	1.0	0	85 
31	Pf3D7_07_v3:491002 	203	2	1	203	1.0	0	33 
32	Pf3D7_07_v3:491473 	204	4	1	204	1.0	0	0 
33	Pf3D7_07_v3:491733 	203	2	1	203	1.0	0	31 
34	Pf3D7_07_v3:491851 	204	3	1	204	1.0	0	39 
35	Pf3D7_07_v3:492138 	190	16	1	190	1.0	0	0 
36	Pf3D7_07_v3:492142 	190	16	1	190	1.0	0	0 
37	Pf3D7_07_v3:492253 	216	29	0	0	0	0	0 
38	Pf3D7_07_v3:492254 	216	29	0	0	0	0	0 
39	Pf3D7_07_v3:492312 	216	30	0	0	0	0	0 
40	Pf3D7_07_v3:492436 	200	4	1	200	1.0	0	31 
41	Pf3D7_07_v3:493344 	216	15	1	216	1.0	0	60 
42	Pf3D7_07_v3:493498 	204	3	1	204	1.0	0	43 
43	Pf3D7_07_v3:493670 	226	25	1	226	1.0	0	59 
44	Pf3D7_07_v3:493950 	197	6	1	197	1.0	0	36 
45	Pf3D7_07_v3:494182 	204	3	1	204	1.0	0	0 
46	Pf3D7_07_v3:494502 	212	11	1	212	1.0	0	37 
47	Pf3D7_07_v3:494846 	218	17	1	218	1.0	0	56 
48	Pf3D7_07_v3:496829 	211	10	1	211	1.0	0	0 
49	Pf3D7_07_v3:498294 	195	10	1	195	1.0	0	38 
50	Pf3D7_07_v3:498344 	198	17	1	198	1.0	0	35 
51	Pf3D7_07_v3:498396 	198	18	0	0	0	0	0 
52	Pf3D7_07_v3:498439 	204	11	0	0	0	0	0 
53	Pf3D7_07_v3:498789 	201	2	1	201	1.0	0	32 
54	Pf3D7_07_v3:498905 	209	9	1	209	1.0	0	49 
55	Pf3D7_07_v3:498916 	209	9	0	0	0	0	0 
56	Pf3D7_07_v3:499035 	203	8	1	203	1.0	0	33 
57	Pf3D7_07_v3:499116 	203	9	1	203	1.0	0	34 
58	Pf3D7_07_v3:499754 	184	19	1	184	1.0	0	53 
59	Pf3D7_07_v3:500220 	208	7	1	208	1.0	0	36 
60	Pf3D7_07_v3:502646 	214	15	1	214	1.0	0	55 
61	Pf3D7_07_v3:502676 	214	15	1	214	1.0	0	61 
62	Pf3D7_07_v3:503153 	226	25	1	226	1.0	0	54 
63	Pf3D7_07_v3:503357 	206	5	1	206	1.0	0	38 
64	Pf3D7_07_v3:503463 	208	7	1	208	1.0	0	44 
65	Pf3D7_07_v3:503609 	208	7	1	208	1.0	0	47 
66	Pf3D7_07_v3:503906 	216	16	1	216	1.0	0	56 
67	Pf3D7_07_v3:503932 	216	16	1	216	1.0	0	56 
68	Pf3D7_07_v3:504154 	198	6	1	198	1.0	0	38 
69	Pf3D7_07_v3:504366 	208	9	1	208	1.0	0	0 
70	Pf3D7_07_v3:504461 	206	12	1	206	1.0	0	57 
71	Pf3D7_07_v3:504523 	204	9	0	0	0	0	0 
72	Pf3D7_07_v3:504917 	214	14	1	214	1.0	0	57 
73	Pf3D7_07_v3:505119 	200	9	1	200	1.0	0	45 
74	Pf3D7_07_v3:505179 	200	8	1	200	1.0	0	40 
75	Pf3D7_07_v3:507437 	201	2	1	201	1.0	0	36 
76	Pf3D7_07_v3:507911 	203	2	1	203	1.0	0	0 
77	Pf3D7_07_v3:508096 	204	5	1	204	1.0	0	39 
78	Pf3D7_07_v3:508412 	204	7	1	204	1.0	0	80 
79	Pf3D7_07_v3:508835 	199	6	1	199	1.0	0	195 
80	Pf3D7_07_v3:508933 	199	5	1	199	1.0	0	199 
81	Pf3D7_07_v3:509623 	203	6	1	203	1.0	0	183 
82	Pf3D7_07_v3:510026 	191	16	1	191	1.0	0	136 
83	Pf3D7_07_v3:510303 	198	11	1	198	1.0	0	129 
84	Pf3D7_07_v3:510632 	196	10	1	196	1.0	0	192 
85	Pf3D7_07_v3:510720 	198	11	1	198	1.0	0	194 
86	Pf3D7_07_v3:510747 	199	9	0	0	0	0	0 
87	Pf3D7_07_v3:513449 	206	7	2	231	1.121	1	216 
88	Pf3D7_07_v3:513451 	206	7	2	229	1.112	1	219 
89	Pf3D7_07_v3:544882 	203	11	1	193	0.951	1	183 
90	Pf3D7_07_v3:544893 	203	11	1	187	0.921	3	179 
91	Pf3D7_07_v3:551032 	199	7	1	176	0.884	5	176 
92	Pf3D7_07_v3:551537 	206	14	2	210	1.019	2	161 
93	Pf3D7_07_v3:551548 	206	14	2	195	0.947	0	153 
94	Pf3D7_07_v3:551549 	206	14	0	0	0	0	0 
95	Pf3D7_07_v3:551726 	208	26	0	0	0	0	0 
96	Pf3D7_07_v3:551785 	214	49	1	214	1.0	0	129 
97	Pf3D7_07_v3:551792 	214	47	1	214	1.0	0	128 
98	Pf3D7_07_v3:551799 	214	47	0	0	0	0	0 
99	Pf3D7_07_v3:551812 	214	47	0	0	0	0	0 
100	Pf3D7_07_v3:551818 	214	47	0	0	0	0	0 
101	Pf3D7_07_v3:551819 	214	47	0	0	0	0	0 
102	Pf3D7_07_v3:551830 	208	49	0	0	0	0	0 
103	Pf3D7_07_v3:551834 	207	51	0	0	0	0	0 
104	Pf3D7_07_v3:551841 	207	51	0	0	0	0	0 
105	Pf3D7_07_v3:551847 	207	51	0	0	0	0	0 
106	Pf3D7_07_v3:551854 	207	51	0	0	0	0	0 
107	Pf3D7_07_v3:551860 	207	51	0	0	0	0	0 
108	Pf3D7_07_v3:551923 	203	33	0	0	0	0	0 
109	Pf3D7_07_v3:551935 	204	28	0	0	0	0	0 
110	Pf3D7_07_v3:552077 	201	41	1	201	1.0	0	43 
111	Pf3D7_07_v3:552106 	201	44	1	201	1.0	0	66 
112	Pf3D7_07_v3:552123 	201	44	0	0	0	0	0 
113	Pf3D7_07_v3:552125 	201	44	0	0	0	0	0 
114	Pf3D7_07_v3:552151 	201	43	0	0	0	0	0 
115	Pf3D7_07_v3:552595 	202	21	1	178	0.881	1	159 
116	Pf3D7_07_v3:552606 	202	21	1	167	0.827	1	168 
117	Pf3D7_07_v3:559138 	216	20	2	218	1.009	5	129 
118	Pf3D7_07_v3:559156 	216	20	2	220	1.019	5	147 
119	Pf3D7_07_v3:559296 	204	3	0	0	0	0	0 
120	Pf3D7_07_v3:560267 	222	22	1	222	1.0	0	125 
121	Pf3D7_07_v3:560466 	199	7	1	199	1.0	0	140 
122	Pf3D7_07_v3:560557 	199	7	1	199	1.0	0	169 
123	Pf3D7_07_v3:562688 	210	10	1	210	1.0	0	37 
124	Pf3D7_07_v3:563908 	201	14	1	201	1.0	0	0 
125	Pf3D7_07_v3:564019 	193	31	1	193	1.0	0	0 
126	Pf3D7_07_v3:564056 	190	30	0	0	0	0	0 
127	Pf3D7_07_v3:564086 	190	29	0	0	0	0	0 
128	Pf3D7_07_v3:564091 	190	28	0	0	0	0	0 
129	Pf3D7_07_v3:564126 	191	26	1	191	1.0	0	106 
130	Pf3D7_07_v3:564877 	196	10	1	173	0.883	3	161 
131	Pf3D7_07_v3:566228 	202	9	1	202	1.0	0	163 
132	Pf3D7_07_v3:566263 	202	10	1	202	1.0	0	108 
133	Pf3D7_07_v3:566395 	204	9	0	0	0	0	0 
134	Pf3D7_07_v3:566647 	209	14	1	209	1.0	0	126 
135	Pf3D7_07_v3:566648 	209	14	1	209	1.0	0	127 
136	Pf3D7_07_v3:566705 	209	15	0	0	0	0	0 
137	Pf3D7_07_v3:568215 	185	35	1	181	0.978	1	93 
138	Pf3D7_07_v3:568232 	185	35	1	181	0.978	1	98 
139	Pf3D7_07_v3:568286 	185	34	0	0	0	0	0 
140	Pf3D7_07_v3:569943 	208	27	1	112	0.538	7	48 
141	Pf3D7_07_v3:569946 	208	27	1	112	0.538	7	0 
142	Pf3D7_07_v3:569956 	208	27	0	0	0	0	0 
143	Pf3D7_07_v3:569965 	208	27	0	0	0	0	0 
144	Pf3D7_07_v3:569967 	208	27	0	0	0	0	0 
145	Pf3D7_07_v3:572508 	202	22	1	149	0.738	2	0 
146	Pf3D7_07_v3:572511 	202	22	1	149	0.738	2	0 
147	Pf3D7_07_v3:579770 	196	9	1	180	0.918	4	143 
148	Pf3D7_07_v3:580099 	196	10	1	196	1.0	0	192 
149	Pf3D7_07_v3:580189 	194	11	1	187	0.964	1	183 
150	Pf3D7_07_v3:580216 	195	9	0	0	0	0	0 
151	Pf3D7_07_v3:581976 	205	33	1	201	0.98	1	123 
152	Pf3D7_07_v3:581981 	205	33	1	201	0.98	1	126 
153	Pf3D7_07_v3:581988 	205	33	0	0	0	0	0 
154	Pf3D7_07_v3:582028 	205	33	0	0	0	0	0 
155	Pf3D7_07_v3:582388 	202	21	1	202	1.0	0	127 
156	Pf3D7_07_v3:582396 	202	21	1	202	1.0	0	132 
157	Pf3D7_07_v3:589467 	200	9	1	189	0.945	0	162 
158	Pf3D7_07_v3:589583 	195	17	1	195	1.0	0	169 
159	Pf3D7_07_v3:589599 	195	17	0	0	0	0	0 
160	Pf3D7_07_v3:589611 	195	18	0	0	0	0	0 
161	Pf3D7_07_v3:590109 	206	10	1	186	0.903	5	171 
162	Pf3D7_07_v3:590120 	206	10	1	180	0.874	5	171 
163	Pf3D7_07_v3:590475 	205	9	2	208	1.015	4	181 
164	Pf3D7_07_v3:590476 	205	8	2	208	1.015	4	182 
165	Pf3D7_07_v3:597985 	204	5	1	204	1.0	0	0 
166	Pf3D7_07_v3:598335 	198	6	1	198	1.0	0	0 
167	Pf3D7_07_v3:598676 	214	15	1	214	1.0	0	39 
168	Pf3D7_07_v3:599138 	207	11	1	207	1.0	0	0 
169	Pf3D7_07_v3:599324 	204	4	1	204	1.0	0	42 
170	Pf3D7_07_v3:599674 	204	11	1	204	1.0	0	0 
171	Pf3D7_07_v3:599675 	204	11	1	204	1.0	0	0 
172	Pf3D7_07_v3:599823 	204	6	0	0	0	0	0 
173	Pf3D7_07_v3:599949 	204	13	1	204	1.0	0	0 
174	Pf3D7_07_v3:600181 	210	13	1	210	1.0	0	47 
175	Pf3D7_07_v3:600244 	222	28	1	222	1.0	0	32 
176	Pf3D7_07_v3:600318 	216	18	0	0	0	0	0 
177	Pf3D7_07_v3:600319 	216	18	0	0	0	0	0 
178	Pf3D7_07_v3:600738 	194	17	1	194	1.0	0	0 
179	Pf3D7_07_v3:600740 	194	16	1	194	1.0	0	0 
180	Pf3D7_07_v3:600985 	203	6	1	203	1.0	0	0 
181	Pf3D7_07_v3:601176 	204	11	1	187	0.917	4	40 
182	Pf3D7_07_v3:601178 	204	11	0	0	0	0	0 
183	Pf3D7_07_v3:601482 	201	5	1	201	1.0	0	0 
184	Pf3D7_07_v3:601879 	198	10	1	198	1.0	0	45 
185	Pf3D7_07_v3:601935 	198	11	1	198	1.0	0	0 
186	Pf3D7_07_v3:602066 	207	9	0	0	0	0	0 
187	Pf3D7_07_v3:602191 	199	10	1	199	1.0	0	0 
188	Pf3D7_07_v3:602317 	212	19	1	212	1.0	0	30 
189	Pf3D7_07_v3:602355 	212	16	0	0	0	0	0 
190	Pf3D7_07_v3:603481 	200	4	1	200	1.0	0	47 
191	Pf3D7_07_v3:604034 	180	34	1	180	1.0	0	0 
192	Pf3D7_07_v3:604035 	180	34	1	180	1.0	0	0 
193	Pf3D7_07_v3:604211 	216	24	0	0	0	0	0 
194	Pf3D7_07_v3:604247 	216	24	1	200	0.926	1	73 
195	Pf3D7_07_v3:604515 	203	9	1	203	1.0	0	0 
196	Pf3D7_07_v3:604938 	208	16	1	208	1.0	0	33 
197	Pf3D7_07_v3:605057 	200	9	1	200	1.0	0	41 
198	Pf3D7_07_v3:605174 	210	12	1	210	1.0	0	82 
199	Pf3D7_07_v3:605204 	210	12	0	0	0	0	0 
200	Pf3D7_07_v3:605355 	200	12	1	200	1.0	0	0 
201	Pf3D7_07_v3:605447 	200	12	1	200	1.0	0	0 
202	Pf3D7_07_v3:605623 	196	11	1	196	1.0	0	158 
203	Pf3D7_07_v3:606380 	202	19	1	202	1.0	0	0 
204	Pf3D7_07_v3:606382 	202	19	1	202	1.0	0	0 
205	Pf3D7_07_v3:606596 	207	18	1	207	1.0	0	0 
206	Pf3D7_07_v3:606614 	207	18	1	207	1.0	0	0 
207	Pf3D7_07_v3:606616 	207	18	0	0	0	0	0 
208	Pf3D7_07_v3:606645 	207	18	0	0	0	0	0 
209	Pf3D7_07_v3:606837 	206	5	1	206	1.0	0	0 
210	Pf3D7_07_v3:607094 	203	17	1	203	1.0	0	0 
211	Pf3D7_07_v3:607095 	203	17	1	203	1.0	0	0 
212	Pf3D7_07_v3:607123 	203	16	0	0	0	0	0 
213	Pf3D7_07_v3:607127 	203	16	0	0	0	0	0 
214	Pf3D7_07_v3:608357 	200	5	1	200	1.0	0	0 
215	Pf3D7_07_v3:608560 	203	6	1	203	1.0	0	0 
216	Pf3D7_07_v3:608713 	188	23	1	188	1.0	0	0 
217	Pf3D7_07_v3:608715 	188	23	0	0	0	0	0 
218	Pf3D7_07_v3:608721 	188	23	0	0	0	0	0 
219	Pf3D7_07_v3:608755 	188	23	0	0	0	0	0 
220	Pf3D7_07_v3:608777 	188	22	1	188	1.0	0	56 
221	Pf3D7_07_v3:608992 	205	5	1	205	1.0	0	31 
222	Pf3D7_07_v3:609040 	205	6	1	205	1.0	0	0 
223	Pf3D7_07_v3:609142 	199	6	0	0	0	0	0 
224	Pf3D7_07_v3:609262 	204	4	1	204	1.0	0	100 
225	Pf3D7_07_v3:610802 	206	6	1	206	1.0	0	34 
226	Pf3D7_07_v3:611559 	194	10	1	194	1.0	0	0 
227	Pf3D7_07_v3:611607 	191	14	1	191	1.0	0	0 
228	Pf3D7_07_v3:611685 	193	12	0	0	0	0	0 
229	Pf3D7_07_v3:611849 	208	11	1	208	1.0	0	38 
230	Pf3D7_07_v3:611851 	208	11	1	208	1.0	0	30 
231	Pf3D7_07_v3:611938 	208	10	0	0	0	0	0 
232	Pf3D7_07_v3:612042 	198	6	0	0	0	0	0 
233	Pf3D7_07_v3:612182 	208	8	1	208	1.0	0	40 
234	Pf3D7_07_v3:612231 	208	8	1	208	1.0	0	39 
235	Pf3D7_07_v3:612595 	214	13	1	214	1.0	0	0 
236	Pf3D7_07_v3:613802 	180	24	1	180	1.0	0	33 
237	Pf3D7_07_v3:613860 	180	25	1	180	1.0	0	47 
238	Pf3D7_07_v3:614071 	218	18	1	218	1.0	0	79 
239	Pf3D7_07_v3:614264 	182	23	1	182	1.0	0	0 
240	Pf3D7_07_v3:614279 	182	23	1	182	1.0	0	0 
241	Pf3D7_07_v3:617311 	204	23	1	209	1.025	0	35 
242	Pf3D7_07_v3:617336 	204	23	1	204	1.0	0	35 
243	Pf3D7_07_v3:617348 	204	23	0	0	0	0	0 
244	Pf3D7_07_v3:617409 	204	23	0	0	0	0	0 
245	Pf3D7_07_v3:617544 	218	18	1	213	0.977	0	59 
246	Pf3D7_07_v3:617793 	178	26	1	185	1.039	0	0 
247	Pf3D7_07_v3:617887 	178	26	1	178	1.0	0	35 
248	Pf3D7_07_v3:620034 	190	14	1	183	0.963	0	54 
249	Pf3D7_07_v3:620142 	189	17	1	196	1.037	0	56 
250	Pf3D7_07_v3:621071 	207	7	1	207	1.0	0	42 
251	Pf3D7_07_v3:621136 	207	7	1	207	1.0	0	45 
252	Pf3D7_07_v3:621626 	210	9	1	210	1.0	0	70 
253	Pf3D7_07_v3:621998 	213	13	1	213	1.0	0	65 
254	Pf3D7_07_v3:622041 	213	13	1	213	1.0	0	56 
255	Pf3D7_07_v3:623837 	203	4	1	203	1.0	0	43 
256	Pf3D7_07_v3:625608 	209	8	1	209	1.0	0	58 
257	Pf3D7_07_v3:626129 	194	9	1	194	1.0	0	36 
258	Pf3D7_07_v3:626272 	217	17	1	217	1.0	0	37 
259	Pf3D7_07_v3:626296 	217	17	0	0	0	0	0 
260	Pf3D7_07_v3:626561 	210	9	1	210	1.0	0	45 
261	Pf3D7_07_v3:626840 	196	7	1	196	1.0	0	0 
262	Pf3D7_07_v3:626952 	198	5	1	198	1.0	0	67 
263	Pf3D7_07_v3:627206 	202	11	1	202	1.0	0	44 
264	Pf3D7_07_v3:627260 	202	10	1	202	1.0	0	44 
265	Pf3D7_07_v3:630482 	211	10	1	211	1.0	0	0 
266	Pf3D7_07_v3:631182 	187	17	1	187	1.0	0	35 
267	Pf3D7_07_v3:631217 	187	17	1	187	1.0	0	47 
268	Pf3D7_07_v3:631520 	205	4	1	205	1.0	0	37 
269	Pf3D7_07_v3:634214 	211	13	1	211	1.0	0	33 
270	Pf3D7_07_v3:634216 	211	12	1	211	1.0	0	33 
271	Pf3D7_07_v3:634328 	211	11	0	0	0	0	0 
272	Pf3D7_07_v3:634727 	181	23	1	181	1.0	0	33 
273	Pf3D7_07_v3:634731 	181	23	1	181	1.0	0	33 
274	Pf3D7_07_v3:635199 	196	7	1	196	1.0	0	0 
275	Pf3D7_07_v3:636498 	217	16	1	217	1.0	0	75 
276	Pf3D7_07_v3:637791 	201	3	1	201	1.0	0	34 
277	Pf3D7_07_v3:638377 	203	2	1	203	1.0	0	30 
278	Pf3D7_07_v3:638524 	198	5	1	198	1.0	0	30 
279	Pf3D7_07_v3:638897 	194	11	1	194	1.0	0	39 
280	Pf3D7_07_v3:638932 	196	14	1	196	1.0	0	44 
281	Pf3D7_07_v3:639005 	200	8	0	0	0	0	0 
282	Pf3D7_07_v3:639528 	203	3	1	203	1.0	0	36 
283	Pf3D7_07_v3:639707 	220	19	1	220	1.0	0	51 
284	Pf3D7_07_v3:639992 	182	21	1	182	1.0	0	31 
285	Pf3D7_07_v3:640141 	200	3	1	200	1.0	0	0 
286	Pf3D7_07_v3:642147 	184	19	1	184	1.0	0	34 
287	Pf3D7_07_v3:642310 	203	2	1	203	1.0	0	0 
288	Pf3D7_07_v3:642927 	201	2	1	201	1.0	0	36 
289	Pf3D7_07_v3:643519 	196	7	1	196	1.0	0	34 
290	Pf3D7_07_v3:643685 	205	9	1	205	1.0	0	37 
291	Pf3D7_07_v3:643756 	205	9	1	205	1.0	0	37 
292	Pf3D7_07_v3:643987 	201	2	1	201	1.0	0	42 
293	Pf3D7_07_v3:644141 	204	4	1	204	1.0	0	53 
294	Pf3D7_07_v3:644144 	204	4	0	0	0	0	0 
295	Pf3D7_07_v3:644488 	203	2	1	203	1.0	0	35 
296	Pf3D7_07_v3:645196 	200	3	1	200	1.0	0	38 
297	Pf3D7_07_v3:645415 	214	14	1	214	1.0	0	54 
298	Pf3D7_07_v3:645840 	206	5	1	206	1.0	0	38 
299	Pf3D7_07_v3:645947 	196	7	1	196	1.0	0	36 
300	Pf3D7_07_v3:646165 	208	7	1	208	1.0	0	54 
301	Pf3D7_07_v3:646591 	204	3	1	204	1.0	0	51 
302	Pf3D7_07_v3:648859 	216	16	1	216	1.0	0	64 
303	Pf3D7_07_v3:648909 	216	16	1	216	1.0	0	64 
304	Pf3D7_07_v3:649142 	216	15	1	216	1.0	0	61 
305	Pf3D7_07_v3:649325 	200	3	1	200	1.0	0	0 
306	Pf3D7_07_v3:649630 	208	35	1	208	1.0	0	44 
307	Pf3D7_07_v3:649710 	208	32	1	208	1.0	0	48 
308	Pf3D7_07_v3:650369 	186	17	1	186	1.0	0	36 
309	Pf3D7_07_v3:650554 	217	29	1	217	1.0	0	36 
310	Pf3D7_07_v3:650625 	219	32	1	219	1.0	0	55 
311	Pf3D7_07_v3:650666 	198	10	0	0	0	0	0 
312	Pf3D7_07_v3:653756 	205	4	1	205	1.0	0	41 
313	Pf3D7_07_v3:655261 	202	6	1	202	1.0	0	39 
314	Pf3D7_07_v3:655321 	202	6	1	202	1.0	0	39 
315	Pf3D7_07_v3:655458 	203	2	0	0	0	0	0 
316	Pf3D7_07_v3:656029 	207	6	1	207	1.0	0	46 
317	Pf3D7_07_v3:656423 	208	7	1	208	1.0	0	48 
318	Pf3D7_07_v3:656535 	203	3	1	203	1.0	0	48 
319	Pf3D7_07_v3:657350 	201	2	1	201	1.0	0	57 
320	Pf3D7_07_v3:662495 	218	17	1	218	1.0	0	41 
321	Pf3D7_07_v3:663210 	206	5	1	206	1.0	0	48 
322	Pf3D7_07_v3:663670 	200	3	1	200	1.0	0	37 
323	Pf3D7_07_v3:664153 	192	12	1	192	1.0	0	48 
324	Pf3D7_07_v3:664182 	192	12	1	192	1.0	0	48 
325	Pf3D7_07_v3:664587 	176	30	1	176	1.0	0	0 
326	Pf3D7_07_v3:664589 	176	30	1	176	1.0	0	0 
327	Pf3D7_07_v3:664784 	201	2	0	0	0	0	0 
328	Pf3D7_07_v3:665327 	190	14	1	190	1.0	0	70 
329	Pf3D7_07_v3:666205 	217	16	1	217	1.0	0	51 
330	Pf3D7_07_v3:666469 	226	25	1	226	1.0	0	40 
331	Pf3D7_07_v3:666875 	226	25	1	226	1.0	0	40 
332	Pf3D7_07_v3:667564 	200	3	1	200	1.0	0	32 
333	Pf3D7_07_v3:667858 	216	34	1	216	1.0	0	43 
334	Pf3D7_07_v3:667933 	216	35	1	216	1.0	0	43 
335	Pf3D7_07_v3:668593 	184	25	1	184	1.0	0	97 
336	Pf3D7_07_v3:670034 	170	33	1	170	1.0	0	40 
337	Pf3D7_07_v3:670312 	210	10	1	210	1.0	0	47 
338	Pf3D7_07_v3:670380 	210	10	1	210	1.0	0	43 
339	Pf3D7_07_v3:670940 	192	11	1	192	1.0	0	35 
340	Pf3D7_07_v3:671952 	216	17	1	216	1.0	0	32 
341	Pf3D7_07_v3:672048 	216	17	1	216	1.0	0	50 
342	Pf3D7_07_v3:672237 	201	2	1	201	1.0	0	0 
343	Pf3D7_07_v3:673015 	203	2	1	203	1.0	0	33 
344	Pf3D7_07_v3:673132 	206	5	1	206	1.0	0	56 
345	Pf3D7_07_v3:674426 	196	11	1	196	1.0	0	42 
346	Pf3D7_07_v3:674490 	196	10	1	196	1.0	0	42 
347	Pf3D7_07_v3:674856 	186	17	1	186	1.0	0	62 
348	Pf3D7_07_v3:675259 	206	5	1	206	1.0	0	41 
349	Pf3D7_07_v3:675419 	194	9	1	194	1.0	0	0 
350	Pf3D7_07_v3:675653 	212	13	1	212	1.0	0	48 
351	Pf3D7_07_v3:675654 	212	13	1	212	1.0	0	48 
352	Pf3D7_07_v3:675804 	198	5	0	0	0	0	0 
353	Pf3D7_07_v3:675989 	200	3	1	200	1.0	0	36 
354	Pf3D7_07_v3:676922 	187	16	1	187	1.0	0	0 
355	Pf3D7_07_v3:677025 	202	32	1	205	1.015	1	0 
356	Pf3D7_07_v3:677895 	208	7	1	208	1.0	0	0 
357	Pf3D7_07_v3:679102 	208	7	1	208	1.0	0	31 
358	Pf3D7_07_v3:680499 	190	15	1	190	1.0	0	94 
359	Pf3D7_07_v3:682729 	214	13	1	214	1.0	0	45 
360	Pf3D7_07_v3:682891 	205	5	1	205	1.0	0	48 
361	Pf3D7_07_v3:683087 	200	4	1	200	1.0	0	48 
362	Pf3D7_07_v3:683090 	200	4	0	0	0	0	0 
363	Pf3D7_07_v3:683277 	190	13	1	190	1.0	0	33 
364	Pf3D7_07_v3:683649 	190	14	1	190	1.0	0	35 
365	Pf3D7_07_v3:683975 	207	6	1	207	1.0	0	43 
366	Pf3D7_07_v3:684234 	190	13	1	190	1.0	0	33 
367	Pf3D7_07_v3:684394 	206	5	1	206	1.0	0	30 
368	Pf3D7_07_v3:684710 	226	25	1	226	1.0	0	86 
369	Pf3D7_07_v3:684898 	197	6	1	197	1.0	0	67 
370	Pf3D7_07_v3:685223 	190	13	1	190	1.0	0	30 
371	Pf3D7_07_v3:686765 	212	23	1	212	1.0	0	65 
372	Pf3D7_07_v3:686772 	212	23	1	212	1.0	0	65 
373	Pf3D7_07_v3:686773 	212	23	0	0	0	0	0 
374	Pf3D7_07_v3:687018 	215	14	1	215	1.0	0	0 
375	Pf3D7_07_v3:687205 	208	7	1	208	1.0	0	48 
376	Pf3D7_07_v3:687360 	203	2	1	203	1.0	0	0 
377	Pf3D7_07_v3:687491 	159	44	1	159	1.0	0	0 
378	Pf3D7_07_v3:688015 	204	3	1	204	1.0	0	51 
379	Pf3D7_07_v3:688242 	208	7	1	208	1.0	0	39 
380	Pf3D7_07_v3:689038 	190	13	1	190	1.0	0	39 
381	Pf3D7_07_v3:689145 	182	22	1	190	1.044	1	47 
382	Pf3D7_07_v3:689436 	184	19	1	184	1.0	0	53 
383	Pf3D7_07_v3:689668 	210	9	1	210	1.0	0	64 
384	Pf3D7_07_v3:689950 	203	2	1	203	1.0	0	44 
385	Pf3D7_07_v3:690588 	184	20	1	184	1.0	0	35 
386	Pf3D7_07_v3:690906 	184	19	1	184	1.0	0	45 
387	Pf3D7_07_v3:693368 	216	15	1	216	1.0	0	56 
388	Pf3D7_07_v3:693490 	204	3	1	204	1.0	0	0 
389	Pf3D7_07_v3:693653 	188	15	1	188	1.0	0	37 
390	Pf3D7_07_v3:693900 	200	9	1	200	1.0	0	34 
391	Pf3D7_07_v3:693982 	200	9	1	200	1.0	0	40 
392	Pf3D7_07_v3:694141 	206	5	1	206	1.0	0	35 
393	Pf3D7_07_v3:694289 	197	8	1	197	1.0	0	46 
394	Pf3D7_07_v3:694904 	190	13	1	190	1.0	0	50 
395	Pf3D7_07_v3:695196 	188	18	1	188	1.0	0	34 
396	Pf3D7_07_v3:695265 	188	18	1	188	1.0	0	39 
397	Pf3D7_07_v3:695412 	210	9	1	210	1.0	0	51 
398	Pf3D7_07_v3:695557 	213	26	1	163	0.765	15	49 
399	Pf3D7_07_v3:695568 	213	26	0	0	0	0	0 
400	Pf3D7_07_v3:695570 	213	26	0	0	0	0	0 
401	Pf3D7_07_v3:697040 	196	7	1	196	1.0	0	31 
402	Pf3D7_07_v3:697207 	211	11	1	211	1.0	0	54 
403	Pf3D7_07_v3:697252 	211	11	1	211	1.0	0	54 
404	Pf3D7_07_v3:697391 	203	5	0	0	0	0	0 
405	Pf3D7_07_v3:697456 	217	20	1	217	1.0	0	52 
406	Pf3D7_07_v3:697515 	205	28	1	215	1.049	0	46 
407	Pf3D7_07_v3:697616 	194	14	0	0	0	0	0 
408	Pf3D7_07_v3:697714 	186	23	1	186	1.0	0	34 
409	Pf3D7_07_v3:697784 	196	12	1	186	0.949	0	35 
410	Pf3D7_07_v3:698424 	184	19	1	184	1.0	0	32 
411	Pf3D7_07_v3:698754 	198	5	1	198	1.0	0	37 
412	Pf3D7_07_v3:698954 	201	2	1	201	1.0	0	53 
413	Pf3D7_07_v3:699123 	200	3	1	200	1.0	0	65 
414	Pf3D7_07_v3:700952 	213	16	1	213	1.0	0	72 
415	Pf3D7_07_v3:700957 	213	16	1	213	1.0	0	72 
416	Pf3D7_07_v3:701062 	200	6	0	0	0	0	0 
417	Pf3D7_07_v3:701206 	206	6	1	206	1.0	0	33 
418	Pf3D7_07_v3:701624 	198	5	1	198	1.0	0	54 
419	Pf3D7_07_v3:702459 	186	17	1	186	1.0	0	37 
420	Pf3D7_07_v3:702578 	200	3	1	200	1.0	0	34 
421	Pf3D7_07_v3:702956 	208	7	1	208	1.0	0	67 
422	Pf3D7_07_v3:703080 	212	12	1	212	1.0	0	42 
423	Pf3D7_07_v3:703158 	212	12	0	0	0	0	0 
424	Pf3D7_07_v3:703662 	187	16	1	187	1.0	0	42 
425	Pf3D7_07_v3:704623 	208	7	1	208	1.0	0	0 
426	Pf3D7_07_v3:706141 	217	24	1	217	1.0	0	51 
427	Pf3D7_07_v3:706245 	220	29	1	220	1.0	0	30 
428	Pf3D7_07_v3:706256 	220	28	0	0	0	0	0 
429	Pf3D7_07_v3:706269 	220	27	0	0	0	0	0 
430	Pf3D7_07_v3:706813 	201	11	1	201	1.0	0	55 
431	Pf3D7_07_v3:706861 	201	10	1	201	1.0	0	55 
432	Pf3D7_07_v3:707290 	200	3	1	200	1.0	0	0 
433	Pf3D7_07_v3:707484 	188	15	1	188	1.0	0	42 
434	Pf3D7_07_v3:707632 	178	25	1	178	1.0	0	41 
435	Pf3D7_07_v3:708313 	217	17	1	205	0.945	0	30 
436	Pf3D7_07_v3:708441 	172	31	1	144	0.837	7	57 
437	Pf3D7_07_v3:708623 	178	25	1	178	1.0	0	75 
438	Pf3D7_07_v3:711029 	206	5	1	206	1.0	0	39 
439	Pf3D7_07_v3:711174 	199	4	1	199	1.0	0	53 
440	Pf3D7_07_v3:711464 	216	15	1	216	1.0	0	55 
441	Pf3D7_07_v3:711631 	204	4	1	204	1.0	0	32 
442	Pf3D7_07_v3:711634 	204	4	0	0	0	0	0 
443	Pf3D7_07_v3:711743 	200	3	1	200	1.0	0	39 
444	Pf3D7_07_v3:711991 	198	7	1	198	1.0	0	74 
445	Pf3D7_07_v3:711997 	198	7	1	198	1.0	0	65 
446	Pf3D7_07_v3:712278 	186	17	1	186	1.0	0	49 
447	Pf3D7_07_v3:713187 	220	20	1	220	1.0	0	37 
448	Pf3D7_07_v3:715033 	203	2	1	203	1.0	0	40 
449	Pf3D7_07_v3:715329 	196	7	1	196	1.0	0	59 
450	Pf3D7_07_v3:715633 	182	21	1	182	1.0	0	37 
451	Pf3D7_07_v3:715752 	178	26	1	196	1.101	0	39 
452	Pf3D7_07_v3:716078 	200	4	1	200	1.0	0	41 
453	Pf3D7_07_v3:716196 	176	27	1	176	1.0	0	0 
454	Pf3D7_07_v3:716403 	205	5	1	205	1.0	0	36 
455	Pf3D7_07_v3:716493 	205	5	1	205	1.0	0	0 
456	Pf3D7_07_v3:716629 	196	7	1	196	1.0	0	55 
457	Pf3D7_07_v3:716754 	217	17	1	217	1.0	0	46 
458	Pf3D7_07_v3:716828 	217	17	0	0	0	0	0 
459	Pf3D7_07_v3:717157 	196	16	1	196	1.0	0	71 
460	Pf3D7_07_v3:717201 	196	16	1	196	1.0	0	71 
461	Pf3D7_07_v3:717783 	154	49	1	154	1.0	0	0 
462	Pf3D7_07_v3:718776 	218	17	1	218	1.0	0	62 
463	Pf3D7_07_v3:718969 	196	8	1	196	1.0	0	33 
464	Pf3D7_07_v3:719295 	200	3	1	200	1.0	0	37 
465	Pf3D7_07_v3:719439 	206	9	1	38	0.184	0	0 
466	Pf3D7_07_v3:719684 	207	6	1	207	1.0	0	31 
467	Pf3D7_07_v3:719860 	205	4	0	0	0	0	0 
468	Pf3D7_07_v3:720289 	204	3	1	204	1.0	0	37 
469	Pf3D7_07_v3:720535 	208	8	1	208	1.0	0	67 
470	Pf3D7_07_v3:720823 	201	2	1	201	1.0	0	0 
471	Pf3D7_07_v3:720946 	202	6	0	0	0	0	0 
472	Pf3D7_07_v3:720992 	202	6	0	0	0	0	0 
473	Pf3D7_07_v3:721590 	199	5	1	199	1.0	0	63 
474	Pf3D7_07_v3:721666 	199	6	0	0	0	0	0 
475	Pf3D7_07_v3:721925 	203	3	1	203	1.0	0	30 
476	Pf3D7_07_v3:722246 	204	3	1	204	1.0	0	38 
477	Pf3D7_07_v3:722523 	182	21	1	182	1.0	0	36 
478	Pf3D7_07_v3:723355 	178	34	1	178	1.0	0	0 
479	Pf3D7_07_v3:723419 	178	34	0	0	0	0	0 
480	Pf3D7_07_v3:723695 	203	2	1	203	1.0	0	32 
481	Pf3D7_07_v3:723959 	206	5	1	206	1.0	0	44 
482	Pf3D7_07_v3:724185 	230	30	1	230	1.0	0	44 
483	Pf3D7_07_v3:724255 	230	30	0	0	0	0	0 
484	Pf3D7_07_v3:724425 	182	22	1	182	1.0	0	35 
485	Pf3D7_07_v3:724477 	182	22	0	0	0	0	0 
486	Pf3D7_07_v3:724823 	182	21	1	182	1.0	0	61 
487	Pf3D7_07_v3:725130 	200	3	1	200	1.0	0	39 
488	Pf3D7_07_v3:725616 	200	3	1	200	1.0	0	43 
489	Pf3D7_07_v3:725793 	196	10	0	0	0	0	0 
490	Pf3D7_07_v3:725799 	196	10	0	0	0	0	0 
491	Pf3D7_07_v3:725806 	196	10	0	0	0	0	0 
492	Pf3D7_07_v3:725822 	196	10	1	196	1.0	0	67 
493	Pf3D7_07_v3:727199 	170	34	1	170	1.0	0	42 
494	Pf3D7_07_v3:727266 	170	34	0	0	0	0	0 
495	Pf3D7_07_v3:727484 	200	4	1	200	1.0	0	47 
496	Pf3D7_07_v3:727647 	226	29	0	0	0	0	0 
497	Pf3D7_07_v3:727686 	226	28	0	0	0	0	0 
498	Pf3D7_07_v3:727942 	195	10	1	197	1.01	0	49 
499	Pf3D7_07_v3:728043 	195	10	0	0	0	0	0 
500	Pf3D7_07_v3:728696 	199	4	1	197	0.99	0	0 
501	Pf3D7_07_v3:729073 	136	67	1	136	1.0	0	0 
502	Pf3D7_07_v3:731125 	187	18	1	187	1.0	0	0 
503	Pf3D7_07_v3:731168 	187	18	0	0	0	0	0 
504	Pf3D7_07_v3:731358 	178	25	1	178	1.0	0	50 
505	Pf3D7_07_v3:731508 	90	113	0	0	0	0	0 
506	Pf3D7_07_v3:731910 	157	47	1	157	1.0	0	60 
507	Pf3D7_07_v3:731979 	157	47	0	0	0	0	0 
508	Pf3D7_07_v3:733060 	186	17	1	186	1.0	0	36 
509	Pf3D7_07_v3:733246 	192	11	0	0	0	0	0 
510	Pf3D7_07_v3:733495 	203	2	1	203	1.0	0	0 
511	Pf3D7_07_v3:733640 	212	11	0	0	0	0	0 
512	Pf3D7_07_v3:733926 	212	12	1	212	1.0	0	40 
513	Pf3D7_07_v3:734003 	212	12	0	0	0	0	0 
514	Pf3D7_07_v3:734108 	200	3	0	0	0	0	0 
515	Pf3D7_07_v3:734360 	207	9	1	207	1.0	0	38 
516	Pf3D7_07_v3:734384 	207	9	0	0	0	0	0 
517	Pf3D7_07_v3:734523 	198	5	0	0	0	0	0 
518	Pf3D7_07_v3:734886 	218	17	1	218	1.0	0	57 
519	Pf3D7_07_v3:735180 	200	3	1	200	1.0	0	31 
520	Pf3D7_07_v3:735314 	209	13	0	0	0	0	0 
521	Pf3D7_07_v3:735406 	209	13	1	209	1.0	0	46 
522	Pf3D7_07_v3:735710 	198	5	1	198	1.0	0	38 
523	Pf3D7_07_v3:735950 	206	5	1	206	1.0	0	37 
524	Pf3D7_07_v3:737458 	207	8	1	207	1.0	0	39 
525	Pf3D7_07_v3:737504 	207	8	0	0	0	0	0 
526	Pf3D7_07_v3:737920 	183	21	1	183	1.0	0	46 
527	Pf3D7_07_v3:738432 	197	6	1	197	1.0	0	0 
528	Pf3D7_07_v3:739068 	184	19	1	184	1.0	0	36 
529	Pf3D7_07_v3:739255 	216	15	0	0	0	0	0 
530	Pf3D7_07_v3:739448 	198	5	1	198	1.0	0	43 
531	Pf3D7_07_v3:739590 	206	7	0	0	0	0	0 
532	Pf3D7_07_v3:739637 	206	7	0	0	0	0	0 
533	Pf3D7_07_v3:739927 	222	22	1	222	1.0	0	77 
534	Pf3D7_07_v3:739935 	222	22	0	0	0	0	0 
535	Pf3D7_07_v3:740362 	208	8	1	208	1.0	0	55 
536	Pf3D7_07_v3:740363 	208	8	0	0	0	0	0 
537	Pf3D7_07_v3:740576 	205	4	1	205	1.0	0	33 
538	Pf3D7_07_v3:740767 	203	2	0	0	0	0	0 
539	Pf3D7_07_v3:740962 	218	19	1	218	1.0	0	44 
540	Pf3D7_07_v3:740963 	218	19	0	0	0	0	0 
541	Pf3D7_07_v3:741071 	192	13	0	0	0	0	0 
542	Pf3D7_07_v3:741073 	192	13	0	0	0	0	0 
543	Pf3D7_07_v3:741256 	192	12	1	192	1.0	0	33 
544	Pf3D7_07_v3:741258 	192	12	0	0	0	0	0 
545	Pf3D7_07_v3:741632 	203	10	1	203	1.0	0	61 
546	Pf3D7_07_v3:741728 	203	5	0	0	0	0	0 
547	Pf3D7_07_v3:742921 	220	19	1	220	1.0	0	0 
548	Pf3D7_07_v3:744747 	199	4	1	199	1.0	0	57 
549	Pf3D7_07_v3:745006 	204	4	1	204	1.0	0	55 
550	Pf3D7_07_v3:745131 	196	8	0	0	0	0	0 
551	Pf3D7_07_v3:745417 	172	32	1	172	1.0	0	59 
552	Pf3D7_07_v3:745439 	172	32	0	0	0	0	0 
553	Pf3D7_07_v3:746700 	210	9	1	210	1.0	0	37 
554	Pf3D7_07_v3:746945 	216	15	1	216	1.0	0	64 
555	Pf3D7_07_v3:747224 	244	48	1	244	1.0	0	64 
556	Pf3D7_07_v3:747248 	244	48	0	0	0	0	0 
557	Pf3D7_07_v3:747376 	206	5	0	0	0	0	0 
558	Pf3D7_07_v3:747732 	136	70	1	136	1.0	0	54 
559	Pf3D7_07_v3:747736 	136	70	0	0	0	0	0 
560	Pf3D7_07_v3:747778 	135	72	0	0	0	0	0 
561	Pf3D7_07_v3:747786 	135	72	0	0	0	0	0 
562	Pf3D7_07_v3:747840 	137	69	0	0	0	0	0 
563	Pf3D7_07_v3:748077 	192	12	1	192	1.0	0	39 
564	Pf3D7_07_v3:748142 	192	12	0	0	0	0	0 
565	Pf3D7_07_v3:748366 	201	2	1	201	1.0	0	44 
566	Pf3D7_07_v3:748473 	197	6	0	0	0	0	0 
567	Pf3D7_07_v3:748752 	200	3	1	200	1.0	0	0 
568	Pf3D7_07_v3:749893 	195	8	1	195	1.0	0	42 
