#/seq/plasmodium/sredmond//refs/Pf3D7_v3.fasta
#NUCMER.halfmeg.vcf.gz
i	block	L	LD	N	AS	RS	NM	XS
1	Pf3D7_07_v3:451673 	198	6	1	184	0.929	4	0 
2	Pf3D7_07_v3:452871 	213	16	1	213	1.0	0	58 
3	Pf3D7_07_v3:452956 	213	16	1	213	1.0	0	0 
4	Pf3D7_07_v3:452972 	210	12	1	210	1.0	0	0 
5	Pf3D7_07_v3:453367 	170	34	1	170	1.0	0	42 
6	Pf3D7_07_v3:453399 	170	34	1	170	1.0	0	42 
7	Pf3D7_07_v3:454369 	172	31	1	172	1.0	0	43 
8	Pf3D7_07_v3:454631 	211	13	1	211	1.0	0	0 
9	Pf3D7_07_v3:454686 	211	13	1	211	1.0	0	0 
10	Pf3D7_07_v3:454984 	216	15	1	216	1.0	0	55 
11	Pf3D7_07_v3:455733 	201	3	1	201	1.0	0	45 
12	Pf3D7_07_v3:455897 	214	15	1	214	1.0	0	39 
13	Pf3D7_07_v3:457807 	181	22	1	181	1.0	0	0 
14	Pf3D7_07_v3:458108 	205	4	1	205	1.0	0	35 
15	Pf3D7_07_v3:458513 	203	2	1	203	1.0	0	32 
16	Pf3D7_07_v3:458804 	214	13	1	214	1.0	0	51 
17	Pf3D7_07_v3:458989 	200	3	1	200	1.0	0	37 
18	Pf3D7_07_v3:459186 	203	2	1	203	1.0	0	36 
19	Pf3D7_07_v3:459789 	194	9	1	194	1.0	0	39 
20	Pf3D7_07_v3:461521 	204	3	1	204	1.0	0	35 
21	Pf3D7_07_v3:461703 	186	17	1	186	1.0	0	39 
22	Pf3D7_07_v3:462059 	231	31	1	231	1.0	0	82 
23	Pf3D7_07_v3:462125 	231	32	1	231	1.0	0	68 
24	Pf3D7_07_v3:462295 	213	18	1	213	1.0	0	74 
25	Pf3D7_07_v3:462335 	220	29	1	220	1.0	0	92 
26	Pf3D7_07_v3:462346 	220	29	1	220	1.0	0	92 
27	Pf3D7_07_v3:462354 	220	29	1	220	1.0	0	92 
28	Pf3D7_07_v3:462398 	221	27	1	221	1.0	0	92 
29	Pf3D7_07_v3:462408 	221	27	1	221	1.0	0	92 
30	Pf3D7_07_v3:462654 	195	9	1	195	1.0	0	0 
31	Pf3D7_07_v3:462728 	195	9	1	195	1.0	0	38 
32	Pf3D7_07_v3:462873 	198	6	1	198	1.0	0	43 
33	Pf3D7_07_v3:463046 	200	3	1	200	1.0	0	0 
34	Pf3D7_07_v3:463422 	211	10	1	211	1.0	0	39 
35	Pf3D7_07_v3:463831 	205	5	1	205	1.0	0	0 
36	Pf3D7_07_v3:464279 	205	6	1	205	1.0	0	35 
37	Pf3D7_07_v3:464573 	196	7	1	196	1.0	0	47 
38	Pf3D7_07_v3:465110 	207	32	1	143	0.691	14	32 
39	Pf3D7_07_v3:465125 	207	32	1	143	0.691	14	47 
40	Pf3D7_07_v3:465137 	207	32	1	143	0.691	14	59 
41	Pf3D7_07_v3:465159 	207	33	1	143	0.691	14	81 
42	Pf3D7_07_v3:465166 	207	33	1	143	0.691	14	88 
43	Pf3D7_07_v3:465174 	207	34	1	101	0.488	21	86 
44	Pf3D7_07_v3:465183 	207	35	0	0	0	0	0 
45	Pf3D7_07_v3:465195 	207	36	0	0	0	0	0 
46	Pf3D7_07_v3:465774 	205	13	1	158	0.771	5	30 
47	Pf3D7_07_v3:465793 	205	13	1	177	0.863	5	30 
48	Pf3D7_07_v3:465946 	199	6	1	199	1.0	0	0 
49	Pf3D7_07_v3:466465 	203	7	1	194	0.956	2	0 
50	Pf3D7_07_v3:470051 	203	10	1	194	0.956	2	150 
51	Pf3D7_07_v3:471839 	204	4	1	204	1.0	0	53 
52	Pf3D7_07_v3:472293 	202	4	1	193	0.955	2	0 
53	Pf3D7_07_v3:472324 	202	4	1	193	0.955	2	0 
54	Pf3D7_07_v3:472741 	200	3	1	200	1.0	0	56 
55	Pf3D7_07_v3:472959 	195	12	1	195	1.0	0	53 
56	Pf3D7_07_v3:472982 	195	12	1	195	1.0	0	53 
57	Pf3D7_07_v3:472984 	195	12	1	195	1.0	0	53 
58	Pf3D7_07_v3:473271 	203	7	1	203	1.0	0	0 
59	Pf3D7_07_v3:473293 	203	7	1	203	1.0	0	0 
60	Pf3D7_07_v3:473660 	198	5	1	198	1.0	0	55 
61	Pf3D7_07_v3:474005 	204	3	1	204	1.0	0	39 
62	Pf3D7_07_v3:474200 	204	3	1	204	1.0	0	37 
63	Pf3D7_07_v3:474352 	199	7	1	199	1.0	0	41 
64	Pf3D7_07_v3:474440 	200	10	1	200	1.0	0	0 
65	Pf3D7_07_v3:474473 	199	8	1	199	1.0	0	0 
66	Pf3D7_07_v3:474588 	206	7	1	206	1.0	0	32 
67	Pf3D7_07_v3:474590 	206	7	1	206	1.0	0	32 
68	Pf3D7_07_v3:474991 	196	7	1	196	1.0	0	30 
69	Pf3D7_07_v3:476031 	186	20	1	186	1.0	0	31 
70	Pf3D7_07_v3:476196 	206	6	1	206	1.0	0	36 
71	Pf3D7_07_v3:476335 	201	5	1	201	1.0	0	35 
72	Pf3D7_07_v3:477212 	192	11	1	192	1.0	0	38 
73	Pf3D7_07_v3:477602 	161	43	1	161	1.0	0	36 
74	Pf3D7_07_v3:477766 	185	19	1	186	1.005	0	40 
75	Pf3D7_07_v3:477855 	185	19	1	185	1.0	0	37 
76	Pf3D7_07_v3:478148 	178	25	1	178	1.0	0	0 
77	Pf3D7_07_v3:478818 	188	15	1	188	1.0	0	45 
78	Pf3D7_07_v3:479644 	195	9	1	195	1.0	0	41 
79	Pf3D7_07_v3:479654 	191	14	1	192	1.005	0	41 
80	Pf3D7_07_v3:479753 	197	7	1	197	1.0	0	37 
81	Pf3D7_07_v3:480231 	201	3	1	201	1.0	0	33 
82	Pf3D7_07_v3:480658 	211	12	1	211	1.0	0	33 
83	Pf3D7_07_v3:480867 	196	9	1	196	1.0	0	34 
84	Pf3D7_07_v3:480948 	242	55	1	240	0.992	0	80 
85	Pf3D7_07_v3:481022 	244	52	1	244	1.0	0	80 
86	Pf3D7_07_v3:481269 	204	4	1	204	1.0	0	41 
87	Pf3D7_07_v3:482367 	203	2	1	203	1.0	0	40 
88	Pf3D7_07_v3:482470 	205	9	1	205	1.0	0	42 
89	Pf3D7_07_v3:482510 	205	9	1	205	1.0	0	46 
90	Pf3D7_07_v3:482640 	168	35	1	168	1.0	0	58 
91	Pf3D7_07_v3:484226 	196	7	1	196	1.0	0	61 
92	Pf3D7_07_v3:484391 	198	5	1	198	1.0	0	41 
93	Pf3D7_07_v3:486131 	200	3	1	200	1.0	0	39 
94	Pf3D7_07_v3:486498 	199	5	1	199	1.0	0	48 
95	Pf3D7_07_v3:486714 	204	3	1	204	1.0	0	34 
96	Pf3D7_07_v3:487220 	207	6	1	207	1.0	0	0 
97	Pf3D7_07_v3:490112 	226	25	1	226	1.0	0	85 
98	Pf3D7_07_v3:491002 	203	2	1	203	1.0	0	33 
99	Pf3D7_07_v3:491488 	204	4	1	204	1.0	0	0 
100	Pf3D7_07_v3:491754 	203	2	1	203	1.0	0	31 
101	Pf3D7_07_v3:491877 	204	3	1	204	1.0	0	40 
102	Pf3D7_07_v3:492138 	190	16	1	190	1.0	0	0 
103	Pf3D7_07_v3:492150 	190	16	1	190	1.0	0	32 
104	Pf3D7_07_v3:492253 	216	29	1	216	1.0	0	50 
105	Pf3D7_07_v3:492254 	216	29	1	216	1.0	0	50 
106	Pf3D7_07_v3:492323 	216	30	1	216	1.0	0	50 
107	Pf3D7_07_v3:492455 	200	4	1	200	1.0	0	0 
108	Pf3D7_07_v3:493369 	216	15	1	216	1.0	0	60 
109	Pf3D7_07_v3:493498 	204	3	1	204	1.0	0	43 
110	Pf3D7_07_v3:493670 	226	25	1	226	1.0	0	59 
111	Pf3D7_07_v3:493950 	197	6	1	197	1.0	0	36 
112	Pf3D7_07_v3:494182 	204	3	1	204	1.0	0	0 
113	Pf3D7_07_v3:494502 	212	11	1	212	1.0	0	37 
114	Pf3D7_07_v3:494846 	218	17	1	218	1.0	0	56 
115	Pf3D7_07_v3:496836 	211	10	1	211	1.0	0	0 
116	Pf3D7_07_v3:498310 	197	13	1	197	1.0	0	35 
117	Pf3D7_07_v3:498351 	198	18	1	198	1.0	0	35 
118	Pf3D7_07_v3:498407 	198	18	1	198	1.0	0	35 
119	Pf3D7_07_v3:498439 	204	11	1	204	1.0	0	34 
120	Pf3D7_07_v3:498805 	207	9	1	207	1.0	0	0 
121	Pf3D7_07_v3:498905 	208	11	1	208	1.0	0	49 
122	Pf3D7_07_v3:498916 	209	9	1	209	1.0	0	47 
123	Pf3D7_07_v3:499035 	203	8	1	203	1.0	0	33 
124	Pf3D7_07_v3:499116 	203	9	1	203	1.0	0	34 
125	Pf3D7_07_v3:499754 	184	19	1	184	1.0	0	53 
126	Pf3D7_07_v3:500220 	208	7	1	208	1.0	0	36 
127	Pf3D7_07_v3:502665 	214	15	1	214	1.0	0	61 
128	Pf3D7_07_v3:502686 	214	15	1	214	1.0	0	61 
129	Pf3D7_07_v3:503153 	226	25	1	226	1.0	0	54 
130	Pf3D7_07_v3:503357 	206	5	1	206	1.0	0	38 
131	Pf3D7_07_v3:503463 	208	7	1	208	1.0	0	44 
132	Pf3D7_07_v3:503609 	208	7	1	208	1.0	0	47 
133	Pf3D7_07_v3:503906 	216	16	1	216	1.0	0	56 
134	Pf3D7_07_v3:503932 	216	16	1	216	1.0	0	56 
135	Pf3D7_07_v3:504154 	198	6	1	198	1.0	0	38 
136	Pf3D7_07_v3:504378 	204	4	1	204	1.0	0	36 
137	Pf3D7_07_v3:504495 	204	10	1	204	1.0	0	57 
138	Pf3D7_07_v3:504534 	204	9	1	204	1.0	0	57 
139	Pf3D7_07_v3:504917 	214	14	1	214	1.0	0	57 
140	Pf3D7_07_v3:505139 	200	8	1	200	1.0	0	40 
141	Pf3D7_07_v3:505181 	200	8	1	200	1.0	0	40 
142	Pf3D7_07_v3:507450 	201	2	1	201	1.0	0	30 
143	Pf3D7_07_v3:507912 	203	2	1	203	1.0	0	0 
144	Pf3D7_07_v3:508127 	205	5	1	196	0.956	2	45 
145	Pf3D7_07_v3:508179 	205	5	1	196	0.956	2	45 
146	Pf3D7_07_v3:508412 	204	7	1	204	1.0	0	80 
147	Pf3D7_07_v3:508835 	201	3	1	201	1.0	0	197 
148	Pf3D7_07_v3:508943 	200	3	1	200	1.0	0	200 
149	Pf3D7_07_v3:509623 	203	6	1	203	1.0	0	183 
150	Pf3D7_07_v3:509962 	192	16	1	183	0.953	2	170 
151	Pf3D7_07_v3:510026 	192	16	1	183	0.953	2	144 
152	Pf3D7_07_v3:510287 	198	12	1	198	1.0	0	125 
153	Pf3D7_07_v3:510293 	198	12	1	198	1.0	0	125 
154	Pf3D7_07_v3:510305 	198	12	1	198	1.0	0	129 
155	Pf3D7_07_v3:510565 	202	8	1	193	0.955	2	169 
156	Pf3D7_07_v3:510632 	202	4	1	193	0.955	2	189 
157	Pf3D7_07_v3:510738 	199	8	1	199	1.0	0	195 
158	Pf3D7_07_v3:510742 	199	8	1	199	1.0	0	195 
159	Pf3D7_07_v3:510746 	199	8	1	199	1.0	0	195 
160	Pf3D7_07_v3:511140 	202	11	1	202	1.0	0	198 
161	Pf3D7_07_v3:511179 	202	13	1	202	1.0	0	198 
162	Pf3D7_07_v3:511350 	201	7	1	201	1.0	0	190 
163	Pf3D7_07_v3:511516 	206	15	1	206	1.0	0	195 
164	Pf3D7_07_v3:511518 	206	15	1	206	1.0	0	195 
165	Pf3D7_07_v3:511574 	207	16	1	198	0.957	2	187 
166	Pf3D7_07_v3:511649 	211	18	1	202	0.957	2	191 
167	Pf3D7_07_v3:511699 	173	44	1	171	0.988	2	165 
168	Pf3D7_07_v3:511754 	151	66	1	139	0.921	3	132 
169	Pf3D7_07_v3:511780 	151	65	1	139	0.921	3	132 
170	Pf3D7_07_v3:511813 	149	62	1	137	0.919	3	106 
171	Pf3D7_07_v3:511818 	150	63	1	138	0.92	3	101 
172	Pf3D7_07_v3:511829 	150	62	0	0	0	0	0 
173	Pf3D7_07_v3:511916 	182	29	1	182	1.0	0	146 
174	Pf3D7_07_v3:559158 	201	4	2	198	0.985	5	164 
175	Pf3D7_07_v3:559316 	204	3	1	204	1.0	0	183 
176	Pf3D7_07_v3:560272 	222	22	1	222	1.0	0	125 
177	Pf3D7_07_v3:560488 	199	7	1	199	1.0	0	137 
178	Pf3D7_07_v3:560574 	199	7	1	199	1.0	0	177 
179	Pf3D7_07_v3:562702 	210	10	1	210	1.0	0	37 
180	Pf3D7_07_v3:563908 	203	14	1	185	0.911	4	0 
181	Pf3D7_07_v3:563939 	202	17	1	184	0.911	4	123 
182	Pf3D7_07_v3:563952 	202	17	1	184	0.911	4	0 
183	Pf3D7_07_v3:564019 	195	31	1	177	0.908	4	0 
184	Pf3D7_07_v3:564065 	190	30	1	183	0.963	0	98 
185	Pf3D7_07_v3:564086 	190	30	1	0	0.0	0	0 
186	Pf3D7_07_v3:564091 	190	29	0	0	0	0	0 
187	Pf3D7_07_v3:564121 	191	27	1	191	1.0	0	106 
188	Pf3D7_07_v3:564123 	191	27	0	0	0	0	0 
189	Pf3D7_07_v3:564128 	191	27	0	0	0	0	0 
190	Pf3D7_07_v3:564877 	197	16	1	197	1.0	0	185 
191	Pf3D7_07_v3:564960 	202	25	1	202	1.0	0	157 
192	Pf3D7_07_v3:565002 	208	19	1	208	1.0	0	180 
193	Pf3D7_07_v3:565139 	220	31	1	220	1.0	0	167 
194	Pf3D7_07_v3:565264 	185	37	1	185	1.0	0	163 
195	Pf3D7_07_v3:565322 	185	32	1	185	1.0	0	156 
196	Pf3D7_07_v3:565324 	185	32	1	185	1.0	0	156 
197	Pf3D7_07_v3:565330 	185	32	1	185	1.0	0	152 
198	Pf3D7_07_v3:565338 	185	32	0	0	0	0	0 
199	Pf3D7_07_v3:565353 	185	32	1	185	1.0	0	148 
200	Pf3D7_07_v3:565356 	185	33	0	0	0	0	0 
201	Pf3D7_07_v3:565622 	205	16	1	182	0.888	5	154 
202	Pf3D7_07_v3:565706 	204	17	1	143	0.701	5	126 
203	Pf3D7_07_v3:565733 	202	12	1	128	0.634	2	112 
204	Pf3D7_07_v3:604901 	209	14	1	200	0.957	2	0 
205	Pf3D7_07_v3:604938 	209	16	1	200	0.957	2	33 
206	Pf3D7_07_v3:605057 	200	9	1	200	1.0	0	41 
207	Pf3D7_07_v3:605174 	210	12	1	210	1.0	0	82 
208	Pf3D7_07_v3:605204 	210	12	1	210	1.0	0	0 
209	Pf3D7_07_v3:605366 	200	12	1	200	1.0	0	0 
210	Pf3D7_07_v3:605447 	200	12	1	200	1.0	0	0 
211	Pf3D7_07_v3:605642 	196	11	1	196	1.0	0	163 
212	Pf3D7_07_v3:606385 	203	13	1	194	0.956	2	76 
213	Pf3D7_07_v3:606613 	208	15	1	195	0.938	2	0 
214	Pf3D7_07_v3:606616 	208	15	1	195	0.938	2	0 
215	Pf3D7_07_v3:606645 	208	15	1	195	0.938	2	0 
216	Pf3D7_07_v3:606848 	206	5	1	206	1.0	0	0 
217	Pf3D7_07_v3:607068 	203	17	1	184	0.906	4	0 
218	Pf3D7_07_v3:607094 	203	17	1	184	0.906	4	0 
219	Pf3D7_07_v3:607095 	203	17	1	184	0.906	4	0 
220	Pf3D7_07_v3:607123 	203	16	1	184	0.906	4	89 
221	Pf3D7_07_v3:607127 	203	16	1	184	0.906	4	0 
222	Pf3D7_07_v3:608366 	200	5	1	200	1.0	0	0 
223	Pf3D7_07_v3:608570 	203	6	1	203	1.0	0	0 
224	Pf3D7_07_v3:608712 	188	26	1	188	1.0	0	0 
225	Pf3D7_07_v3:608732 	188	26	1	188	1.0	0	0 
226	Pf3D7_07_v3:608755 	188	26	1	188	1.0	0	0 
227	Pf3D7_07_v3:608777 	188	25	1	188	1.0	0	56 
228	Pf3D7_07_v3:609010 	205	5	1	205	1.0	0	0 
229	Pf3D7_07_v3:609051 	205	6	1	205	1.0	0	0 
230	Pf3D7_07_v3:609158 	199	6	1	199	1.0	0	0 
231	Pf3D7_07_v3:609280 	204	4	1	204	1.0	0	106 
232	Pf3D7_07_v3:610805 	206	6	1	206	1.0	0	34 
233	Pf3D7_07_v3:611570 	194	10	1	194	1.0	0	0 
234	Pf3D7_07_v3:611629 	191	14	1	191	1.0	0	0 
235	Pf3D7_07_v3:611685 	193	12	1	193	1.0	0	0 
236	Pf3D7_07_v3:611849 	204	6	1	204	1.0	0	34 
237	Pf3D7_07_v3:611851 	204	6	1	204	1.0	0	36 
238	Pf3D7_07_v3:611968 	202	12	1	202	1.0	0	49 
239	Pf3D7_07_v3:612045 	202	11	1	202	1.0	0	31 
240	Pf3D7_07_v3:612190 	208	8	1	208	1.0	0	39 
241	Pf3D7_07_v3:612251 	208	8	1	208	1.0	0	39 
242	Pf3D7_07_v3:612597 	214	13	1	214	1.0	0	0 
243	Pf3D7_07_v3:613824 	180	24	1	180	1.0	0	47 
244	Pf3D7_07_v3:613893 	180	25	1	180	1.0	0	47 
245	Pf3D7_07_v3:614111 	218	20	1	218	1.0	0	79 
246	Pf3D7_07_v3:614112 	218	20	1	218	1.0	0	79 
247	Pf3D7_07_v3:614116 	218	20	1	218	1.0	0	79 
248	Pf3D7_07_v3:614265 	182	23	1	182	1.0	0	0 
249	Pf3D7_07_v3:614291 	182	22	1	182	1.0	0	0 
250	Pf3D7_07_v3:615003 	203	5	1	194	0.956	2	0 
251	Pf3D7_07_v3:617325 	204	23	1	204	1.0	0	35 
252	Pf3D7_07_v3:617341 	204	23	1	204	1.0	0	32 
253	Pf3D7_07_v3:617348 	204	23	1	204	1.0	0	36 
254	Pf3D7_07_v3:617409 	204	23	1	204	1.0	0	34 
255	Pf3D7_07_v3:617564 	218	18	1	218	1.0	0	56 
256	Pf3D7_07_v3:617793 	178	26	1	185	1.039	0	0 
257	Pf3D7_07_v3:617887 	178	26	1	178	1.0	0	35 
258	Pf3D7_07_v3:620057 	189	16	1	182	0.963	0	56 
259	Pf3D7_07_v3:620142 	189	17	1	189	1.0	0	44 
260	Pf3D7_07_v3:621094 	207	7	1	207	1.0	0	45 
261	Pf3D7_07_v3:621163 	207	7	1	207	1.0	0	45 
262	Pf3D7_07_v3:621659 	210	9	1	210	1.0	0	70 
263	Pf3D7_07_v3:621998 	213	13	1	213	1.0	0	65 
264	Pf3D7_07_v3:622041 	213	13	1	213	1.0	0	56 
265	Pf3D7_07_v3:623837 	203	4	1	203	1.0	0	43 
266	Pf3D7_07_v3:625608 	209	8	1	209	1.0	0	58 
267	Pf3D7_07_v3:626129 	194	9	1	194	1.0	0	36 
268	Pf3D7_07_v3:626272 	217	17	1	217	1.0	0	37 
269	Pf3D7_07_v3:626296 	217	17	1	217	1.0	0	37 
270	Pf3D7_07_v3:626561 	210	9	1	210	1.0	0	45 
271	Pf3D7_07_v3:626840 	196	7	1	196	1.0	0	0 
272	Pf3D7_07_v3:626993 	198	5	1	198	1.0	0	67 
273	Pf3D7_07_v3:627216 	202	11	1	202	1.0	0	45 
274	Pf3D7_07_v3:627260 	202	10	1	202	1.0	0	44 
275	Pf3D7_07_v3:629516 	157	51	1	157	1.0	0	50 
276	Pf3D7_07_v3:629537 	157	51	1	157	1.0	0	71 
277	Pf3D7_07_v3:629560 	157	51	1	157	1.0	0	94 
278	Pf3D7_07_v3:629569 	157	49	1	157	1.0	0	70 
279	Pf3D7_07_v3:630482 	211	10	1	211	1.0	0	0 
280	Pf3D7_07_v3:631182 	187	17	1	187	1.0	0	35 
281	Pf3D7_07_v3:631217 	187	17	1	187	1.0	0	47 
282	Pf3D7_07_v3:631547 	205	4	1	205	1.0	0	37 
283	Pf3D7_07_v3:634215 	211	13	1	211	1.0	0	33 
284	Pf3D7_07_v3:634216 	211	12	1	211	1.0	0	33 
285	Pf3D7_07_v3:634328 	211	11	1	211	1.0	0	31 
286	Pf3D7_07_v3:634727 	181	23	1	181	1.0	0	33 
287	Pf3D7_07_v3:634748 	181	23	1	181	1.0	0	33 
288	Pf3D7_07_v3:635199 	196	7	1	196	1.0	0	0 
289	Pf3D7_07_v3:636505 	217	16	1	217	1.0	0	75 
290	Pf3D7_07_v3:637791 	201	3	1	201	1.0	0	34 
291	Pf3D7_07_v3:638399 	203	2	1	203	1.0	0	0 
292	Pf3D7_07_v3:638546 	198	5	1	198	1.0	0	32 
293	Pf3D7_07_v3:638899 	194	11	1	194	1.0	0	39 
294	Pf3D7_07_v3:638946 	196	14	1	196	1.0	0	48 
295	Pf3D7_07_v3:639036 	200	8	1	200	1.0	0	48 
296	Pf3D7_07_v3:639528 	204	3	1	191	0.936	2	32 
297	Pf3D7_07_v3:639729 	220	19	1	220	1.0	0	51 
298	Pf3D7_07_v3:639992 	182	21	1	182	1.0	0	31 
299	Pf3D7_07_v3:640156 	200	3	1	200	1.0	0	0 
300	Pf3D7_07_v3:642172 	184	19	1	184	1.0	0	31 
301	Pf3D7_07_v3:642310 	203	2	1	203	1.0	0	0 
302	Pf3D7_07_v3:642936 	201	2	1	201	1.0	0	43 
303	Pf3D7_07_v3:643531 	196	7	1	196	1.0	0	33 
304	Pf3D7_07_v3:643685 	205	9	1	205	1.0	0	37 
305	Pf3D7_07_v3:643779 	205	9	1	205	1.0	0	37 
306	Pf3D7_07_v3:644016 	201	2	1	201	1.0	0	42 
307	Pf3D7_07_v3:644141 	204	4	1	204	1.0	0	53 
308	Pf3D7_07_v3:644144 	204	4	1	204	1.0	0	53 
309	Pf3D7_07_v3:644514 	203	2	1	203	1.0	0	33 
310	Pf3D7_07_v3:645218 	200	3	1	200	1.0	0	38 
311	Pf3D7_07_v3:645439 	214	14	1	214	1.0	0	54 
312	Pf3D7_07_v3:645840 	206	5	1	206	1.0	0	38 
313	Pf3D7_07_v3:645947 	196	7	1	196	1.0	0	36 
314	Pf3D7_07_v3:646165 	208	7	1	208	1.0	0	54 
315	Pf3D7_07_v3:646624 	204	3	1	204	1.0	0	55 
316	Pf3D7_07_v3:648865 	216	16	1	216	1.0	0	55 
317	Pf3D7_07_v3:648909 	216	16	1	216	1.0	0	64 
318	Pf3D7_07_v3:649142 	216	15	1	216	1.0	0	61 
319	Pf3D7_07_v3:649338 	200	3	1	200	1.0	0	0 
320	Pf3D7_07_v3:649551 	191	16	1	182	0.953	2	0 
321	Pf3D7_07_v3:649632 	209	35	1	200	0.957	2	44 
322	Pf3D7_07_v3:649710 	208	32	1	208	1.0	0	48 
323	Pf3D7_07_v3:650392 	186	17	1	186	1.0	0	40 
324	Pf3D7_07_v3:650554 	217	29	1	218	1.005	0	36 
325	Pf3D7_07_v3:650650 	219	32	1	219	1.0	0	62 
326	Pf3D7_07_v3:650692 	198	10	1	198	1.0	0	62 
327	Pf3D7_07_v3:653781 	205	4	1	205	1.0	0	41 
328	Pf3D7_07_v3:655280 	202	6	1	202	1.0	0	39 
329	Pf3D7_07_v3:655336 	202	6	1	201	0.995	0	39 
330	Pf3D7_07_v3:655479 	203	2	1	203	1.0	0	30 
331	Pf3D7_07_v3:656060 	207	6	1	207	1.0	0	46 
332	Pf3D7_07_v3:656456 	209	9	1	209	1.0	0	48 
333	Pf3D7_07_v3:656535 	209	10	1	209	1.0	0	48 
334	Pf3D7_07_v3:657376 	201	2	1	201	1.0	0	57 
335	Pf3D7_07_v3:658086 	160	46	1	160	1.0	0	102 
336	Pf3D7_07_v3:658123 	160	46	1	160	1.0	0	65 
337	Pf3D7_07_v3:658131 	160	46	1	160	1.0	0	57 
338	Pf3D7_07_v3:658140 	160	46	1	160	1.0	0	51 
339	Pf3D7_07_v3:662506 	218	17	1	218	1.0	0	41 
340	Pf3D7_07_v3:663210 	206	5	1	206	1.0	0	48 
341	Pf3D7_07_v3:663697 	200	3	1	200	1.0	0	37 
342	Pf3D7_07_v3:664176 	192	12	1	192	1.0	0	48 
343	Pf3D7_07_v3:664206 	192	12	1	192	1.0	0	48 
344	Pf3D7_07_v3:664587 	176	31	1	176	1.0	0	0 
345	Pf3D7_07_v3:664611 	176	31	1	176	1.0	0	0 
346	Pf3D7_07_v3:664613 	176	31	1	176	1.0	0	0 
347	Pf3D7_07_v3:664615 	176	31	1	176	1.0	0	0 
348	Pf3D7_07_v3:664784 	201	2	1	201	1.0	0	41 
349	Pf3D7_07_v3:665327 	190	14	1	190	1.0	0	70 
350	Pf3D7_07_v3:666205 	217	16	1	217	1.0	0	51 
351	Pf3D7_07_v3:666469 	226	25	1	226	1.0	0	40 
352	Pf3D7_07_v3:666875 	226	25	1	226	1.0	0	40 
353	Pf3D7_07_v3:667589 	200	3	1	200	1.0	0	33 
354	Pf3D7_07_v3:667880 	216	34	1	216	1.0	0	41 
355	Pf3D7_07_v3:667933 	216	35	1	216	1.0	0	43 
356	Pf3D7_07_v3:668593 	184	25	1	184	1.0	0	97 
357	Pf3D7_07_v3:670034 	170	33	1	170	1.0	0	40 
358	Pf3D7_07_v3:670312 	210	10	1	210	1.0	0	47 
359	Pf3D7_07_v3:670380 	210	10	1	210	1.0	0	43 
360	Pf3D7_07_v3:670940 	192	11	1	192	1.0	0	35 
361	Pf3D7_07_v3:671966 	216	17	1	216	1.0	0	34 
362	Pf3D7_07_v3:672048 	216	17	1	216	1.0	0	50 
363	Pf3D7_07_v3:672248 	201	2	1	201	1.0	0	0 
364	Pf3D7_07_v3:673039 	203	2	1	203	1.0	0	41 
365	Pf3D7_07_v3:673166 	206	5	1	206	1.0	0	56 
366	Pf3D7_07_v3:674426 	196	11	1	196	1.0	0	42 
367	Pf3D7_07_v3:674514 	196	10	1	196	1.0	0	41 
368	Pf3D7_07_v3:674881 	186	17	1	186	1.0	0	62 
369	Pf3D7_07_v3:675259 	206	5	1	206	1.0	0	41 
370	Pf3D7_07_v3:675419 	194	9	1	194	1.0	0	0 
371	Pf3D7_07_v3:675653 	212	13	1	212	1.0	0	48 
372	Pf3D7_07_v3:675654 	212	13	1	212	1.0	0	48 
373	Pf3D7_07_v3:675826 	198	5	1	198	1.0	0	0 
374	Pf3D7_07_v3:676014 	200	3	1	200	1.0	0	36 
375	Pf3D7_07_v3:676945 	202	32	1	202	1.0	0	0 
376	Pf3D7_07_v3:677025 	202	32	1	202	1.0	0	0 
377	Pf3D7_07_v3:677912 	208	7	1	208	1.0	0	0 
378	Pf3D7_07_v3:678910 	251	53	1	242	0.964	2	147 
379	Pf3D7_07_v3:678936 	251	51	1	242	0.964	2	126 
380	Pf3D7_07_v3:679102 	208	7	1	208	1.0	0	31 
381	Pf3D7_07_v3:680473 	190	21	1	190	1.0	0	94 
382	Pf3D7_07_v3:680555 	190	21	1	190	1.0	0	83 
383	Pf3D7_07_v3:681145 	203	7	1	170	0.837	6	138 
384	Pf3D7_07_v3:682757 	214	13	1	214	1.0	0	46 
385	Pf3D7_07_v3:682891 	205	5	1	205	1.0	0	48 
386	Pf3D7_07_v3:683087 	200	4	1	200	1.0	0	48 
387	Pf3D7_07_v3:683090 	200	4	1	200	1.0	0	48 
388	Pf3D7_07_v3:683277 	190	13	1	190	1.0	0	33 
389	Pf3D7_07_v3:683649 	190	14	1	190	1.0	0	35 
390	Pf3D7_07_v3:683975 	207	6	1	207	1.0	0	43 
391	Pf3D7_07_v3:684234 	190	13	1	190	1.0	0	33 
392	Pf3D7_07_v3:684394 	206	5	1	206	1.0	0	30 
393	Pf3D7_07_v3:684710 	226	25	1	226	1.0	0	86 
394	Pf3D7_07_v3:684898 	197	6	1	197	1.0	0	67 
395	Pf3D7_07_v3:685223 	190	13	1	190	1.0	0	30 
396	Pf3D7_07_v3:685340 	203	4	1	194	0.956	2	41 
397	Pf3D7_07_v3:686764 	213	21	1	200	0.939	2	53 
398	Pf3D7_07_v3:686766 	213	21	1	200	0.939	2	57 
399	Pf3D7_07_v3:686767 	213	21	1	200	0.939	2	57 
400	Pf3D7_07_v3:686768 	213	21	1	200	0.939	2	57 
401	Pf3D7_07_v3:686769 	213	21	1	200	0.939	2	53 
402	Pf3D7_07_v3:686771 	213	21	0	0	0	0	0 
403	Pf3D7_07_v3:686773 	213	21	0	0	0	0	0 
404	Pf3D7_07_v3:686774 	213	21	0	0	0	0	0 
405	Pf3D7_07_v3:686775 	213	21	0	0	0	0	0 
406	Pf3D7_07_v3:687018 	215	14	1	215	1.0	0	0 
407	Pf3D7_07_v3:687205 	208	7	1	208	1.0	0	48 
408	Pf3D7_07_v3:687360 	203	2	1	203	1.0	0	0 
409	Pf3D7_07_v3:687498 	159	44	1	159	1.0	0	0 
410	Pf3D7_07_v3:688015 	204	3	1	204	1.0	0	51 
411	Pf3D7_07_v3:688242 	208	7	1	208	1.0	0	39 
412	Pf3D7_07_v3:689038 	190	13	1	190	1.0	0	39 
413	Pf3D7_07_v3:689145 	182	22	1	190	1.044	1	47 
414	Pf3D7_07_v3:689436 	184	19	1	184	1.0	0	53 
415	Pf3D7_07_v3:689668 	210	9	1	210	1.0	0	64 
416	Pf3D7_07_v3:689950 	203	2	1	203	1.0	0	44 
417	Pf3D7_07_v3:690588 	184	20	1	184	1.0	0	35 
418	Pf3D7_07_v3:690906 	184	19	1	184	1.0	0	45 
419	Pf3D7_07_v3:693397 	218	18	1	218	1.0	0	56 
420	Pf3D7_07_v3:693490 	218	18	1	218	1.0	0	0 
421	Pf3D7_07_v3:693653 	188	15	1	188	1.0	0	37 
422	Pf3D7_07_v3:693926 	200	9	1	200	1.0	0	36 
423	Pf3D7_07_v3:693991 	200	9	1	200	1.0	0	39 
424	Pf3D7_07_v3:694162 	206	5	1	206	1.0	0	35 
425	Pf3D7_07_v3:694292 	197	8	1	197	1.0	0	49 
426	Pf3D7_07_v3:694929 	190	13	1	190	1.0	0	53 
427	Pf3D7_07_v3:695196 	188	18	1	188	1.0	0	34 
428	Pf3D7_07_v3:695265 	188	18	1	188	1.0	0	39 
429	Pf3D7_07_v3:695412 	210	9	1	210	1.0	0	51 
430	Pf3D7_07_v3:695550 	215	20	1	197	0.916	4	41 
431	Pf3D7_07_v3:695558 	215	20	1	197	0.916	4	46 
432	Pf3D7_07_v3:695569 	215	20	1	197	0.916	4	46 
433	Pf3D7_07_v3:697057 	196	7	1	196	1.0	0	47 
434	Pf3D7_07_v3:697207 	211	11	1	211	1.0	0	54 
435	Pf3D7_07_v3:697252 	211	11	1	211	1.0	0	54 
436	Pf3D7_07_v3:697391 	203	5	1	203	1.0	0	35 
437	Pf3D7_07_v3:697456 	217	20	1	217	1.0	0	52 
438	Pf3D7_07_v3:697515 	205	28	1	215	1.049	0	46 
439	Pf3D7_07_v3:697616 	194	14	1	194	1.0	0	31 
440	Pf3D7_07_v3:697714 	186	23	1	186	1.0	0	34 
441	Pf3D7_07_v3:697784 	196	12	1	186	0.949	0	35 
442	Pf3D7_07_v3:698424 	184	19	1	184	1.0	0	32 
443	Pf3D7_07_v3:698780 	198	5	1	198	1.0	0	36 
444	Pf3D7_07_v3:698954 	201	2	1	201	1.0	0	53 
445	Pf3D7_07_v3:699137 	200	3	1	200	1.0	0	65 
446	Pf3D7_07_v3:700952 	213	17	1	213	1.0	0	72 
447	Pf3D7_07_v3:700957 	213	17	1	213	1.0	0	72 
448	Pf3D7_07_v3:700963 	213	17	1	213	1.0	0	72 
449	Pf3D7_07_v3:700970 	213	17	1	213	1.0	0	72 
450	Pf3D7_07_v3:700975 	211	20	1	211	1.0	0	72 
451	Pf3D7_07_v3:701074 	201	6	0	0	0	0	0 
452	Pf3D7_07_v3:701227 	206	6	1	206	1.0	0	33 
453	Pf3D7_07_v3:701624 	198	5	1	198	1.0	0	54 
454	Pf3D7_07_v3:702482 	184	20	1	184	1.0	0	42 
455	Pf3D7_07_v3:702578 	184	20	1	184	1.0	0	34 
456	Pf3D7_07_v3:702956 	208	7	1	208	1.0	0	67 
457	Pf3D7_07_v3:703080 	212	12	1	212	1.0	0	42 
458	Pf3D7_07_v3:703158 	212	12	1	212	1.0	0	42 
459	Pf3D7_07_v3:703662 	187	16	1	187	1.0	0	42 
460	Pf3D7_07_v3:704623 	208	7	1	208	1.0	0	0 
461	Pf3D7_07_v3:706086 	218	29	1	209	0.959	2	0 
462	Pf3D7_07_v3:706144 	221	33	1	212	0.959	2	57 
463	Pf3D7_07_v3:706160 	224	37	1	215	0.96	2	0 
464	Pf3D7_07_v3:706170 	236	50	1	227	0.962	2	30 
465	Pf3D7_07_v3:706245 	235	50	1	238	1.013	0	30 
466	Pf3D7_07_v3:706256 	238	46	0	0	0	0	0 
467	Pf3D7_07_v3:706269 	223	30	0	0	0	0	0 
468	Pf3D7_07_v3:706838 	201	10	1	201	1.0	0	55 
469	Pf3D7_07_v3:706892 	201	10	1	201	1.0	0	55 
470	Pf3D7_07_v3:707309 	200	3	1	200	1.0	0	37 
471	Pf3D7_07_v3:707515 	188	15	1	188	1.0	0	42 
472	Pf3D7_07_v3:707632 	178	25	1	178	1.0	0	41 
473	Pf3D7_07_v3:708317 	172	34	1	172	1.0	0	30 
474	Pf3D7_07_v3:708361 	142	65	1	151	1.063	0	30 
475	Pf3D7_07_v3:708374 	142	64	1	142	1.0	0	30 
476	Pf3D7_07_v3:708441 	157	48	1	129	0.822	7	157 
477	Pf3D7_07_v3:708623 	178	25	1	178	1.0	0	75 
478	Pf3D7_07_v3:711049 	206	5	1	206	1.0	0	39 
479	Pf3D7_07_v3:711175 	199	4	1	190	0.955	0	53 
480	Pf3D7_07_v3:711488 	216	15	1	216	1.0	0	55 
481	Pf3D7_07_v3:711631 	204	4	1	204	1.0	0	32 
482	Pf3D7_07_v3:711634 	204	4	1	204	1.0	0	32 
483	Pf3D7_07_v3:711743 	200	3	1	200	1.0	0	39 
484	Pf3D7_07_v3:711991 	198	7	1	198	1.0	0	74 
485	Pf3D7_07_v3:711997 	198	7	1	198	1.0	0	65 
486	Pf3D7_07_v3:712278 	186	17	1	186	1.0	0	49 
487	Pf3D7_07_v3:713187 	220	20	1	220	1.0	0	37 
488	Pf3D7_07_v3:715060 	203	2	1	203	1.0	0	40 
489	Pf3D7_07_v3:715362 	196	7	1	196	1.0	0	59 
490	Pf3D7_07_v3:715633 	182	21	1	182	1.0	0	37 
491	Pf3D7_07_v3:715752 	178	26	1	196	1.101	0	39 
492	Pf3D7_07_v3:716078 	200	4	1	200	1.0	0	41 
493	Pf3D7_07_v3:716196 	176	27	1	176	1.0	0	0 
494	Pf3D7_07_v3:716403 	205	5	1	205	1.0	0	36 
495	Pf3D7_07_v3:716493 	205	5	1	205	1.0	0	0 
496	Pf3D7_07_v3:716629 	196	7	1	196	1.0	0	55 
497	Pf3D7_07_v3:716754 	217	17	1	217	1.0	0	46 
498	Pf3D7_07_v3:716828 	217	17	1	217	1.0	0	53 
499	Pf3D7_07_v3:717157 	196	16	1	196	1.0	0	71 
500	Pf3D7_07_v3:717201 	196	16	1	196	1.0	0	71 
501	Pf3D7_07_v3:717834 	154	50	1	154	1.0	0	0 
502	Pf3D7_07_v3:718776 	218	17	1	218	1.0	0	62 
503	Pf3D7_07_v3:718969 	196	8	1	196	1.0	0	33 
504	Pf3D7_07_v3:719307 	200	3	1	200	1.0	0	35 
505	Pf3D7_07_v3:719467 	206	10	1	206	1.0	0	44 
506	Pf3D7_07_v3:719702 	207	6	1	207	1.0	0	31 
507	Pf3D7_07_v3:719879 	205	4	1	205	1.0	0	33 
508	Pf3D7_07_v3:720313 	204	3	1	204	1.0	0	38 
509	Pf3D7_07_v3:720564 	208	8	1	208	1.0	0	67 
510	Pf3D7_07_v3:720844 	201	2	1	201	1.0	0	0 
511	Pf3D7_07_v3:720963 	202	6	1	202	1.0	0	47 
512	Pf3D7_07_v3:721019 	202	6	1	202	1.0	0	47 
513	Pf3D7_07_v3:721616 	199	5	1	199	1.0	0	63 
514	Pf3D7_07_v3:721676 	199	6	1	199	1.0	0	63 
515	Pf3D7_07_v3:721925 	204	3	1	191	0.936	2	30 
516	Pf3D7_07_v3:722271 	204	3	1	204	1.0	0	38 
517	Pf3D7_07_v3:722543 	182	21	1	182	1.0	0	42 
518	Pf3D7_07_v3:723355 	178	34	1	178	1.0	0	0 
519	Pf3D7_07_v3:723419 	178	34	1	178	1.0	0	0 
520	Pf3D7_07_v3:723695 	203	2	1	203	1.0	0	32 
521	Pf3D7_07_v3:723959 	206	5	1	206	1.0	0	44 
522	Pf3D7_07_v3:724185 	230	30	1	230	1.0	0	44 
523	Pf3D7_07_v3:724255 	230	30	1	230	1.0	0	46 
524	Pf3D7_07_v3:724425 	182	22	1	182	1.0	0	35 
525	Pf3D7_07_v3:724477 	182	22	1	182	1.0	0	43 
526	Pf3D7_07_v3:724823 	182	21	1	182	1.0	0	61 
527	Pf3D7_07_v3:725146 	200	3	1	200	1.0	0	39 
528	Pf3D7_07_v3:725649 	200	3	1	200	1.0	0	43 
529	Pf3D7_07_v3:725793 	196	10	1	196	1.0	0	67 
530	Pf3D7_07_v3:725801 	196	10	1	196	1.0	0	67 
531	Pf3D7_07_v3:725806 	196	10	1	196	1.0	0	67 
532	Pf3D7_07_v3:725864 	196	10	1	196	1.0	0	67 
533	Pf3D7_07_v3:727237 	170	34	1	170	1.0	0	51 
534	Pf3D7_07_v3:727266 	170	34	1	170	1.0	0	51 
535	Pf3D7_07_v3:727484 	200	4	1	200	1.0	0	47 
536	Pf3D7_07_v3:727647 	226	29	1	226	1.0	0	61 
537	Pf3D7_07_v3:727686 	226	28	1	226	1.0	0	61 
538	Pf3D7_07_v3:727948 	195	11	1	195	1.0	0	53 
539	Pf3D7_07_v3:728043 	195	10	1	195	1.0	0	75 
540	Pf3D7_07_v3:728707 	199	4	1	199	1.0	0	0 
541	Pf3D7_07_v3:731133 	187	18	1	187	1.0	0	43 
542	Pf3D7_07_v3:731168 	187	18	1	187	1.0	0	0 
543	Pf3D7_07_v3:731358 	178	25	1	178	1.0	0	50 
544	Pf3D7_07_v3:733085 	186	17	1	186	1.0	0	36 
545	Pf3D7_07_v3:733246 	192	11	1	192	1.0	0	45 
546	Pf3D7_07_v3:733495 	203	2	1	203	1.0	0	0 
547	Pf3D7_07_v3:733640 	212	11	1	212	1.0	0	54 
548	Pf3D7_07_v3:733926 	212	12	1	212	1.0	0	40 
549	Pf3D7_07_v3:734011 	212	12	1	212	1.0	0	47 
550	Pf3D7_07_v3:734138 	200	3	1	200	1.0	0	45 
551	Pf3D7_07_v3:734360 	207	9	1	207	1.0	0	38 
552	Pf3D7_07_v3:734392 	207	9	1	207	1.0	0	38 
553	Pf3D7_07_v3:734545 	198	5	1	198	1.0	0	37 
554	Pf3D7_07_v3:734914 	218	17	1	218	1.0	0	61 
555	Pf3D7_07_v3:735180 	200	3	1	200	1.0	0	31 
556	Pf3D7_07_v3:735350 	209	13	1	209	1.0	0	47 
557	Pf3D7_07_v3:735430 	209	13	1	209	1.0	0	35 
558	Pf3D7_07_v3:735731 	198	5	1	198	1.0	0	0 
559	Pf3D7_07_v3:735968 	206	5	1	206	1.0	0	37 
560	Pf3D7_07_v3:737482 	207	8	1	207	1.0	0	39 
561	Pf3D7_07_v3:737534 	207	7	1	207	1.0	0	39 
562	Pf3D7_07_v3:737920 	183	21	1	183	1.0	0	46 
563	Pf3D7_07_v3:738432 	197	6	1	197	1.0	0	0 
564	Pf3D7_07_v3:739079 	184	19	1	184	1.0	0	34 
565	Pf3D7_07_v3:739255 	216	15	1	216	1.0	0	46 
566	Pf3D7_07_v3:739448 	198	5	1	198	1.0	0	43 
567	Pf3D7_07_v3:739590 	206	7	1	206	1.0	0	38 
568	Pf3D7_07_v3:739637 	206	7	1	206	1.0	0	38 
569	Pf3D7_07_v3:739927 	222	22	1	222	1.0	0	77 
570	Pf3D7_07_v3:739935 	222	22	1	222	1.0	0	77 
571	Pf3D7_07_v3:740362 	208	8	1	208	1.0	0	55 
572	Pf3D7_07_v3:740363 	208	8	1	208	1.0	0	55 
573	Pf3D7_07_v3:740576 	205	4	1	205	1.0	0	33 
574	Pf3D7_07_v3:740767 	203	2	1	203	1.0	0	34 
575	Pf3D7_07_v3:740962 	218	19	1	218	1.0	0	44 
576	Pf3D7_07_v3:740963 	218	19	1	218	1.0	0	44 
577	Pf3D7_07_v3:741071 	192	14	1	192	1.0	0	51 
578	Pf3D7_07_v3:741079 	192	14	1	192	1.0	0	51 
579	Pf3D7_07_v3:741083 	192	14	1	192	1.0	0	51 
580	Pf3D7_07_v3:741085 	192	14	0	0	0	0	0 
581	Pf3D7_07_v3:741256 	192	12	1	192	1.0	0	33 
582	Pf3D7_07_v3:741266 	192	12	1	192	1.0	0	47 
583	Pf3D7_07_v3:741648 	201	7	1	201	1.0	0	61 
584	Pf3D7_07_v3:741757 	204	3	1	204	1.0	0	53 
585	Pf3D7_07_v3:742927 	220	19	1	220	1.0	0	0 
586	Pf3D7_07_v3:744747 	199	4	1	199	1.0	0	57 
587	Pf3D7_07_v3:745019 	204	4	1	204	1.0	0	55 
588	Pf3D7_07_v3:745156 	196	8	1	196	1.0	0	40 
589	Pf3D7_07_v3:745417 	172	32	1	172	1.0	0	59 
590	Pf3D7_07_v3:745439 	172	32	1	172	1.0	0	54 
591	Pf3D7_07_v3:747711 	200	35	2	179	0.895	11	43 
592	Pf3D7_07_v3:747726 	200	35	2	179	0.895	11	44 
593	Pf3D7_07_v3:747739 	199	37	2	179	0.899	11	54 
594	Pf3D7_07_v3:747746 	199	37	2	178	0.894	11	92 
595	Pf3D7_07_v3:747754 	199	37	2	178	0.894	11	86 
596	Pf3D7_07_v3:747760 	199	37	0	0	0	0	0 
597	Pf3D7_07_v3:747763 	199	37	0	0	0	0	0 
598	Pf3D7_07_v3:747772 	199	37	0	0	0	0	0 
599	Pf3D7_07_v3:747775 	199	37	0	0	0	0	0 
600	Pf3D7_07_v3:747784 	199	37	0	0	0	0	0 
601	Pf3D7_07_v3:747798 	199	37	0	0	0	0	0 
602	Pf3D7_07_v3:747840 	201	29	0	0	0	0	0 
603	Pf3D7_07_v3:748077 	192	12	1	192	1.0	0	39 
604	Pf3D7_07_v3:748142 	192	12	1	192	1.0	0	40 
605	Pf3D7_07_v3:748383 	201	2	1	201	1.0	0	44 
606	Pf3D7_07_v3:748506 	197	6	1	197	1.0	0	41 
607	Pf3D7_07_v3:748770 	200	3	1	200	1.0	0	0 
608	Pf3D7_07_v3:749929 	195	8	1	194	0.995	0	45 
