tsk550	1	63	100000000	0	7	0	0	0	0	0	0	0	0	0	0	0	0	0	0	0	0	0	0	0
tsk550	2	131	100000000	13	2	1	0	0	0	0	0	0	0	0	0	0	0	0	0	0	0	0	0	0
tsk550	3	266	100000000	27	3	1	1	0	0	0	0	0	0	0	0	0	0	0	0	0	0	0	0	0
tsk550	4	512	100000000	60	3	2	0	0	0	0	0	0	0	0	0	0	0	0	0	0	0	0	0	0
tsk550	5	1057	100000000	134	1	1	1	0	0	0	0	0	0	0	0	0	0	0	0	0	0	0	0	0
tsk550	6	2060	100000000	252	4	1	1	0	0	0	0	0	0	0	0	0	0	0	0	0	0	0	0	0
tsk550	7	4115	100000000	532	4	2	0	0	0	0	0	0	0	0	0	0	0	0	0	0	0	0	0	0
tsk550	8	8189	100000000	932	3	2	0	0	0	0	0	0	0	0	0	0	0	0	0	0	0	0	0	0
tsk550	9	16456	100000000	1829	4	2	0	0	0	0	0	0	0	0	0	0	0	0	0	0	0	0	0	0
tsk550	10	32482	100000000	3318	5	2	0	0	0	0	0	0	0	0	0	0	0	0	0	0	0	0	0	0
tsk550	11	64448	100000000	5490	5	2	0	0	0	0	0	0	0	0	0	0	0	0	0	0	0	0	0	0
tsk550	12	128739	100000000	7923	5	2	0	0	0	0	0	0	0	0	0	0	0	0	0	0	0	0	0	0
tsk550	13	2519	100000000	633	5	1	1	0	0	0	0	0	0	0	0	0	0	0	0	0	0	0	0	0
tsk550	14	5121	100000000	908	5	1	1	0	0	0	0	0	0	0	0	0	0	0	0	0	0	0	0	0
tsk550	15	10378	100000000	1421	5	1	1	0	0	0	0	0	0	0	0	0	0	0	0	0	0	0	0	0
tsk550	16	20810	100000000	2439	5	2	0	0	0	0	0	0	0	0	0	0	0	0	0	0	0	0	0	0
tsk550	17	41540	100000000	4161	5	1	1	0	0	0	0	0	0	0	0	0	0	0	0	0	0	0	0	0
tsk550	18	83419	100000000	6564	5	2	0	0	0	0	0	0	0	0	0	0	0	0	0	0	0	0	0	0
tsk550	19	166806	100000000	8742	5	1	1	0	0	0	0	0	0	0	0	0	0	0	0	0	0	0	0	0
tsk550	20	333143	100000000	9818	5	1	1	0	0	0	0	0	0	0	0	0	0	0	0	0	0	0	0	0
tsk550	21	665190	100000000	9990	5	1	1	0	0	0	0	0	0	0	0	0	0	0	0	0	0	0	0	0
tsk550	22	1323792	100000000	9993	5	1	1	0	0	0	0	0	0	0	0	0	0	0	0	0	0	0	0	0
tsk550	23	2625096	100000000	9993	5	1	1	0	0	0	0	0	0	0	0	0	0	0	0	0	0	0	0	0
tsk550	24	5155627	100000000	9993	5	1	1	0	0	0	0	0	0	0	0	0	0	0	0	0	0	0	0	0
tsk550	25	82215	100000000	9356	5	2	1	0	0	0	0	0	0	0	0	0	0	0	0	0	0	0	0	0
tsk550	26	164351	100000000	9760	5	2	1	0	0	0	0	0	0	0	0	0	0	0	0	0	0	0	0	0
tsk550	27	326867	100000000	9955	5	2	1	0	0	0	0	0	0	0	0	0	0	0	0	0	0	0	0	0
tsk550	28	651445	100000000	9989	5	2	1	0	0	0	0	0	0	0	0	0	0	0	0	0	0	0	0	0
tsk550	29	13410	100000000	5042	4	2	1	0	0	0	0	0	0	0	0	0	0	0	0	0	0	0	0	0
tsk550	30	26628	100000000	5686	5	1	1	0	0	0	0	0	0	0	0	0	0	0	0	0	0	0	0	0
tsk550	31	53409	100000000	6848	5	1	1	0	0	0	0	0	0	0	0	0	0	0	0	0	0	0	0	0
tsk550	32	106539	100000000	8378	5	1	1	0	0	0	0	0	0	0	0	0	0	0	0	0	0	0	0	0
tsk550	33	212769	100000000	9521	5	1	1	0	0	0	0	0	0	0	0	0	0	0	0	0	0	0	0	0
tsk550	34	423868	100000000	9960	5	1	1	0	0	0	0	0	0	0	0	0	0	0	0	0	0	0	0	0
tsk550	35	834891	100000000	9993	5	1	1	0	0	0	0	0	0	0	0	0	0	0	0	0	0	0	0	0
tsk550	36	1612309	100000000	9993	5	1	1	0	0	0	0	0	0	0	0	0	0	0	0	0	0	0	0	0
tsk550	37	3098366	100000000	9993	5	1	1	0	0	0	0	0	0	0	0	0	0	0	0	0	0	0	0	0
tsk550	38	61323	100000000	8541	5	1	1	0	0	0	0	0	0	0	0	0	0	0	0	0	0	0	0	0
tsk550	39	122477	100000000	9281	5	1	1	0	0	0	0	0	0	0	0	0	0	0	0	0	0	0	0	0
tsk550	40	2389	100000000	1892	7	1	1	0	0	0	0	0	0	0	0	0	0	0	0	0	0	0	0	0
tsk550	41	66	100000000	0	22	16	15	14	0	9	0	1	0	0	0	0	0	0	0	0	0	0	0	0
tsk550	42	144	100000000	4	22	20	9	7	9	9	0	0	0	1	0	0	0	0	0	0	0	0	0	0
tsk550	43	280	100000000	30	26	7	7	8	8	7	2	1	0	0	0	0	0	0	0	0	0	0	0	0
tsk550	44	525	100000000	58	28	6	6	6	5	14	0	0	1	0	0	0	0	0	0	0	0	0	0	0
tsk550	45	1013	100000000	127	29	6	6	8	0	15	2	0	1	0	0	0	0	0	0	0	0	0	0	0
tsk550	46	1898	100000000	234	27	8	4	8	8	2	7	0	1	0	0	0	0	0	0	0	0	0	0	0
tsk550	47	3644	100000000	351	28	10	2	8	7	3	7	0	1	0	0	0	0	0	0	0	0	0	0	0
tsk550	48	7137	100000000	561	28	10	2	6	9	3	7	0	1	0	0	0	0	0	0	0	0	0	0	0
tsk550	49	140	100000000	19	23	43	8	1	1	5	0	2	1	0	2	0	0	0	0	0	0	0	0	0
tsk550	50	269	100000000	41	30	13	18	3	4	0	1	2	0	2	2	0	0	0	0	0	0	0	0	0
tsk550	51	520	100000000	69	31	12	18	1	3	3	3	0	2	0	0	2	0	0	0	0	0	0	0	0
tsk550	52	1060	964079750	141	30	14	9	2	0	5	1	0	4	0	0	2	0	0	0	0	0	0	0	0
tsk550	53	2188	912331549	286	24	13	7	5	0	5	1	2	0	2	0	2	0	0	0	0	0	0	0	0
tsk550	54	4506	864589540	548	24	13	6	6	0	3	3	0	4	0	0	2	0	0	0	0	0	0	0	0
tsk550	55	8729	810622682	739	24	13	6	6	0	4	2	2	2	0	0	2	0	0	0	0	0	0	0	0
tsk550	56	16572	745059614	1065	23	13	4	8	0	3	3	2	2	0	0	2	0	0	0	0	0	0	0	0
tsk550	57	31897	675961035	1635	23	14	6	6	0	3	3	2	0	2	0	2	0	0	0	0	0	0	0	0
tsk550	58	61325	613243995	2668	23	14	4	8	0	3	3	2	2	0	0	2	0	0	0	0	0	0	0	0
tsk550	59	1226	553621065	249	35	7	3	3	10	0	2	0	2	2	2	0	0	0	0	0	0	0	0	0
tsk550	60	2456	493128285	391	38	6	5	3	8	2	0	0	0	2	4	0	0	0	0	0	0	0	0	0
tsk550	61	4945	440667909	693	38	3	5	3	8	0	2	0	0	4	2	0	0	0	0	0	0	0	0	0
tsk550	62	9850	401307671	1220	42	2	5	3	8	2	0	0	0	2	4	0	0	0	0	0	0	0	0	0
tsk550	63	19958	369656422	2267	40	3	4	4	8	2	0	0	0	2	4	0	0	0	0	0	0	0	0	0
tsk550	64	38835	338928087	3039	37	5	4	8	4	2	0	0	0	4	2	0	0	0	0	0	0	0	0	0
tsk550	65	74177	309267839	3795	39	4	4	8	4	2	0	0	0	4	2	0	0	0	0	0	0	0	0	0
tsk550	66	1442	284361826	405	33	14	2	11	2	2	0	0	0	4	0	2	0	0	0	0	0	0	0	0
tsk550	67	2861	262735430	579	23	22	3	7	6	2	0	0	2	2	2	0	0	0	0	0	0	0	0	0
tsk550	68	5796	242499852	920	26	21	3	9	4	2	0	0	0	4	2	0	0	0	0	0	0	0	0	0
tsk550	69	11543	221617588	1555	24	21	3	9	4	2	0	0	0	4	2	0	0	0	0	0	0	0	0	0
tsk550	70	23145	203112195	2678	25	22	2	9	4	2	0	0	0	4	2	0	0	0	0	0	0	0	0	0
tsk550	71	45595	191166795	4025	26	22	3	8	4	2	0	0	0	4	2	0	0	0	0	0	0	0	0	0
tsk550	72	86773	188512018	4622	26	23	2	8	4	2	0	0	0	4	2	0	0	0	0	0	0	0	0	0
tsk550	73	165304	188823828	5701	26	22	3	12	0	2	0	0	0	4	2	0	0	0	0	0	0	0	0	0
tsk550	74	314529	187372519	7183	26	22	3	8	4	2	0	0	0	4	2	0	0	0	0	0	0	0	0	0
tsk550	75	6258	191754940	1476	36	14	2	9	6	0	0	0	0	2	2	2	0	0	0	0	0	0	0	0
tsk550	76	12453	195738066	2113	38	7	9	13	2	0	0	0	0	4	2	0	0	0	0	0	0	0	0	0
tsk550	77	25121	191654211	3204	38	6	9	13	2	0	0	0	0	2	4	0	0	0	0	0	0	0	0	0
tsk550	78	50642	182135658	4958	36	7	9	13	2	0	0	0	0	2	4	0	0	0	0	0	0	0	0	0
tsk550	79	100897	170328897	7258	37	8	9	13	2	0	0	0	0	0	6	0	0	0	0	0	0	0	0	0
tsk550	80	191809	158636932	7818	37	8	9	13	2	0	0	0	0	0	6	0	0	0	0	0	0	0	0	0
tsk550	81	3773	145679291	1379	32	18	3	10	2	0	0	0	0	2	2	2	0	0	0	0	0	0	0	0
tsk550	82	7464	131048528	1735	34	10	10	10	2	0	0	0	0	2	0	4	0	0	0	0	0	0	0	0
tsk550	83	112	118607190	40	41	27	8	1	5	0	3	1	7	2	0	0	0	0	0	0	0	0	0	2
tsk550	84	216	107557304	55	26	22	6	8	4	0	1	10	0	0	3	0	0	0	0	0	0	0	0	2
tsk550	85	395	96098785	80	33	11	13	8	0	3	2	1	8	0	0	1	2	0	0	0	0	0	2	0
tsk550	86	767	86591013	132	22	21	15	2	1	3	1	9	0	1	1	0	0	0	2	0	0	0	0	2
tsk550	87	1532	81289538	220	27	18	14	2	2	2	8	0	3	0	1	0	0	0	2	0	0	0	2	0
tsk550	88	3111	78664119	383	36	21	12	2	2	2	8	0	3	0	1	0	0	0	2	0	0	0	2	0
tsk550	89	6241	75395447	710	29	21	12	2	3	1	8	0	3	0	1	0	0	0	2	0	0	0	0	2
tsk550	90	12313	71020467	1206	32	19	14	2	4	0	8	0	3	0	1	0	0	0	2	0	0	0	0	2
tsk550	91	23896	67095508	1853	32	19	14	2	4	0	8	2	1	0	1	0	0	0	2	0	0	0	0	2
tsk631	1	83	100000000	13	0	0	0	0	0	0	0	0	0	0	0	0	0	0	0	0	0	0	0	0
tsk631	2	169	100000000	12	6	1	0	0	0	0	0	0	0	0	0	0	0	0	0	0	0	0	0	0
tsk631	3	346	100000000	37	6	1	0	0	0	0	0	0	0	0	0	0	0	0	0	0	0	0	0	0
tsk631	4	686	100000000	83	3	3	0	0	0	0	0	0	0	0	0	0	0	0	0	0	0	0	0	0
tsk631	5	1450	100000000	163	5	0	2	0	0	0	0	0	0	0	0	0	0	0	0	0	0	0	0	0
tsk631	6	2845	100000000	340	5	3	0	0	0	0	0	0	0	0	0	0	0	0	0	0	0	0	0	0
tsk631	7	5664	100000000	683	5	3	0	0	0	0	0	0	0	0	0	0	0	0	0	0	0	0	0	0
tsk631	8	11333	100000000	1302	5	3	0	0	0	0	0	0	0	0	0	0	0	0	0	0	0	0	0	0
tsk631	9	22478	100000000	2357	5	3	0	0	0	0	0	0	0	0	0	0	0	0	0	0	0	0	0	0
tsk631	10	487	100000000	96	8	3	0	0	0	0	0	0	0	0	0	0	0	0	0	0	0	0	0	0
tsk631	11	970	100000000	134	7	1	2	0	0	0	0	0	0	0	0	0	0	0	0	0	0	0	0	0
tsk631	12	1928	100000000	249	8	1	2	0	0	0	0	0	0	0	0	0	0	0	0	0	0	0	0	0
tsk631	13	3822	100000000	469	13	0	2	0	0	0	0	0	0	0	0	0	0	0	0	0	0	0	0	0
tsk631	14	92	100000000	10	17	3	2	1	0	0	1	0	0	0	0	0	0	0	0	0	0	0	0	0
tsk631	15	196	100000000	23	15	4	3	1	0	0	0	0	0	1	0	0	0	0	0	0	0	0	0	0
tsk631	16	339	100000000	68	12	4	2	2	0	0	0	1	0	0	0	0	0	0	0	0	0	0	0	0
tsk631	17	686	100000000	100	13	3	1	2	0	0	0	0	1	0	0	0	0	0	0	0	0	0	0	0
tsk631	18	1353	100000000	179	10	7	1	1	0	0	0	0	1	0	0	0	0	0	0	0	0	0	0	0
tsk631	19	2742	100000000	336	11	8	1	0	0	0	0	0	1	0	0	0	0	0	0	0	0	0	0	0
tsk631	20	5506	100000000	551	14	8	1	0	0	0	0	0	1	0	0	0	0	0	0	0	0	0	0	0
tsk631	21	10758	100000000	871	16	7	2	0	0	0	0	0	1	0	0	0	0	0	0	0	0	0	0	0
tsk631	22	21006	100000000	1459	13	7	2	0	0	0	0	0	1	0	0	0	0	0	0	0	0	0	0	0
tsk631	23	414	100000000	88	17	5	0	0	6	0	0	0	0	0	0	0	1	0	0	0	0	0	0	0
tsk631	24	840	100000000	135	19	5	1	4	2	0	0	0	0	0	0	1	0	0	0	0	0	0	0	0
tsk631	25	1745	100000000	240	19	2	1	5	1	0	0	0	0	0	0	0	1	0	0	0	0	0	0	0
tsk631	26	3451	100000000	406	16	3	1	5	0	1	0	0	0	0	0	0	1	0	0	0	0	0	0	0
tsk631	27	6895	100000000	800	21	5	0	5	0	1	0	0	0	0	0	0	1	0	0	0	0	0	0	0
tsk631	28	13858	100000000	1511	20	5	0	5	0	1	0	0	0	0	0	0	1	0	0	0	0	0	0	0
tsk631	29	26662	100000000	1933	20	5	0	5	0	1	0	0	0	0	0	0	1	0	0	0	0	0	0	0
tsk631	30	52759	100000000	3844	21	5	0	5	0	1	0	0	0	0	0	0	1	0	0	0	0	0	0	0
tsk631	31	106220	100000000	6825	20	5	0	5	0	1	0	0	0	0	0	0	1	0	0	0	0	0	0	0
tsk631	32	212278	100000000	9110	20	5	0	5	0	1	0	0	0	0	0	0	1	0	0	0	0	0	0	0
tsk631	33	424240	100000000	9896	20	5	0	5	0	1	0	0	0	0	0	0	1	0	0	0	0	0	0	0
tsk631	34	846812	100000000	9965	21	5	0	5	0	1	0	0	0	0	0	0	1	0	0	0	0	0	0	0
tsk631	35	1682499	100000000	9967	21	5	0	5	0	1	0	0	0	0	0	0	1	0	0	0	0	0	0	0
tsk631	36	3325750	100000000	9968	20	5	0	5	0	1	0	0	0	0	0	0	1	0	0	0	0	0	0	0
tsk631	37	6498542	100000000	9968	20	5	0	5	0	1	0	0	0	0	0	0	1	0	0	0	0	0	0	0
tsk631	38	12424149	100000000	9968	20	5	0	5	0	1	0	0	0	0	0	0	1	0	0	0	0	0	0	0
tsk631	39	22797077	100000000	9967	21	5	0	5	0	1	0	0	0	0	0	0	1	0	0	0	0	0	0	0
tsk631	40	38925478	100000000	9967	21	5	0	5	0	1	0	0	0	0	0	0	1	0	0	0	0	0	0	0
tsk631	41	445507	100000000	9967	21	5	0	5	0	1	0	0	0	0	0	0	1	0	0	0	0	0	0	0
tsk631	42	888347	100000000	9967	21	5	0	5	0	1	0	0	0	0	0	0	1	0	0	0	0	0	0	0
tsk631	43	1765345	100000000	9967	21	5	0	5	0	1	0	0	0	0	0	0	1	0	0	0	0	0	0	0
tsk631	44	35569	100000000	9024	19	5	0	5	0	1	0	0	0	0	0	0	1	0	0	0	0	0	0	0
tsk631	45	71061	100000000	9289	20	4	1	5	0	1	0	0	0	0	0	0	1	0	0	0	0	0	0	0
tsk631	46	1399	100000000	1241	17	4	0	3	3	0	0	0	0	0	0	0	1	0	0	0	0	0	0	0
tsk631	47	2775	100000000	1320	19	2	0	4	1	1	0	0	0	0	0	0	0	1	0	0	0	0	0	0
tsk631	48	5482	100000000	1591	21	1	1	4	1	1	0	0	0	0	0	0	1	0	0	0	0	0	0	0
tsk631	49	10796	100000000	2089	18	1	1	4	1	1	0	0	0	0	0	0	1	0	0	0	0	0	0	0
tsk631	50	21702	100000000	3084	19	1	1	4	1	1	0	0	0	0	0	0	0	1	0	0	0	0	0	0
tsk631	51	43556	100000000	4643	19	1	1	4	2	0	0	0	0	0	0	0	0	1	0	0	0	0	0	0
tsk631	52	86754	964079750	6491	19	1	1	4	2	0	0	0	0	0	0	0	0	1	0	0	0	0	0	0
tsk631	53	168780	912331549	7937	19	1	1	4	2	0	0	0	0	0	0	0	0	1	0	0	0	0	0	0
tsk631	54	3501	864589540	1618	25	3	0	0	6	0	0	0	0	0	0	0	1	0	0	0	0	0	0	0
tsk631	55	83	810622682	37	24	29	4	15	5	0	0	0	1	0	0	1	0	0	0	0	0	0	0	0
tsk631	56	163	745059614	43	18	40	6	7	6	2	0	0	0	0	0	0	2	0	0	0	0	0	0	0
tsk631	57	329	675961035	68	23	25	14	3	15	0	0	0	0	0	0	0	1	1	0	0	0	0	0	0
tsk631	58	664	613243995	100	19	25	26	0	10	2	1	0	0	0	0	0	0	1	1	0	0	0	0	0
tsk631	59	1325	553621065	190	13	30	19	10	6	2	1	0	0	0	0	0	0	1	1	0	0	0	0	0
tsk631	60	2641	493128285	354	16	23	19	4	12	2	1	0	0	0	0	0	0	1	1	0	0	0	0	0
tsk631	61	5190	440667909	511	17	19	22	7	9	2	1	0	0	0	0	0	0	0	2	0	0	0	0	0
tsk631	62	9922	401307671	822	12	27	16	15	4	2	0	1	0	0	0	0	0	0	2	0	0	0	0	0
tsk631	63	19140	369656422	1406	12	30	16	12	4	2	0	1	0	0	0	0	0	1	0	1	0	0	0	0
tsk631	64	36864	338928087	2354	12	30	13	12	7	2	0	1	0	0	0	0	0	1	0	1	0	0	0	0
tsk631	65	71249	309267839	3880	12	30	13	16	3	2	0	1	0	0	0	0	0	1	0	1	0	0	0	0
tsk631	66	1538	284361826	358	16	28	23	7	3	2	0	1	0	0	0	0	0	1	0	1	0	0	0	0
tsk631	67	3106	262735430	550	14	24	28	4	6	2	0	1	0	0	0	0	0	1	0	1	0	0	0	0
tsk631	68	6180	242499852	853	18	23	23	6	5	2	1	0	0	0	0	0	0	0	2	0	0	0	0	0
tsk631	69	12524	221617588	1531	19	19	26	6	2	5	1	0	0	0	0	0	0	0	2	0	0	0	0	0
tsk631	70	25029	203112195	2725	18	15	31	6	2	5	1	0	0	0	0	0	0	0	2	0	0	0	0	0
tsk631	71	49768	191166795	4234	17	18	29	3	5	5	1	0	0	0	0	0	0	0	2	0	0	0	0	0
tsk631	72	95921	188512018	5296	18	21	25	3	5	5	1	0	0	0	0	0	0	1	1	0	0	0	0	0
tsk631	73	183843	188823828	6834	18	22	24	3	5	5	1	0	0	0	0	0	0	1	1	0	0	0	0	0
tsk631	74	351926	187372519	8147	17	23	24	3	5	5	1	0	0	0	0	0	0	1	1	0	0	0	0	0
tsk631	75	669107	191754940	9221	19	22	24	3	5	5	1	0	0	0	0	0	0	1	1	0	0	0	0	0
tsk631	76	1269547	195738066	9812	19	22	24	3	5	5	1	0	0	0	0	0	0	1	1	0	0	0	0	0
tsk631	77	2402872	191654211	9913	18	22	24	3	5	5	1	0	0	0	0	0	0	1	1	0	0	0	0	0
tsk631	78	4529911	182135658	9919	18	22	24	3	5	5	1	0	0	0	0	0	0	1	1	0	0	0	0	0
tsk631	79	8458096	170328897	9919	19	20	26	3	5	5	1	0	0	0	0	0	0	1	1	0	0	0	0	0
tsk631	80	103203	158636932	8477	22	19	27	5	8	1	0	0	0	0	0	0	0	0	2	0	0	0	0	0
tsk631	81	206708	145679291	9485	22	17	29	5	8	1	0	0	0	0	0	0	0	0	2	0	0	0	0	0
tsk631	82	413747	131048528	9872	22	17	29	5	8	1	0	0	0	0	0	0	0	0	2	0	0	0	0	0
tsk631	83	825778	118607190	9915	22	17	29	5	8	1	0	0	0	0	0	0	0	0	2	0	0	0	0	0
tsk631	84	1642509	107557304	9916	22	17	29	5	8	1	0	0	0	0	0	0	0	0	2	0	0	0	0	0
tsk631	85	3127842	96098785	9916	22	17	29	5	8	1	0	0	0	0	0	0	0	0	2	0	0	0	0	0
tsk631	86	62281	86591013	8579	22	18	28	5	8	1	0	0	0	0	0	0	0	0	2	0	0	0	0	0
tsk631	87	123965	81289538	9228	22	18	28	5	8	1	0	0	0	0	0	0	0	0	2	0	0	0	0	0
tsk631	88	2508	78664119	1470	27	18	30	1	2	2	3	1	0	0	0	0	1	0	0	1	0	0	0	0
tsk631	89	5034	75395447	1659	28	16	31	2	2	2	3	1	0	0	0	0	1	0	0	0	1	0	0	0
tsk631	90	9993	71020467	2141	29	18	30	1	2	0	5	1	0	0	0	0	1	0	0	0	1	0	0	0
tsk631	91	207	67095508	128	117	17	19	6	2	4	6	0	0	1	0	1	0	0	0	0	0	0	1	0
tsk711	1	66	100000000	0	7	0	0	0	0	0	0	0	0	0	0	0	0	0	0	0	0	0	0	0
tsk711	2	136	100000000	9	4	0	1	0	0	0	0	0	0	0	0	0	0	0	0	0	0	0	0	0
tsk711	3	253	100000000	26	3	1	0	0	1	0	0	0	0	0	0	0	0	0	0	0	0	0	0	0
tsk711	4	519	100000000	55	2	2	0	0	0	1	0	0	0	0	0	0	0	0	0	0	0	0	0	0
tsk711	5	1082	100000000	113	3	1	0	0	1	0	0	0	0	0	0	0	0	0	0	0	0	0	0	0
tsk711	6	2098	100000000	218	4	0	0	0	1	0	0	0	0	0	0	0	0	0	0	0	0	0	0	0
tsk711	7	4163	100000000	467	4	0	0	0	1	0	0	0	0	0	0	0	0	0	0	0	0	0	0	0
tsk711	8	8444	100000000	939	5	0	0	0	1	0	0	0	0	0	0	0	0	0	0	0	0	0	0	0
tsk711	9	16861	100000000	1817	5	0	0	0	1	0	0	0	0	0	0	0	0	0	0	0	0	0	0	0
tsk711	10	33745	100000000	3305	5	0	0	0	1	0	0	0	0	0	0	0	0	0	0	0	0	0	0	0
tsk711	11	67590	100000000	5611	5	0	0	0	1	0	0	0	0	0	0	0	0	0	0	0	0	0	0	0
tsk711	12	135252	100000000	8114	5	0	0	0	1	0	0	0	0	0	0	0	0	0	0	0	0	0	0	0
tsk711	13	270755	100000000	9623	5	0	0	0	1	0	0	0	0	0	0	0	0	0	0	0	0	0	0	0
tsk711	14	541185	100000000	9983	5	0	0	0	1	0	0	0	0	0	0	0	0	0	0	0	0	0	0	0
tsk711	15	1079136	100000000	9994	5	0	0	0	1	0	0	0	0	0	0	0	0	0	0	0	0	0	0	0
tsk711	16	2142344	100000000	9994	5	0	0	0	1	0	0	0	0	0	0	0	0	0	0	0	0	0	0	0
tsk711	17	4215811	100000000	9994	5	0	0	0	1	0	0	0	0	0	0	0	0	0	0	0	0	0	0	0
tsk711	18	8184294	100000000	9994	5	0	0	0	1	0	0	0	0	0	0	0	0	0	0	0	0	0	0	0
tsk711	19	15466440	100000000	9994	5	0	0	0	1	0	0	0	0	0	0	0	0	0	0	0	0	0	0	0
tsk711	20	27784964	100000000	9994	5	0	0	0	1	0	0	0	0	0	0	0	0	0	0	0	0	0	0	0
tsk711	21	333524	100000000	9994	5	0	0	0	1	0	0	0	0	0	0	0	0	0	0	0	0	0	0	0
tsk711	22	665839	100000000	9994	5	0	0	0	1	0	0	0	0	0	0	0	0	0	0	0	0	0	0	0
tsk711	23	1323592	100000000	9994	5	0	0	0	1	0	0	0	0	0	0	0	0	0	0	0	0	0	0	0
tsk711	24	2623210	100000000	9994	5	0	0	0	1	0	0	0	0	0	0	0	0	0	0	0	0	0	0	0
tsk711	25	5153348	100000000	9994	5	0	0	0	1	0	0	0	0	0	0	0	0	0	0	0	0	0	0	0
tsk711	26	9944626	100000000	9994	5	0	0	0	1	0	0	0	0	0	0	0	0	0	0	0	0	0	0	0
tsk711	27	199606	100000000	9994	5	0	0	0	1	0	0	0	0	0	0	0	0	0	0	0	0	0	0	0
tsk711	28	398672	100000000	9994	5	0	0	0	1	0	0	0	0	0	0	0	0	0	0	0	0	0	0	0
tsk711	29	793204	100000000	9994	5	0	0	0	1	0	0	0	0	0	0	0	0	0	0	0	0	0	0	0
tsk711	30	16209	100000000	7411	5	0	0	0	1	0	0	0	0	0	0	0	0	0	0	0	0	0	0	0
tsk711	31	32166	100000000	7795	6	0	0	0	1	0	0	0	0	0	0	0	0	0	0	0	0	0	0	0
tsk711	32	64546	100000000	8459	6	0	0	0	1	0	0	0	0	0	0	0	0	0	0	0	0	0	0	0
tsk711	33	1268	100000000	1208	5	0	0	0	1	0	0	0	0	0	0	0	0	0	0	0	0	0	0	0
tsk711	34	2524	100000000	1273	7	0	0	0	1	0	0	0	0	0	0	0	0	0	0	0	0	0	0	0
tsk711	35	71	100000000	0	16	24	14	5	5	0	0	0	6	0	0	1	0	0	0	0	0	0	0	0
tsk711	36	121	100000000	9	19	6	6	5	4	0	8	0	3	0	1	0	0	0	0	0	0	0	0	0
tsk711	37	219	100000000	20	14	15	5	3	5	4	3	6	0	0	0	0	0	0	0	0	0	0	0	0
tsk711	38	429	100000000	38	11	14	10	0	6	4	0	6	1	1	0	0	0	0	0	0	0	0	0	0
tsk711	39	839	100000000	104	11	6	13	7	1	0	4	3	3	1	1	0	0	0	0	0	0	0	0	0
tsk711	40	1728	100000000	204	12	8	6	12	0	4	0	3	3	0	2	0	0	0	0	0	0	0	0	0
tsk711	41	3353	100000000	317	12	8	6	9	3	4	0	3	3	1	1	0	0	0	0	0	0	0	0	0
tsk711	42	6336	100000000	516	12	8	10	2	6	4	0	6	0	1	1	0	0	0	0	0	0	0	0	0
tsk711	43	12379	100000000	901	13	8	10	5	3	4	0	6	0	1	1	0	0	0	0	0	0	0	0	0
tsk711	44	23755	100000000	1546	12	8	10	2	6	4	0	6	0	1	1	0	0	0	0	0	0	0	0	0
tsk711	45	45950	100000000	2655	12	8	6	6	6	4	0	6	0	1	1	0	0	0	0	0	0	0	0	0
tsk711	46	89203	100000000	4412	14	7	6	8	4	4	0	6	0	1	1	0	0	0	0	0	0	0	0	0
tsk711	47	171253	100000000	6268	14	7	6	6	6	4	0	6	0	1	1	0	0	0	0	0	0	0	0	0
tsk711	48	328894	100000000	8190	14	7	10	2	6	4	0	6	0	1	1	0	0	0	0	0	0	0	0	0
tsk711	49	631155	100000000	9518	14	7	10	2	6	4	0	6	0	1	1	0	0	0	0	0	0	0	0	0
tsk711	50	1205489	100000000	9918	13	7	10	2	6	4	0	6	0	1	1	0	0	0	0	0	0	0	0	0
tsk711	51	2295749	100000000	9950	13	7	10	2	6	4	0	6	0	1	1	0	0	0	0	0	0	0	0	0
tsk711	52	4379374	964079750	9950	13	7	10	2	6	4	0	6	0	1	1	0	0	0	0	0	0	0	0	0
tsk711	53	44994	912331549	6525	17	6	11	5	0	9	3	0	3	1	1	0	0	0	0	0	0	0	0	0
tsk711	54	89745	864589540	7916	16	10	7	5	0	9	3	0	3	1	1	0	0	0	0	0	0	0	0	0
tsk711	55	1826	810622682	805	14	20	3	1	2	7	7	1	3	1	0	0	0	0	0	0	0	0	0	0
tsk711	56	38	745059614	0	0	9	0	0	0	5	0	12	0	4	0	4	0	3	0	0	0	0	0	0
tsk711	57	72	675961035	0	2	4	6	1	0	8	0	5	0	7	2	0	2	0	0	2	0	0	0	0
tsk711	58	141	613243995	13	2	2	3	2	0	5	3	1	10	0	4	0	4	2	0	0	0	0	0	0
tsk711	59	281	553621065	28	4	1	5	1	0	6	6	0	4	3	4	2	0	0	4	0	0	0	0	0
tsk711	60	571	493128285	57	6	3	2	2	3	4	5	0	6	1	0	0	2	4	4	0	0	0	0	0
tsk711	61	1180	440667909	151	4	4	1	1	3	3	7	2	0	1	4	0	6	0	4	0	0	0	0	0
tsk711	62	2334	401307671	256	3	4	1	2	2	5	2	5	1	0	0	4	5	1	0	4	0	0	0	0
tsk711	63	4620	369656422	411	3	4	1	2	5	2	2	5	1	0	0	4	1	5	0	4	0	0	0	0
tsk711	64	8969	338928087	678	3	4	1	2	3	4	7	0	1	0	0	4	2	4	0	4	0	0	0	0
tsk711	65	17538	309267839	1159	3	4	2	1	3	4	7	0	1	0	0	4	6	0	4	0	0	0	0	0
tsk711	66	34481	284361826	2060	3	4	1	2	3	4	7	0	1	0	0	4	6	0	4	0	0	0	0	0
tsk711	67	738	262735430	162	10	3	1	5	0	3	0	2	0	5	9	0	0	2	0	0	4	0	0	0
tsk711	68	1544	242499852	256	10	2	3	2	3	1	2	2	0	5	9	0	0	2	0	0	4	0	0	0
tsk711	69	3086	221617588	429	9	2	3	0	5	3	0	2	0	10	4	0	0	2	0	0	4	0	0	0
tsk711	70	6320	203112195	832	9	2	3	0	6	0	2	0	3	9	4	0	0	2	0	0	4	0	0	0
tsk711	71	12671	191166795	1468	10	3	2	0	6	0	2	0	3	9	4	0	0	2	0	0	4	0	0	0
tsk711	72	25028	188512018	2289	10	3	2	0	6	0	2	0	3	9	4	0	0	2	0	0	4	0	0	0
tsk711	73	47899	188823828	3028	10	3	2	0	6	0	2	0	3	9	4	0	0	2	0	0	4	0	0	0
tsk711	74	91442	187372519	4276	10	3	2	0	5	1	2	0	3	13	0	0	0	2	0	0	4	0	0	0
tsk711	75	175482	191754940	6056	10	4	1	0	6	0	2	0	2	14	0	0	0	2	0	0	4	0	0	0
tsk711	76	336010	195738066	7810	10	4	1	0	6	0	2	0	3	13	0	0	0	2	0	0	4	0	0	0
tsk711	77	641392	191654211	9192	10	4	1	0	6	0	2	0	3	13	0	0	0	2	0	0	4	0	0	0
tsk711	78	1221547	182135658	9861	10	4	1	0	6	0	2	0	3	13	0	0	0	2	0	0	4	0	0	0
tsk711	79	2318832	170328897	9949	10	4	1	0	6	0	2	0	3	13	0	0	0	2	0	0	4	0	0	0
tsk711	80	4381348	158636932	9955	10	4	1	0	6	0	2	0	3	13	0	0	0	2	0	0	4	0	0	0
tsk711	81	8137785	145679291	9955	10	4	1	0	6	0	2	0	3	13	0	0	0	2	0	0	4	0	0	0
tsk711	82	14760064	131048528	9955	10	4	1	0	6	0	2	0	3	13	0	0	0	2	0	0	4	0	0	0
tsk711	83	25635702	118607190	9955	10	4	1	0	6	0	2	0	3	13	0	0	0	2	0	0	4	0	0	0
tsk711	84	41141712	107557304	9955	10	4	1	0	6	0	2	0	3	13	0	0	0	2	0	0	4	0	0	0
tsk711	85	57939535	96098785	9955	10	4	1	0	6	0	2	0	3	13	0	0	0	2	0	0	4	0	0	0
tsk711	86	69112773	86591013	9955	10	4	1	0	6	0	2	0	3	13	0	0	0	2	0	0	4	0	0	0
tsk711	87	72868879	81289538	9955	10	4	1	0	6	0	2	0	3	13	0	0	0	2	0	0	4	0	0	0
tsk711	88	337909	78664119	9953	10	3	2	0	6	0	2	0	4	12	0	0	0	2	0	0	0	4	0	0
tsk711	89	672730	75395447	9955	10	3	2	0	6	0	2	0	3	13	0	0	0	2	0	0	0	4	0	0
tsk711	90	1336706	71020467	9955	10	3	2	0	6	0	2	0	7	9	0	0	0	2	0	0	0	4	0	0
tsk711	91	2636264	67095508	9955	10	3	2	0	6	0	2	0	7	9	0	0	0	2	0	0	0	4	0	0
tsk782	1	72	100000000	0	4	0	0	0	0	0	0	0	0	0	0	0	0	0	0	0	0	0	0	0
tsk782	2	162	100000000	8	2	0	0	0	0	0	0	0	0	0	0	0	0	0	0	0	0	0	0	0
tsk782	3	325	100000000	16	2	1	0	0	0	0	0	0	0	0	0	0	0	0	0	0	0	0	0	0
tsk782	4	589	100000000	61	0	2	1	0	0	0	0	0	0	0	0	0	0	0	0	0	0	0	0	0
tsk782	5	1136	100000000	133	1	1	1	0	0	0	0	0	0	0	0	0	0	0	0	0	0	0	0	0
tsk782	6	2272	100000000	260	1	1	1	0	0	0	0	0	0	0	0	0	0	0	0	0	0	0	0	0
tsk782	7	4601	100000000	561	1	2	0	0	0	0	0	0	0	0	0	0	0	0	0	0	0	0	0	0
tsk782	8	9266	100000000	1072	1	1	1	0	0	0	0	0	0	0	0	0	0	0	0	0	0	0	0	0
tsk782	9	18564	100000000	1995	1	1	1	0	0	0	0	0	0	0	0	0	0	0	0	0	0	0	0	0
tsk782	10	37101	100000000	3687	1	1	1	0	0	0	0	0	0	0	0	0	0	0	0	0	0	0	0	0
tsk782	11	74297	100000000	5987	1	1	1	0	0	0	0	0	0	0	0	0	0	0	0	0	0	0	0	0
tsk782	12	147847	100000000	8387	1	1	1	0	0	0	0	0	0	0	0	0	0	0	0	0	0	0	0	0
tsk782	13	295489	100000000	9755	1	1	1	0	0	0	0	0	0	0	0	0	0	0	0	0	0	0	0	0
tsk782	14	590622	100000000	9992	1	1	1	0	0	0	0	0	0	0	0	0	0	0	0	0	0	0	0	0
tsk782	15	1177792	100000000	9997	1	1	1	0	0	0	0	0	0	0	0	0	0	0	0	0	0	0	0	0
tsk782	16	16085	100000000	4508	1	1	1	1	0	0	0	0	0	0	0	0	0	0	0	0	0	0	0	0
tsk782	17	31864	100000000	5434	1	1	1	1	0	0	0	0	0	0	0	0	0	0	0	0	0	0	0	0
tsk782	18	63773	100000000	6876	1	1	1	1	0	0	0	0	0	0	0	0	0	0	0	0	0	0	0	0
tsk782	19	127744	100000000	8550	0	1	1	1	0	0	0	0	0	0	0	0	0	0	0	0	0	0	0	0
tsk782	20	255224	100000000	9718	0	1	1	1	0	0	0	0	0	0	0	0	0	0	0	0	0	0	0	0
tsk782	21	508498	100000000	9980	1	1	1	1	0	0	0	0	0	0	0	0	0	0	0	0	0	0	0	0
tsk782	22	1013195	100000000	9997	0	1	1	1	0	0	0	0	0	0	0	0	0	0	0	0	0	0	0	0
tsk782	23	2011932	100000000	9997	0	1	1	1	0	0	0	0	0	0	0	0	0	0	0	0	0	0	0	0
tsk782	24	3969810	100000000	9996	1	1	1	1	0	0	0	0	0	0	0	0	0	0	0	0	0	0	0	0
tsk782	25	7720883	100000000	9996	1	1	1	1	0	0	0	0	0	0	0	0	0	0	0	0	0	0	0	0
tsk782	26	14637457	100000000	9996	1	1	1	1	0	0	0	0	0	0	0	0	0	0	0	0	0	0	0	0
tsk782	27	26443285	100000000	9996	1	1	1	1	0	0	0	0	0	0	0	0	0	0	0	0	0	0	0	0
tsk782	28	440419	100000000	9997	1	0	1	1	0	0	0	0	0	0	0	0	0	0	0	0	0	0	0	0
tsk782	29	877994	100000000	9996	2	0	1	1	0	0	0	0	0	0	0	0	0	0	0	0	0	0	0	0
tsk782	30	1745116	100000000	9997	1	0	1	1	0	0	0	0	0	0	0	0	0	0	0	0	0	0	0	0
tsk782	31	3450405	100000000	9997	1	0	1	1	0	0	0	0	0	0	0	0	0	0	0	0	0	0	0	0
tsk782	32	68413	100000000	9792	2	0	1	1	0	0	0	0	0	0	0	0	0	0	0	0	0	0	0	0
tsk782	33	136611	100000000	9903	2	0	1	1	0	0	0	0	0	0	0	0	0	0	0	0	0	0	0	0
tsk782	34	272744	100000000	9977	2	0	1	1	0	0	0	0	0	0	0	0	0	0	0	0	0	0	0	0
tsk782	35	545047	100000000	9997	1	0	1	1	0	0	0	0	0	0	0	0	0	0	0	0	0	0	0	0
tsk782	36	10656	100000000	6029	1	0	1	1	0	0	0	0	0	0	0	0	0	0	0	0	0	0	0	0
tsk782	37	21489	100000000	6442	1	0	1	1	0	0	0	0	0	0	0	0	0	0	0	0	0	0	0	0
tsk782	38	42833	100000000	7216	1	0	1	1	0	0	0	0	0	0	0	0	0	0	0	0	0	0	0	0
tsk782	39	938	100000000	1044	5	1	1	1	0	0	0	0	0	0	0	0	0	0	0	0	0	0	0	0
tsk782	40	1901	100000000	1097	15	1	1	0	1	0	0	0	0	0	0	0	0	0	0	0	0	0	0	0
tsk782	41	3838	100000000	1263	19	1	1	0	1	0	0	0	0	0	0	0	0	0	0	0	0	0	0	0
tsk782	42	80	100000000	0	31	57	0	9	10	0	0	0	0	1	0	0	0	0	0	0	0	0	0	0
tsk782	43	182	100000000	35	26	25	12	16	3	1	0	0	0	0	0	1	0	0	0	0	0	0	0	0
tsk782	44	345	100000000	51	21	24	23	11	1	6	0	0	0	0	1	0	0	0	0	0	0	0	0	0
tsk782	45	672	100000000	84	20	29	10	23	6	0	0	0	0	0	1	0	0	0	0	0	0	0	0	0
tsk782	46	1305	100000000	164	21	19	29	7	10	0	0	0	0	0	0	1	0	0	0	0	0	0	0	0
tsk782	47	33	100000000	0	0	7	0	38	0	0	2	0	7	0	0	0	0	2	0	0	0	0	0	0
tsk782	48	54	100000000	0	15	5	0	19	16	0	0	5	0	0	0	0	0	0	0	0	0	0	0	2
tsk782	49	99	100000000	5	9	14	5	7	0	0	0	17	4	0	0	0	0	0	0	0	0	0	2	0
tsk782	50	209	100000000	15	13	12	11	0	0	0	7	11	3	0	0	0	0	0	0	0	0	0	0	2
tsk782	51	392	100000000	25	13	12	9	9	0	0	0	0	7	7	0	0	0	0	0	0	0	0	0	2
tsk782	52	871	964079750	76	13	13	11	7	0	0	0	0	7	3	4	0	0	0	0	0	0	0	0	2
tsk782	53	1715	912331549	175	12	8	10	12	0	0	0	7	3	0	0	0	4	0	0	0	0	0	0	2
tsk782	54	3391	864589540	292	13	8	10	12	0	0	0	10	0	0	0	4	0	0	0	0	0	0	0	2
tsk782	55	6583	810622682	452	13	8	10	12	0	0	7	3	0	0	0	4	0	0	0	0	0	0	0	2
tsk782	56	12709	745059614	691	13	8	10	12	0	0	7	0	3	0	0	4	0	0	0	0	0	0	0	2
tsk782	57	24517	675961035	1156	13	8	10	12	0	0	7	3	0	0	0	4	0	0	0	0	0	0	0	2
tsk782	58	46969	613243995	1988	13	8	10	12	0	0	7	3	0	0	0	4	0	0	0	0	0	0	0	2
tsk782	59	90116	553621065	3406	13	8	10	12	0	0	7	3	0	0	0	4	0	0	0	0	0	0	0	2
tsk782	60	1828	493128285	352	13	11	16	5	0	6	1	3	0	0	0	0	4	0	0	0	0	0	0	2
tsk782	61	3676	440667909	552	12	11	16	5	0	7	0	3	0	0	0	0	4	0	0	0	0	0	0	2
tsk782	62	7554	401307671	958	12	11	16	5	0	7	0	3	0	0	0	0	4	0	0	0	0	0	0	2
tsk782	63	15118	369656422	1779	13	11	16	5	0	7	0	3	0	0	0	0	4	0	0	0	0	0	0	2
tsk782	64	30314	338928087	3150	13	11	16	5	0	7	0	3	0	0	0	0	4	0	0	0	0	0	0	2
tsk782	65	58671	309267839	3990	13	11	16	5	0	7	0	3	0	0	0	0	4	0	0	0	0	0	0	2
tsk782	66	112053	284361826	4842	13	11	16	5	0	7	0	3	0	0	0	0	4	0	0	0	0	0	0	2
tsk782	67	213066	262735430	6112	13	11	16	5	0	7	0	3	0	0	0	0	4	0	0	0	0	0	0	2
tsk782	68	405167	242499852	7676	13	11	16	5	0	7	0	3	0	0	0	0	4	0	0	0	0	0	0	2
tsk782	69	769306	221617588	9102	13	11	16	5	0	7	0	3	0	0	0	0	4	0	0	0	0	0	0	2
tsk782	70	1457381	203112195	9815	13	11	16	5	0	7	0	3	0	0	0	0	4	0	0	0	0	0	0	2
tsk782	71	25546	191166795	3726	13	2	24	1	5	0	7	3	0	0	0	0	0	0	4	0	0	2	0	0
tsk782	72	50879	188512018	5328	13	2	24	1	5	0	7	3	0	0	0	0	0	0	4	0	0	2	0	0
tsk782	73	101980	188823828	7432	13	2	24	1	5	0	7	3	0	0	0	0	0	0	4	0	0	0	2	0
tsk782	74	203670	187372519	9203	13	2	24	1	5	0	7	3	0	0	0	0	0	0	4	0	0	0	2	0
tsk782	75	403712	191754940	9843	13	2	24	1	5	0	7	3	0	0	0	0	0	0	4	0	0	0	2	0
tsk782	76	767921	195738066	9894	13	2	24	1	5	0	7	3	0	0	0	0	0	0	4	0	0	0	2	0
tsk782	77	15276	191654211	3698	7	13	12	8	5	0	7	3	0	0	0	0	0	0	4	0	0	0	2	0
tsk782	78	30431	182135658	4737	11	2	19	8	5	0	7	3	0	0	0	0	0	0	4	0	0	0	2	0
tsk782	79	61219	170328897	6350	13	1	19	8	5	0	7	3	0	0	0	0	0	0	4	0	0	0	2	0
tsk782	80	122680	158636932	8282	8	6	19	8	5	0	7	3	0	0	0	0	0	0	4	0	0	0	2	0
tsk782	81	245242	145679291	9550	12	2	19	8	5	0	7	3	0	0	0	0	0	0	4	0	0	0	2	0
tsk782	82	484402	131048528	9902	13	1	19	8	5	0	7	3	0	0	0	0	0	0	4	0	0	0	2	0
tsk782	83	918778	118607190	9925	13	1	19	8	5	0	7	3	0	0	0	0	0	0	4	0	0	0	2	0
tsk782	84	1730675	107557304	9933	13	1	19	8	5	0	7	3	0	0	0	0	0	0	4	0	0	0	2	0
tsk782	85	3235464	96098785	9938	13	1	19	8	5	0	7	3	0	0	0	0	0	1	3	0	0	0	2	0
tsk782	86	5964536	86591013	9938	13	1	19	8	5	0	7	3	0	0	0	0	0	0	4	0	0	0	2	0
tsk782	87	10728576	81289538	9938	13	1	19	8	5	0	7	3	0	0	0	0	0	0	4	0	0	0	2	0
tsk782	88	18481437	78664119	9938	13	1	19	8	5	0	7	3	0	0	0	0	0	0	4	0	0	0	2	0
tsk782	89	29497585	75395447	9938	13	1	19	8	5	0	7	3	0	0	0	0	0	1	3	0	0	0	2	0
tsk782	90	41857032	71020467	9938	13	1	19	8	5	0	7	3	0	0	0	0	0	0	4	0	0	0	2	0
tsk782	91	51452720	67095508	9938	13	1	19	8	5	0	7	3	0	0	0	0	0	0	4	0	0	0	2	0
tsk922	1	64	100000000	0	5	0	0	0	0	0	0	0	0	0	0	0	0	0	0	0	0	0	0	0
tsk922	2	120	100000000	10	0	2	0	0	0	0	0	0	0	0	0	0	0	0	0	0	0	0	0	0
tsk922	3	5	100000000	0	0	0	0	0	0	0	0	0	0	0	0	0	0	0	0	0	0	0	0	0
tsk922	4	12	100000000	0	0	0	0	0	0	1	0	0	0	0	0	0	0	0	0	0	0	0	0	0
tsk922	5	23	100000000	0	0	0	2	0	0	1	0	0	0	0	0	0	0	0	0	0	0	0	0	0
tsk922	6	51	100000000	0	2	0	2	1	0	0	0	0	0	0	0	0	0	0	0	0	0	0	0	0
tsk922	7	87	100000000	7	2	1	1	0	1	0	0	0	0	0	0	0	0	0	0	0	0	0	0	0
tsk922	8	183	100000000	16	2	1	0	0	1	1	0	0	0	0	0	0	0	0	0	0	0	0	0	0
tsk922	9	387	100000000	38	1	2	1	0	0	0	2	0	0	0	0	0	0	0	0	0	0	0	0	0
tsk922	10	816	100000000	83	0	0	3	0	0	0	2	0	0	0	0	0	0	0	0	0	0	0	0	0
tsk922	11	1710	100000000	194	1	1	2	0	0	0	1	1	0	0	0	0	0	0	0	0	0	0	0	0
tsk922	12	3396	100000000	401	3	1	2	0	0	0	1	1	0	0	0	0	0	0	0	0	0	0	0	0
tsk922	13	6664	100000000	782	2	1	2	0	0	0	2	0	0	0	0	0	0	0	0	0	0	0	0	0
tsk922	14	131	100000000	13	12	8	0	1	0	0	0	0	1	0	0	0	0	0	0	0	0	0	0	0
tsk922	15	241	100000000	28	16	2	1	1	0	0	0	0	1	0	0	0	0	0	0	0	0	0	0	0
tsk922	16	466	100000000	53	15	4	3	0	0	0	0	1	0	0	0	0	0	0	0	0	0	0	0	0
tsk922	17	966	100000000	129	13	4	0	3	0	0	1	0	0	0	0	0	0	0	0	0	0	0	0	0
tsk922	18	2049	100000000	248	14	1	2	2	1	1	0	0	0	0	0	0	0	0	0	0	0	0	0	0
tsk922	19	4118	100000000	487	17	0	2	1	2	1	0	0	0	0	0	0	0	0	0	0	0	0	0	0
tsk922	20	8258	100000000	958	16	0	2	2	1	1	0	0	0	0	0	0	0	0	0	0	0	0	0	0
tsk922	21	16595	100000000	1839	15	0	2	1	2	1	0	0	0	0	0	0	0	0	0	0	0	0	0	0
tsk922	22	329	100000000	103	15	2	0	1	2	0	0	1	0	0	0	0	0	0	0	0	0	0	0	0
tsk922	23	702	100000000	138	13	5	0	1	2	0	0	1	0	0	0	0	0	0	0	0	0	0	0	0
tsk922	24	1392	100000000	228	11	8	0	1	2	0	0	0	1	0	0	0	0	0	0	0	0	0	0	0
tsk922	25	2775	100000000	416	9	9	0	1	2	0	0	0	1	0	0	0	0	0	0	0	0	0	0	0
tsk922	26	60	100000000	0	5	13	0	5	1	0	0	2	0	1	1	0	0	0	0	0	0	0	0	1
tsk922	27	102	100000000	5	7	1	7	5	4	2	1	1	0	0	0	0	0	0	0	0	1	0	0	0
tsk922	28	220	100000000	23	7	4	2	0	8	5	0	1	0	1	0	0	1	0	0	0	0	0	0	0
tsk922	29	437	100000000	42	4	8	1	2	3	9	1	0	0	1	1	0	0	0	0	0	0	0	0	0
tsk922	30	859	100000000	95	3	7	4	3	1	7	2	1	0	1	1	0	0	0	0	0	0	0	0	0
tsk922	31	1759	100000000	199	5	5	4	5	0	10	0	0	0	0	2	0	0	0	0	0	0	0	0	0
tsk922	32	3492	100000000	388	4	5	4	5	0	10	0	0	0	0	2	0	0	0	0	0	0	0	0	0
tsk922	33	6818	100000000	601	5	6	3	4	1	8	2	0	0	1	1	0	0	0	0	0	0	0	0	0
tsk922	34	13239	100000000	993	5	6	3	2	3	8	2	0	0	1	1	0	0	0	0	0	0	0	0	0
tsk922	35	25760	100000000	1691	5	6	3	4	1	10	0	0	0	1	1	0	0	0	0	0	0	0	0	0
tsk922	36	52061	100000000	4013	5	6	3	4	1	10	0	0	0	1	1	0	0	0	0	0	0	0	0	0
tsk922	37	104367	100000000	6839	5	6	3	4	1	10	0	0	0	1	1	0	0	0	0	0	0	0	0	0
tsk922	38	208447	100000000	9095	5	6	3	4	1	10	0	0	0	1	1	0	0	0	0	0	0	0	0	0
tsk922	39	415865	100000000	9909	5	6	3	4	1	10	0	0	0	1	1	0	0	0	0	0	0	0	0	0
tsk922	40	829889	100000000	9968	5	6	3	4	1	10	0	0	0	1	1	0	0	0	0	0	0	0	0	0
tsk922	41	1649389	100000000	9969	5	6	3	4	1	10	0	0	0	1	1	0	0	0	0	0	0	0	0	0
tsk922	42	3261167	100000000	9969	5	6	3	4	1	10	0	0	0	1	1	0	0	0	0	0	0	0	0	0
tsk922	43	6376085	100000000	9969	5	6	3	4	1	10	0	0	0	1	1	0	0	0	0	0	0	0	0	0
tsk922	44	12194234	100000000	9969	5	6	3	4	1	10	0	0	0	1	1	0	0	0	0	0	0	0	0	0
tsk922	45	22405728	100000000	9969	5	6	3	4	1	10	0	0	0	1	1	0	0	0	0	0	0	0	0	0
tsk922	46	38364040	100000000	9969	5	6	3	4	1	10	0	0	0	1	1	0	0	0	0	0	0	0	0	0
tsk922	47	433464	100000000	9969	5	6	3	2	3	10	0	0	0	1	1	0	0	0	0	0	0	0	0	0
tsk922	48	865027	100000000	9969	5	6	3	2	3	10	0	0	0	1	1	0	0	0	0	0	0	0	0	0
tsk922	49	1721197	100000000	9969	5	6	3	2	3	10	0	0	0	1	1	0	0	0	0	0	0	0	0	0
tsk922	50	34595	100000000	8993	5	6	3	2	3	10	0	0	0	1	1	0	0	0	0	0	0	0	0	0
tsk922	51	69098	100000000	9311	5	6	3	2	3	10	0	0	0	1	1	0	0	0	0	0	0	0	0	0
tsk922	52	138534	964079750	9672	5	5	4	3	2	10	0	0	0	2	0	0	0	0	0	0	0	0	0	0
tsk922	53	277711	912331549	9908	5	5	4	3	2	10	0	0	0	2	0	0	0	0	0	0	0	0	0	0
tsk922	54	5747	864589540	3787	8	5	1	4	3	2	7	0	1	0	1	0	0	0	0	0	0	0	0	0
tsk922	55	11566	810622682	4093	6	7	1	6	0	3	7	0	1	1	0	0	0	0	0	0	0	0	0	0
tsk922	56	22927	745059614	4861	4	7	1	6	0	3	6	1	1	1	0	0	0	0	0	0	0	0	0	0
tsk922	57	45814	675961035	6178	5	7	1	6	0	3	2	6	0	1	0	0	0	0	0	0	0	0	0	0
tsk922	58	91623	613243995	7755	6	7	1	6	0	3	2	6	0	1	0	0	0	0	0	0	0	0	0	0
tsk922	59	1873	553621065	1507	8	4	1	5	3	2	2	6	0	0	1	0	0	0	0	0	0	0	0	0
tsk922	60	3814	493128285	1657	10	2	2	3	4	2	2	6	0	0	1	0	0	0	0	0	0	0	0	0
tsk922	61	7698	440667909	2057	7	5	3	3	3	2	2	6	0	0	1	0	0	0	0	0	0	0	0	0
tsk922	62	15359	401307671	2759	10	4	4	2	3	2	3	5	0	0	1	0	0	0	0	0	0	0	0	0
tsk922	63	30874	369656422	3997	9	4	3	3	3	2	3	5	0	0	1	0	0	0	0	0	0	0	0	0
tsk922	64	61904	338928087	5885	7	5	4	2	3	2	3	5	0	0	1	0	0	0	0	0	0	0	0	0
tsk922	65	122066	309267839	7577	8	4	3	3	3	2	3	5	0	0	1	0	0	0	0	0	0	0	0	0
tsk922	66	237121	284361826	8841	8	4	3	3	3	2	3	5	0	0	1	0	0	0	0	0	0	0	0	0
tsk922	67	458633	262735430	9673	9	4	3	3	3	2	3	5	0	0	1	0	0	0	0	0	0	0	0	0
tsk922	68	879750	242499852	9923	9	4	3	3	3	2	3	5	0	0	1	0	0	0	0	0	0	0	0	0
tsk922	69	1685694	221617588	9966	9	4	3	3	3	2	3	5	0	0	1	0	0	0	0	0	0	0	0	0
tsk922	70	33951	203112195	5688	8	4	3	3	3	2	3	5	0	0	1	0	0	0	0	0	0	0	0	0
tsk922	71	68190	191166795	7128	8	4	3	3	3	2	3	5	0	0	1	0	0	0	0	0	0	0	0	0
tsk922	72	135909	188512018	8716	9	4	3	3	3	2	3	5	0	0	1	0	0	0	0	0	0	0	0	0
tsk922	73	272151	188823828	9729	9	4	3	3	3	2	3	5	0	0	1	0	0	0	0	0	0	0	0	0
tsk922	74	543183	187372519	9958	9	4	3	3	3	2	3	5	0	0	1	0	0	0	0	0	0	0	0	0
tsk922	75	1054806	191754940	9967	9	4	3	3	3	2	3	5	0	0	1	0	0	0	0	0	0	0	0	0
tsk922	76	2008084	195738066	9967	9	4	3	3	3	2	3	5	0	0	1	0	0	0	0	0	0	0	0	0
tsk922	77	3807169	191654211	9967	9	4	3	3	3	2	3	5	0	0	1	0	0	0	0	0	0	0	0	0
tsk922	78	7145778	182135658	9967	9	4	3	3	3	2	3	5	0	0	1	0	0	0	0	0	0	0	0	0
tsk922	79	13206581	170328897	9967	9	4	3	3	3	2	3	5	0	0	1	0	0	0	0	0	0	0	0	0
tsk922	80	23713333	158636932	9967	9	4	3	3	3	2	3	5	0	0	1	0	0	0	0	0	0	0	0	0
tsk922	81	40310253	145679291	9967	9	4	3	3	3	2	3	5	0	0	1	0	0	0	0	0	0	0	0	0
tsk922	82	448895	131048528	9968	8	4	3	2	4	2	3	5	0	0	1	0	0	0	0	0	0	0	0	0
tsk922	83	894996	118607190	9968	8	4	3	2	4	2	3	5	0	0	1	0	0	0	0	0	0	0	0	0
tsk922	84	1779709	107557304	9968	8	4	3	2	4	2	3	5	0	0	1	0	0	0	0	0	0	0	0	0
tsk922	85	3515574	96098785	9968	8	4	3	2	4	2	3	5	0	0	1	0	0	0	0	0	0	0	0	0
tsk922	86	6835130	86591013	9968	8	4	3	2	4	2	3	5	0	0	1	0	0	0	0	0	0	0	0	0
tsk922	87	12670905	81289538	9968	8	4	3	2	4	2	3	5	0	0	1	0	0	0	0	0	0	0	0	0
tsk922	88	21601170	78664119	9968	8	4	3	2	4	2	3	5	0	0	1	0	0	0	0	0	0	0	0	0
tsk922	89	33700836	75395447	9968	8	4	3	2	4	2	3	5	0	0	1	0	0	0	0	0	0	0	0	0
tsk922	90	46162910	71020467	9968	8	4	3	2	4	2	3	5	0	0	1	0	0	0	0	0	0	0	0	0
tsk922	91	54629211	67095508	9968	8	4	3	2	4	2	3	5	0	0	1	0	0	0	0	0	0	0	0	0
tsk962	1	78	100000000	0	2	0	0	0	0	0	0	0	0	0	0	0	0	0	0	0	0	0	0	0
tsk962	2	167	100000000	9	1	0	0	0	0	0	0	0	0	0	0	0	0	0	0	0	0	0	0	0
tsk962	3	342	100000000	23	0	0	0	0	0	0	0	0	0	0	0	0	0	0	0	0	0	0	0	0
tsk962	4	10	100000000	0	0	0	0	0	0	0	0	0	0	0	0	0	0	0	0	0	0	0	0	0
tsk962	5	18	100000000	0	0	0	0	1	0	0	0	0	0	0	0	0	0	0	0	0	0	0	0	0
tsk962	6	34	100000000	0	0	0	0	0	0	0	0	0	0	0	1	0	0	0	0	0	0	0	0	0
tsk962	7	65	100000000	0	3	0	0	0	0	0	0	0	0	0	0	1	0	0	0	0	0	0	0	0
tsk962	8	130	100000000	7	2	0	0	0	0	0	0	0	0	0	0	1	0	0	0	0	0	0	0	0
tsk962	9	248	100000000	21	3	0	0	0	0	0	0	0	0	0	1	0	0	0	0	0	0	0	0	0
tsk962	10	496	100000000	43	4	1	0	0	0	0	0	0	0	1	0	0	0	0	0	0	0	0	0	0
tsk962	11	982	100000000	91	2	2	0	0	0	0	0	0	0	1	0	0	0	0	0	0	0	0	0	0
tsk962	12	1934	100000000	198	3	2	0	0	0	0	0	0	0	1	0	0	0	0	0	0	0	0	0	0
tsk962	13	3844	100000000	439	3	2	0	0	0	0	0	0	0	1	0	0	0	0	0	0	0	0	0	0
tsk962	14	7727	100000000	909	4	1	0	0	0	0	0	0	1	0	0	0	0	0	0	0	0	0	0	0
tsk962	15	15227	100000000	1738	4	1	0	0	0	0	0	0	1	0	0	0	0	0	0	0	0	0	0	0
tsk962	16	30477	100000000	3090	4	1	0	0	0	0	0	0	1	0	0	0	0	0	0	0	0	0	0	0
tsk962	17	61113	100000000	5337	5	1	0	0	0	0	0	0	1	0	0	0	0	0	0	0	0	0	0	0
tsk962	18	122305	100000000	7775	4	1	0	0	0	0	0	0	1	0	0	0	0	0	0	0	0	0	0	0
tsk962	19	243308	100000000	9490	4	1	0	0	0	0	0	0	1	0	0	0	0	0	0	0	0	0	0	0
tsk962	20	485612	100000000	9971	4	1	0	0	0	0	0	0	1	0	0	0	0	0	0	0	0	0	0	0
tsk962	21	968097	100000000	9994	4	1	0	0	0	0	0	0	1	0	0	0	0	0	0	0	0	0	0	0
tsk962	22	1922712	100000000	9994	4	1	0	0	0	0	0	0	1	0	0	0	0	0	0	0	0	0	0	0
tsk962	23	3792834	100000000	9994	4	1	0	0	0	0	0	0	1	0	0	0	0	0	0	0	0	0	0	0
tsk962	24	7387648	100000000	9994	4	1	0	0	0	0	0	0	1	0	0	0	0	0	0	0	0	0	0	0
tsk962	25	95150	100000000	9781	5	1	0	0	0	0	0	0	0	0	1	0	0	0	0	0	0	0	0	0
tsk962	26	190093	100000000	9925	4	1	0	0	0	0	0	0	0	0	1	0	0	0	0	0	0	0	0	0
tsk962	27	3802	100000000	2144	5	1	0	0	0	0	0	0	0	0	0	1	0	0	0	0	0	0	0	0
tsk962	28	7638	100000000	2434	3	2	0	0	0	0	0	0	0	0	1	0	0	0	0	0	0	0	0	0
tsk962	29	140	100000000	31	67	17	5	0	0	0	0	0	0	0	0	0	0	0	0	0	0	0	0	0
tsk962	30	289	100000000	63	55	15	9	0	0	0	0	0	0	0	0	0	0	0	0	0	0	0	0	0
tsk962	31	585	100000000	98	54	13	10	0	0	0	0	0	0	0	0	0	0	0	0	0	0	0	0	0
tsk962	32	1177	100000000	169	45	17	8	2	0	0	0	0	0	0	0	0	0	0	0	0	0	0	0	0
tsk962	33	2341	100000000	282	44	18	9	2	0	0	0	0	0	0	0	0	0	0	0	0	0	0	0	0
tsk962	34	37	100000000	0	0	9	0	10	0	7	0	5	0	0	0	2	0	0	0	0	0	0	0	0
tsk962	35	59	100000000	0	11	5	0	5	1	0	0	4	7	1	0	0	2	0	0	0	0	0	0	0
tsk962	36	123	100000000	9	10	3	2	3	2	0	6	0	3	0	0	4	0	0	0	0	0	0	0	0
tsk962	37	253	100000000	31	4	10	1	3	0	4	0	0	0	2	7	1	1	0	0	0	0	0	0	0
tsk962	38	485	100000000	67	8	7	1	0	4	1	2	0	2	0	7	0	1	1	0	0	0	0	0	0
tsk962	39	992	100000000	132	6	7	3	3	2	0	2	2	0	5	0	3	0	1	0	0	0	0	0	0
tsk962	40	2048	100000000	252	10	7	0	1	5	0	2	0	7	0	1	2	0	1	0	0	0	0	0	0
tsk962	41	3957	100000000	372	9	5	0	1	4	1	2	0	2	5	3	0	0	0	1	0	0	0	0	0
tsk962	42	7728	100000000	617	7	7	0	1	4	1	2	0	2	5	3	0	0	0	0	1	0	0	0	0
tsk962	43	14859	100000000	978	5	9	0	1	4	1	0	2	7	0	3	0	0	0	0	1	0	0	0	0
tsk962	44	28335	100000000	1512	7	7	0	1	4	1	2	0	2	5	3	0	0	0	1	0	0	0	0	0
tsk962	45	54634	100000000	2454	5	9	0	1	4	1	2	0	2	5	3	0	0	0	1	0	0	0	0	0
tsk962	46	104830	100000000	3962	9	7	0	1	4	1	2	0	2	5	3	0	0	0	1	0	0	0	0	0
tsk962	47	2010	100000000	408	10	7	1	3	0	3	1	0	2	0	7	1	0	1	0	0	0	0	0	0
tsk962	48	4100	100000000	611	6	10	1	3	0	3	1	0	2	0	7	1	0	1	0	0	0	0	0	0
tsk962	49	8208	100000000	1094	7	11	0	3	0	3	1	0	2	0	7	1	0	1	0	0	0	0	0	0
tsk962	50	220	100000000	42	30	2	1	2	0	0	2	0	2	5	1	0	2	0	0	0	0	0	0	1
tsk962	51	435	100000000	57	32	3	0	2	0	2	0	0	5	0	5	0	0	0	0	0	0	0	0	1
tsk962	52	836	964079750	123	21	3	2	1	1	2	0	0	5	2	3	0	0	0	0	0	0	0	0	1
tsk962	53	1725	912331549	210	22	5	2	2	0	2	0	0	5	0	3	2	0	0	0	0	0	0	0	1
tsk962	54	3393	864589540	405	20	5	2	1	1	2	0	0	5	0	3	2	0	0	0	0	0	0	0	1
tsk962	55	6684	810622682	825	20	6	2	1	1	2	0	0	5	0	1	4	0	0	0	0	0	0	0	1
tsk962	56	13148	745059614	1275	20	5	2	1	1	2	0	0	5	0	3	2	0	0	0	0	0	0	0	1
tsk962	57	25417	675961035	1946	19	5	2	1	1	2	0	0	5	0	3	2	0	0	0	0	0	0	0	1
tsk962	58	49190	613243995	3026	17	7	2	1	1	2	0	0	5	0	3	2	0	0	0	0	0	0	0	1
tsk962	59	94424	553621065	4321	18	7	2	1	1	2	0	0	5	0	3	2	0	0	0	0	0	0	0	1
tsk962	60	179423	493128285	5462	18	7	2	1	1	2	0	0	5	0	3	2	0	0	0	0	0	0	0	1
tsk962	61	3728	440667909	744	26	4	1	1	0	1	2	0	2	5	0	1	2	0	0	0	0	0	0	1
tsk962	62	7554	401307671	1123	24	6	1	1	0	1	2	0	2	5	0	1	0	2	0	0	0	0	0	1
tsk962	63	15132	369656422	1930	22	6	0	2	0	1	2	0	2	5	0	1	0	2	0	0	0	0	0	1
tsk962	64	30185	338928087	3304	25	5	0	2	0	1	2	0	2	5	0	1	0	0	2	0	0	0	0	1
tsk962	65	587	309267839	197	27	10	2	0	0	1	2	1	7	0	1	0	0	2	0	0	0	0	1	0
tsk962	66	1196	284361826	257	29	8	2	0	0	1	0	6	3	1	1	0	2	0	0	1	0	0	0	0
tsk962	67	2553	262735430	416	29	8	2	0	0	0	1	7	2	1	1	2	0	0	0	1	0	0	0	0
tsk962	68	5221	242499852	684	27	11	1	0	0	0	1	2	7	0	2	0	2	0	1	0	0	0	0	0
tsk962	69	10403	221617588	1284	27	11	1	0	0	0	1	2	7	0	2	0	2	0	1	0	0	0	0	0
tsk962	70	21096	203112195	2369	27	12	1	0	0	0	1	2	7	0	2	0	2	0	1	0	0	0	0	0
tsk962	71	41250	191166795	3740	28	11	1	0	0	0	3	0	7	0	2	0	2	0	1	0	0	0	0	0
tsk962	72	80339	188512018	5111	28	11	1	0	0	0	3	0	7	0	2	2	0	0	1	0	0	0	0	0
tsk962	73	153671	188823828	6055	27	10	2	0	0	0	3	0	7	0	2	2	0	0	1	0	0	0	0	0
tsk962	74	291766	187372519	7021	27	10	2	0	0	0	3	0	7	0	2	2	0	0	1	0	0	0	0	0
tsk962	75	5943	191754940	1281	30	8	3	1	0	0	3	5	2	0	2	2	0	0	1	0	0	0	0	0
tsk962	76	11953	195738066	1895	32	9	3	1	0	0	3	5	2	0	2	2	0	0	1	0	0	0	0	0
tsk962	77	223	191654211	93	46	6	8	2	4	0	3	3	0	0	1	2	4	1	1	0	1	0	0	0
tsk962	78	432	182135658	131	26	10	8	5	3	1	3	0	2	0	3	0	0	5	1	0	1	0	0	0
tsk962	79	870	170328897	190	34	9	5	7	3	2	0	2	2	1	2	0	0	5	1	0	0	1	0	0
tsk962	80	1700	158636932	305	33	11	1	8	6	1	0	2	1	2	2	0	0	1	4	1	0	0	1	0
tsk962	81	3305	145679291	480	39	11	4	6	5	3	0	2	1	2	2	0	1	4	0	1	0	0	1	0
tsk962	82	6628	131048528	828	35	11	4	6	6	2	0	2	1	2	2	0	1	4	1	0	0	0	1	0
tsk962	83	13230	118607190	1517	33	10	4	6	6	2	0	2	1	2	2	1	0	4	0	1	0	0	1	0
tsk962	84	25618	107557304	2190	34	8	4	4	8	2	0	2	1	2	2	1	0	4	0	1	0	0	1	0
tsk962	85	50070	96098785	3325	37	8	4	7	5	2	0	3	0	0	4	1	0	4	0	1	0	0	1	0
tsk962	86	97450	86591013	5074	32	8	4	4	8	2	2	0	1	2	2	1	0	4	0	1	0	0	1	0
tsk962	87	187687	81289538	6960	34	8	4	4	8	2	2	0	1	2	2	1	0	4	0	1	0	0	1	0
tsk962	88	354825	78664119	7630	35	8	4	4	8	2	2	0	1	0	4	1	0	4	0	1	0	0	1	0
tsk962	89	667841	75395447	8529	34	9	4	4	8	2	2	1	0	0	4	1	0	4	0	1	0	0	1	0
tsk962	90	1253423	71020467	9340	35	9	4	4	8	2	2	1	0	0	4	1	0	4	0	1	0	0	1	0
tsk962	91	2339046	67095508	9794	37	9	4	4	8	2	2	1	0	0	4	1	0	4	0	1	0	0	1	0
tsk613	1	72	100000000	0	5	0	0	0	0	0	0	0	0	0	0	0	0	0	0	0	0	0	0	0
tsk613	2	150	100000000	11	2	0	1	0	0	0	0	0	0	0	0	0	0	0	0	0	0	0	0	0
tsk613	3	299	100000000	30	5	0	1	0	0	0	0	0	0	0	0	0	0	0	0	0	0	0	0	0
tsk613	4	7	100000000	0	0	0	0	0	0	0	0	0	0	0	0	0	0	0	0	0	0	0	0	1
tsk613	5	15	100000000	0	0	0	0	0	1	0	0	0	0	0	0	0	0	0	0	0	0	0	0	1
tsk613	6	37	100000000	0	0	4	0	0	0	1	0	0	0	0	0	0	0	0	0	0	0	0	0	1
tsk613	7	70	100000000	0	4	1	3	0	1	0	0	0	0	0	0	0	0	0	0	0	0	0	0	1
tsk613	8	144	100000000	10	2	1	0	2	0	1	0	0	0	0	0	0	0	0	0	0	0	0	0	1
tsk613	9	303	100000000	17	6	3	1	1	0	0	0	0	0	0	0	0	0	0	0	0	0	0	0	1
tsk613	10	608	100000000	55	3	2	1	0	1	0	0	0	0	0	0	0	0	0	0	0	0	0	0	1
tsk613	11	8	100000000	0	0	0	0	0	0	0	0	0	0	1	0	0	0	0	0	0	0	0	0	1
tsk613	12	20	100000000	0	0	0	0	0	0	0	0	0	0	0	1	0	0	0	0	0	0	0	0	1
tsk613	13	51	100000000	0	3	0	0	0	0	1	0	0	0	0	0	0	0	0	0	0	0	0	0	1
tsk613	14	109	100000000	9	1	1	0	0	1	0	0	0	0	0	0	0	0	0	0	0	0	0	0	1
tsk613	15	249	100000000	22	7	1	0	0	0	0	1	0	0	0	0	0	0	0	0	0	0	0	0	1
tsk613	16	531	100000000	64	4	2	0	0	0	1	0	0	0	0	0	0	0	0	0	0	0	0	0	1
tsk613	17	1101	100000000	116	3	3	0	0	1	0	0	0	0	0	0	0	0	0	0	0	0	0	0	1
tsk613	18	2252	100000000	274	3	3	0	0	0	1	0	0	0	0	0	0	0	0	0	0	0	0	0	1
tsk613	19	4461	100000000	514	5	3	0	0	0	1	0	0	0	0	0	0	0	0	0	0	0	0	0	1
tsk613	20	8926	100000000	1013	6	2	0	0	1	0	0	0	0	0	0	0	0	0	0	0	0	0	0	1
tsk613	21	17695	100000000	1954	7	1	0	0	0	1	0	0	0	0	0	0	0	0	0	0	0	0	0	1
tsk613	22	35409	100000000	3541	7	1	0	0	0	1	0	0	0	0	0	0	0	0	0	0	0	0	0	1
tsk613	23	71208	100000000	5810	6	1	0	0	0	1	0	0	0	0	0	0	0	0	0	0	0	0	0	1
tsk613	24	142502	100000000	8226	6	1	0	0	0	1	0	0	0	0	0	0	0	0	0	0	0	0	0	1
tsk613	25	283767	100000000	9673	6	1	0	0	0	1	0	0	0	0	0	0	0	0	0	0	0	0	0	1
tsk613	26	566510	100000000	9979	6	1	0	0	0	1	0	0	0	0	0	0	0	0	0	0	0	0	0	1
tsk613	27	1129181	100000000	9990	6	1	0	0	0	1	0	0	0	0	0	0	0	0	0	0	0	0	0	1
tsk613	28	2242115	100000000	9991	6	1	0	0	0	1	0	0	0	0	0	0	0	0	0	0	0	0	0	1
tsk613	29	4413656	100000000	9991	6	1	0	0	1	0	0	0	0	0	0	0	0	0	0	0	0	0	0	1
tsk613	30	8561217	100000000	9991	6	1	0	0	1	0	0	0	0	0	0	0	0	0	0	0	0	0	0	1
tsk613	31	16138494	100000000	9991	6	1	0	0	1	0	0	0	0	0	0	0	0	0	0	0	0	0	0	1
tsk613	32	199668	100000000	9990	5	2	0	0	1	0	0	0	0	0	0	0	0	0	0	0	0	0	0	1
tsk613	33	398341	100000000	9991	5	2	0	0	1	0	0	0	0	0	0	0	0	0	0	0	0	0	0	1
tsk613	34	795618	100000000	9991	5	2	0	0	1	0	0	0	0	0	0	0	0	0	0	0	0	0	0	1
tsk613	35	1578295	100000000	9991	5	2	0	0	1	0	0	0	0	0	0	0	0	0	0	0	0	0	0	1
tsk613	36	3120704	100000000	9991	5	2	0	0	1	0	0	0	0	0	0	0	0	0	0	0	0	0	0	1
tsk613	37	6111852	100000000	9991	5	2	0	0	1	0	0	0	0	0	0	0	0	0	0	0	0	0	0	1
tsk613	38	11717338	100000000	9991	5	2	0	0	1	0	0	0	0	0	0	0	0	0	0	0	0	0	0	1
tsk613	39	21607989	100000000	9991	5	2	0	0	1	0	0	0	0	0	0	0	0	0	0	0	0	0	0	1
tsk613	40	37207597	100000000	9991	5	2	0	0	1	0	0	0	0	0	0	0	0	0	0	0	0	0	0	1
tsk613	41	696690	100000000	9990	6	2	0	0	1	0	0	0	0	0	0	0	0	0	0	0	0	0	0	1
tsk613	42	1387137	100000000	9990	6	2	0	0	1	0	0	0	0	0	0	0	0	0	0	0	0	0	0	1
tsk613	43	2746268	100000000	9989	7	2	0	0	1	0	0	0	0	0	0	0	0	0	0	0	0	0	0	1
tsk613	44	5389735	100000000	9989	7	2	0	0	1	0	0	0	0	0	0	0	0	0	0	0	0	0	0	1
tsk613	45	10386782	100000000	9989	7	2	0	0	1	0	0	0	0	0	0	0	0	0	0	0	0	0	0	1
tsk613	46	19331142	100000000	9989	7	2	0	0	1	0	0	0	0	0	0	0	0	0	0	0	0	0	0	1
tsk613	47	385761	100000000	9989	7	2	0	0	1	0	0	0	0	0	0	0	0	0	0	0	0	0	0	1
tsk613	48	770105	100000000	9989	7	2	0	0	1	0	0	0	0	0	0	0	0	0	0	0	0	0	0	1
tsk613	49	15537	100000000	8087	5	2	0	0	1	0	0	0	0	0	0	0	0	0	0	0	0	0	0	1
tsk613	50	276	100000000	258	66	5	1	1	0	0	0	0	0	0	0	0	0	0	0	0	0	0	0	1
tsk613	51	566	100000000	290	61	6	4	0	0	0	0	0	0	0	0	0	0	0	0	0	0	0	0	1
tsk613	52	1177	964079750	325	83	8	3	0	0	0	0	0	0	0	0	0	0	0	0	0	0	0	0	1
tsk613	53	23	912331549	0	0	0	12	0	0	1	0	0	0	2	0	0	6	0	0	0	0	0	0	7
tsk613	54	39	864589540	0	0	11	0	4	0	2	0	0	0	1	0	0	0	0	0	0	0	12	0	1
tsk613	55	86	810622682	15	5	0	2	4	0	0	0	1	0	0	0	0	0	0	0	0	6	0	3	4
tsk613	56	182	745059614	20	13	1	7	0	0	0	0	1	0	0	0	0	0	0	0	0	0	6	0	7
tsk613	57	381	675961035	46	11	5	3	4	0	0	0	0	1	0	0	0	0	0	0	0	0	6	3	4
tsk613	58	764	613243995	84	12	5	3	0	4	0	0	0	0	1	0	0	0	0	0	0	6	0	6	1
tsk613	59	1485	553621065	138	12	4	4	0	4	0	0	0	0	1	0	0	0	0	0	6	0	3	0	4
tsk613	60	2889	493128285	225	12	5	3	0	0	4	0	0	1	0	0	0	0	0	0	0	9	0	0	4
tsk613	61	5752	440667909	417	13	5	3	0	0	4	0	0	1	0	0	0	0	0	0	0	9	0	0	4
tsk613	62	11340	401307671	746	12	6	2	0	0	4	0	0	1	0	0	0	0	0	0	0	6	3	0	4
tsk613	63	21974	369656422	1255	13	6	2	0	0	4	0	0	1	0	0	0	0	0	0	0	6	3	0	4
tsk613	64	42454	338928087	2007	13	6	2	0	0	4	0	0	1	0	0	0	0	0	0	0	6	3	0	4
tsk613	65	81740	309267839	3290	13	6	2	0	0	4	0	0	1	0	0	0	0	0	0	0	6	3	0	4
tsk613	66	1783	284361826	314	9	8	4	0	0	4	0	1	0	0	0	0	0	0	0	0	0	6	3	4
tsk613	67	20	262735430	0	0	0	0	4	0	0	0	16	0	0	4	0	0	0	0	6	0	0	0	4
tsk613	68	31	242499852	0	0	3	0	0	11	0	0	0	0	0	0	10	0	0	6	0	0	0	0	4
tsk613	69	58	221617588	0	6	0	0	10	0	0	0	0	4	0	2	0	0	0	5	0	0	0	0	10
tsk613	70	112	203112195	6	3	0	10	1	0	0	4	0	0	0	0	2	0	0	0	0	5	0	0	10
tsk613	71	222	191166795	8	5	5	1	5	0	0	0	0	4	0	1	0	1	0	0	0	0	0	8	7
tsk613	72	469	188512018	47	2	5	4	5	0	0	0	4	0	0	1	0	1	0	0	5	0	0	0	10
tsk613	73	970	188823828	110	5	2	4	5	0	0	0	4	0	0	0	1	1	0	0	5	0	0	0	10
tsk613	74	1932	187372519	207	4	3	0	9	0	0	0	4	0	0	1	0	0	1	5	0	0	0	0	10
tsk613	75	3666	191754940	311	5	2	0	4	5	0	0	4	0	0	1	0	1	0	5	0	0	0	0	10
tsk613	76	56	195738066	0	8	6	0	6	0	0	0	1	0	1	0	0	0	0	0	0	6	0	0	10
tsk613	77	120	191654211	8	8	6	2	0	0	1	0	0	1	1	0	0	0	0	1	0	0	5	0	10
tsk613	78	219	182135658	21	10	8	1	0	0	1	0	0	0	1	1	0	0	0	5	0	0	1	0	10
tsk613	79	454	170328897	51	6	11	0	1	0	2	0	0	0	0	1	0	6	0	0	0	0	1	0	10
tsk613	80	935	158636932	107	6	11	1	1	0	2	0	0	0	0	0	6	0	1	0	0	0	1	0	10
tsk613	81	1825	145679291	209	5	11	1	1	0	2	0	0	0	0	5	1	0	1	0	0	0	0	1	10
tsk613	82	3572	131048528	355	6	11	1	1	0	2	0	0	0	0	5	1	0	1	0	0	0	1	0	10
tsk613	83	6826	118607190	473	5	12	1	1	0	2	0	0	0	0	5	0	2	0	0	0	0	1	0	10
tsk613	84	13040	107557304	736	5	12	1	1	0	2	0	0	0	0	5	0	2	0	0	0	0	1	0	10
tsk613	85	24974	96098785	1209	5	12	1	1	0	2	0	0	0	0	5	0	2	0	0	0	0	1	0	10
tsk613	86	48174	86591013	2057	6	12	1	1	0	2	0	0	0	0	5	0	2	0	0	0	0	1	0	10
tsk613	87	92323	81289538	3410	5	12	1	1	0	2	0	0	0	0	5	0	2	0	0	0	0	1	0	10
tsk613	88	175590	78664119	4539	6	12	1	1	0	2	0	0	0	0	5	0	2	0	0	0	0	1	0	10
tsk613	89	332315	75395447	6168	5	12	1	1	0	2	0	0	0	0	5	0	2	0	0	0	0	1	0	10
tsk613	90	629473	71020467	8000	5	12	1	1	0	2	0	0	0	0	5	0	2	0	0	0	0	1	0	10
tsk613	91	1186115	67095508	9416	5	12	1	1	0	2	0	0	0	0	5	0	2	0	0	0	0	1	0	10
tsk733	1	79	100000000	0	4	0	0	0	0	0	0	0	0	0	0	0	0	0	0	0	0	0	0	0
tsk733	2	157	100000000	8	2	0	0	0	0	0	0	0	0	0	0	0	0	0	0	0	0	0	0	0
tsk733	3	321	100000000	31	1	0	1	0	0	0	0	0	0	0	0	0	0	0	0	0	0	0	0	0
tsk733	4	635	100000000	72	3	0	1	0	0	0	0	0	0	0	0	0	0	0	0	0	0	0	0	0
tsk733	5	1237	100000000	136	2	0	0	1	0	0	0	0	0	0	0	0	0	0	0	0	0	0	0	0
tsk733	6	2516	100000000	285	3	0	0	1	0	0	0	0	0	0	0	0	0	0	0	0	0	0	0	0
tsk733	7	5010	100000000	575	2	0	1	0	0	0	0	0	0	0	0	0	0	0	0	0	0	0	0	0
tsk733	8	9833	100000000	1137	2	0	0	1	0	0	0	0	0	0	0	0	0	0	0	0	0	0	0	0
tsk733	9	19839	100000000	2181	2	0	0	1	0	0	0	0	0	0	0	0	0	0	0	0	0	0	0	0
tsk733	10	39939	100000000	3878	2	0	0	1	0	0	0	0	0	0	0	0	0	0	0	0	0	0	0	0
tsk733	11	79981	100000000	6238	2	0	0	1	0	0	0	0	0	0	0	0	0	0	0	0	0	0	0	0
tsk733	12	159786	100000000	8555	2	0	1	0	0	0	0	0	0	0	0	0	0	0	0	0	0	0	0	0
tsk733	13	318567	100000000	9794	2	0	1	0	0	0	0	0	0	0	0	0	0	0	0	0	0	0	0	0
tsk733	14	635225	100000000	9995	2	0	1	0	0	0	0	0	0	0	0	0	0	0	0	0	0	0	0	0
tsk733	15	1263827	100000000	9997	2	0	1	0	0	0	0	0	0	0	0	0	0	0	0	0	0	0	0	0
tsk733	16	18258	100000000	4793	3	1	0	0	1	0	0	0	0	0	0	0	0	0	0	0	0	0	0	0
tsk733	17	36366	100000000	5776	3	1	0	0	1	0	0	0	0	0	0	0	0	0	0	0	0	0	0	0
tsk733	18	72693	100000000	7367	4	1	0	0	1	0	0	0	0	0	0	0	0	0	0	0	0	0	0	0
tsk733	19	145849	100000000	8884	4	1	0	0	1	0	0	0	0	0	0	0	0	0	0	0	0	0	0	0
tsk733	20	290563	100000000	9788	5	1	0	0	1	0	0	0	0	0	0	0	0	0	0	0	0	0	0	0
tsk733	21	5573	100000000	2410	2	1	0	0	0	1	0	0	0	0	0	0	0	0	0	0	0	0	0	0
tsk733	22	11170	100000000	2894	3	1	0	0	0	1	0	0	0	0	0	0	0	0	0	0	0	0	0	0
tsk733	23	22652	100000000	3820	2	1	0	0	0	1	0	0	0	0	0	0	0	0	0	0	0	0	0	0
tsk733	24	45155	100000000	5285	1	1	0	0	0	1	0	0	0	0	0	0	0	0	0	0	0	0	0	0
tsk733	25	953	100000000	646	5	3	0	0	0	0	1	0	0	0	0	0	0	0	0	0	0	0	0	0
tsk733	26	1883	100000000	727	7	3	0	0	0	0	1	0	0	0	0	0	0	0	0	0	0	0	0	0
tsk733	27	3702	100000000	922	9	3	0	0	0	0	1	0	0	0	0	0	0	0	0	0	0	0	0	0
tsk733	28	7377	100000000	1321	8	4	0	0	0	0	1	0	0	0	0	0	0	0	0	0	0	0	0	0
tsk733	29	14696	100000000	2078	9	3	0	0	0	0	1	0	0	0	0	0	0	0	0	0	0	0	0	0
tsk733	30	29285	100000000	3364	7	4	0	0	0	0	1	0	0	0	0	0	0	0	0	0	0	0	0	0
tsk733	31	57614	100000000	4992	9	3	0	0	0	0	1	0	0	0	0	0	0	0	0	0	0	0	0	0
tsk733	32	111500	100000000	6476	9	3	0	0	0	0	1	0	0	0	0	0	0	0	0	0	0	0	0	0
tsk733	33	215704	100000000	8168	9	3	0	0	0	0	1	0	0	0	0	0	0	0	0	0	0	0	0	0
tsk733	34	419559	100000000	9508	9	3	0	0	0	0	1	0	0	0	0	0	0	0	0	0	0	0	0	0
tsk733	35	806356	100000000	9919	9	3	0	0	0	0	1	0	0	0	0	0	0	0	0	0	0	0	0	0
tsk733	36	15996	100000000	3279	9	3	0	0	0	1	0	0	0	0	0	0	0	0	0	0	0	0	0	0
tsk733	37	31969	100000000	4427	9	3	0	0	0	1	0	0	0	0	0	0	0	0	0	0	0	0	0	0
tsk733	38	675	100000000	478	32	4	0	1	0	0	0	0	0	0	0	0	0	0	0	0	0	0	0	0
tsk733	39	1457	100000000	547	35	4	0	1	0	0	0	0	0	0	0	0	0	0	0	0	0	0	0	0
tsk733	40	2917	100000000	706	36	3	0	1	0	0	0	0	0	0	0	0	0	0	0	0	0	0	0	0
tsk733	41	5723	100000000	1026	38	3	1	0	0	0	0	0	0	0	0	0	0	0	0	0	0	0	0	0
tsk733	42	11512	100000000	1650	43	3	1	0	0	0	0	0	0	0	0	0	0	0	0	0	0	0	0	0
tsk733	43	23058	100000000	2753	37	3	1	0	0	0	0	0	0	0	0	0	0	0	0	0	0	0	0	0
tsk733	44	45591	100000000	4150	38	3	1	0	0	0	0	0	0	0	0	0	0	0	0	0	0	0	0	0
tsk733	45	88298	100000000	5595	38	3	1	0	0	0	0	0	0	0	0	0	0	0	0	0	0	0	0	0
tsk733	46	171829	100000000	7410	39	3	1	0	0	0	0	0	0	0	0	0	0	0	0	0	0	0	0	0
tsk733	47	333849	100000000	9042	38	3	1	0	0	0	0	0	0	0	0	0	0	0	0	0	0	0	0	0
tsk733	48	646480	100000000	9840	39	3	1	0	0	0	0	0	0	0	0	0	0	0	0	0	0	0	0	0
tsk733	49	13450	100000000	2795	42	3	1	0	0	0	0	0	0	0	0	0	0	0	0	0	0	0	0	0
tsk733	50	250	100000000	176	59	10	8	1	0	0	0	0	0	0	0	0	0	0	0	0	0	0	0	0
tsk733	51	485	100000000	162	82	14	8	0	0	0	0	0	0	0	0	0	0	0	0	0	0	0	0	0
tsk733	52	933	964079750	195	72	28	8	0	0	0	0	0	0	0	0	0	0	0	0	0	0	0	0	0
tsk733	53	20	912331549	0	0	0	0	10	0	0	0	4	0	0	4	0	0	0	0	0	0	0	4	0
tsk733	54	36	864589540	0	0	4	0	4	0	7	0	4	0	0	0	0	0	0	2	0	2	0	1	0
tsk733	55	69	810622682	0	7	2	3	0	0	3	0	0	4	2	0	2	0	0	0	4	0	0	0	1
tsk733	56	149	745059614	9	3	3	3	0	4	0	2	0	3	0	2	0	0	0	0	0	0	0	4	1
tsk733	57	266	675961035	19	5	1	3	4	2	0	0	0	3	0	0	2	0	0	0	0	0	4	0	1
tsk733	58	526	613243995	42	2	4	7	0	2	0	0	0	3	0	0	2	0	0	0	0	0	4	0	1
tsk733	59	1025	553621065	99	1	3	7	2	0	0	0	0	0	3	0	2	0	0	0	0	0	0	4	1
tsk733	60	1938	493128285	161	2	3	3	6	0	0	0	0	0	3	0	0	2	0	0	0	0	0	4	1
tsk733	61	3793	440667909	259	4	2	8	2	0	0	0	0	0	3	0	0	2	0	0	0	0	0	4	1
tsk733	62	7337	401307671	486	3	3	7	2	0	0	0	0	0	3	0	0	2	0	0	0	0	0	4	1
tsk733	63	14329	369656422	923	3	2	8	2	0	0	0	0	0	3	0	0	2	0	0	0	0	0	4	1
tsk733	64	27533	338928087	1593	3	2	8	2	0	0	0	0	0	3	0	0	2	0	0	0	0	0	4	1
tsk733	65	567	309267839	99	5	1	2	5	4	0	0	0	0	3	2	0	0	0	0	0	0	4	0	1
tsk733	66	1173	284361826	171	6	0	1	8	2	0	0	0	0	3	2	0	0	0	0	0	0	4	0	1
tsk733	67	2277	262735430	275	4	1	1	8	2	0	0	0	0	3	2	0	0	0	0	0	0	4	0	1
tsk733	68	4436	242499852	570	5	0	1	8	2	0	0	0	0	0	5	0	0	0	0	0	0	4	0	1
tsk733	69	108	221617588	10	5	10	2	1	1	0	6	0	0	0	3	0	4	0	4	0	0	0	0	1
tsk733	70	224	203112195	15	13	4	3	1	0	4	0	2	0	0	4	3	0	0	0	0	4	0	0	1
tsk733	71	458	191166795	56	12	2	5	0	0	4	2	0	3	4	0	0	0	0	0	0	0	0	4	1
tsk733	72	918	188512018	122	7	3	3	0	0	4	0	2	4	3	0	0	0	0	0	0	0	0	0	5
tsk733	73	1816	188823828	222	7	2	4	0	0	4	0	2	1	6	0	0	0	0	0	0	0	0	0	5
tsk733	74	40	187372519	0	0	10	0	10	0	0	0	4	0	1	1	0	3	0	0	1	0	3	0	1
tsk733	75	87	191754940	5	6	6	2	2	0	0	1	0	1	0	8	0	0	0	1	0	0	3	0	1
tsk733	76	191	195738066	18	4	4	3	2	3	0	0	1	0	8	0	0	0	1	0	0	0	3	0	1
tsk733	77	359	191654211	47	9	0	3	4	2	1	0	1	4	4	0	0	1	0	0	0	0	3	0	1
tsk733	78	727	182135658	94	6	2	3	1	4	2	0	1	0	4	4	0	1	0	3	0	0	0	0	1
tsk733	79	1392	170328897	188	8	2	3	3	2	2	0	0	1	0	4	4	1	0	0	3	0	0	0	1
tsk733	80	36	158636932	0	0	9	0	5	0	1	0	1	0	0	0	0	0	0	0	0	1	0	0	5
tsk733	81	62	145679291	0	9	3	4	0	0	1	2	0	0	0	0	0	0	0	0	0	0	1	0	5
tsk733	82	120	131048528	13	2	4	2	0	5	0	1	0	0	1	0	0	0	0	0	1	0	0	0	5
tsk733	83	253	118607190	40	7	3	1	0	1	4	0	1	0	1	0	0	0	0	0	0	1	0	0	5
tsk733	84	472	107557304	60	8	1	0	1	0	5	1	0	0	0	1	0	0	0	0	1	0	0	0	5
tsk733	85	965	96098785	128	6	2	0	1	4	1	0	1	0	1	0	0	0	0	0	1	0	0	0	5
tsk733	86	1877	86591013	207	9	1	0	1	0	5	0	1	0	1	0	0	0	0	0	1	0	0	0	5
tsk733	87	3622	81289538	270	12	1	0	1	5	0	0	1	0	0	1	0	0	0	0	0	1	0	0	5
tsk733	88	7054	78664119	417	11	1	0	1	5	0	0	0	1	0	1	0	0	0	0	0	1	0	0	5
tsk733	89	13541	75395447	652	10	1	0	1	5	0	0	0	1	0	0	1	0	0	0	0	1	0	0	5
tsk733	90	25792	71020467	1035	9	1	1	0	5	0	0	0	1	0	0	1	0	0	0	0	1	0	0	5
tsk733	91	490	67095508	81	8	4	0	5	0	0	0	0	1	0	0	0	0	0	1	0	0	0	1	5
tsk805	1	83	100000000	3	0	0	0	0	0	0	0	0	0	0	0	0	0	0	0	0	0	0	0	0
tsk805	2	142	100000000	7	1	0	0	0	0	0	0	0	0	0	0	0	0	0	0	0	0	0	0	0
tsk805	3	275	100000000	19	2	0	0	0	0	0	0	0	0	0	0	0	0	0	0	0	0	0	0	0
tsk805	4	560	100000000	62	2	0	0	0	0	0	0	0	0	0	0	0	0	0	0	0	0	0	0	0
tsk805	5	1096	100000000	112	2	0	0	0	0	0	0	0	0	0	0	0	0	0	0	0	0	0	0	0
tsk805	6	23	100000000	0	0	0	3	0	0	0	0	0	0	1	0	0	0	0	0	0	0	0	0	0
tsk805	7	55	100000000	0	3	1	0	2	0	0	0	0	0	1	0	0	0	0	0	0	0	0	0	0
tsk805	8	105	100000000	8	1	0	4	0	0	0	0	0	0	0	0	0	0	0	0	1	0	0	0	0
tsk805	9	215	100000000	21	1	3	0	1	0	0	0	0	0	0	0	0	0	1	0	0	0	0	0	0
tsk805	10	427	100000000	44	1	2	1	1	0	0	0	0	0	0	0	0	1	0	0	0	0	0	0	0
tsk805	11	849	100000000	104	3	2	1	1	0	0	0	0	0	0	0	0	1	0	0	0	0	0	0	0
tsk805	12	1668	100000000	196	1	2	1	1	0	0	0	0	0	0	0	1	0	0	0	0	0	0	0	0
tsk805	13	3338	100000000	382	2	2	1	1	0	0	0	0	0	0	0	1	0	0	0	0	0	0	0	0
tsk805	14	6668	100000000	771	2	2	1	1	0	0	0	0	0	0	0	1	0	0	0	0	0	0	0	0
tsk805	15	13307	100000000	1518	1	0	3	1	0	0	0	0	0	0	0	1	0	0	0	0	0	0	0	0
tsk805	16	26862	100000000	2775	2	2	1	1	0	0	0	0	0	0	0	1	0	0	0	0	0	0	0	0
tsk805	17	53448	100000000	4767	2	2	1	1	0	0	0	0	0	0	0	1	0	0	0	0	0	0	0	0
tsk805	18	1105	100000000	266	6	0	0	1	0	0	0	0	0	0	0	1	0	0	0	0	0	0	0	0
tsk805	19	2135	100000000	375	5	2	0	0	0	1	0	0	0	0	0	1	0	0	0	0	0	0	0	0
tsk805	20	4162	100000000	598	6	1	0	0	0	1	0	0	0	0	0	0	1	0	0	0	0	0	0	0
tsk805	21	8228	100000000	1065	7	1	0	0	0	1	0	0	0	0	0	0	1	0	0	0	0	0	0	0
tsk805	22	16748	100000000	1902	7	1	0	0	0	1	0	0	0	0	0	0	1	0	0	0	0	0	0	0
tsk805	23	33423	100000000	3480	7	1	0	0	1	0	0	0	0	0	0	1	0	0	0	0	0	0	0	0
tsk805	24	66879	100000000	5710	7	1	0	0	1	0	0	0	0	0	0	1	0	0	0	0	0	0	0	0
tsk805	25	133811	100000000	8123	6	1	0	0	1	0	0	0	0	0	0	0	1	0	0	0	0	0	0	0
tsk805	26	267859	100000000	9631	7	1	0	0	1	0	0	0	0	0	0	0	1	0	0	0	0	0	0	0
tsk805	27	535725	100000000	9975	7	1	0	0	1	0	0	0	0	0	0	0	1	0	0	0	0	0	0	0
tsk805	28	1068034	100000000	9990	7	1	0	0	1	0	0	0	0	0	0	0	1	0	0	0	0	0	0	0
tsk805	29	2120219	100000000	9991	6	1	0	0	1	0	0	0	0	0	0	0	1	0	0	0	0	0	0	0
tsk805	30	34630	100000000	6810	10	1	1	0	0	1	0	0	0	0	0	0	0	0	1	0	0	0	0	0
tsk805	31	69211	100000000	7808	8	1	1	0	0	1	0	0	0	0	0	0	0	0	1	0	0	0	0	0
tsk805	32	138516	100000000	9066	10	1	1	0	0	1	0	0	0	0	0	0	0	0	1	0	0	0	0	0
tsk805	33	276667	100000000	9819	10	1	1	0	0	1	0	0	0	0	0	0	0	0	1	0	0	0	0	0
tsk805	34	553103	100000000	9982	10	1	1	0	0	1	0	0	0	0	0	0	0	0	1	0	0	0	0	0
tsk805	35	10819	100000000	4061	9	0	1	0	0	1	0	0	0	0	0	0	0	0	0	1	0	0	0	0
tsk805	36	21526	100000000	4671	9	0	0	1	0	1	0	0	0	0	0	0	0	0	0	1	0	0	0	0
tsk805	37	43096	100000000	5842	8	0	0	1	0	0	1	0	0	0	0	0	0	0	0	1	0	0	0	0
tsk805	38	85207	100000000	7541	8	0	0	1	0	1	0	0	0	0	0	0	0	0	0	1	0	0	0	0
tsk805	39	170495	100000000	9115	8	0	0	1	0	1	0	0	0	0	0	0	0	0	0	1	0	0	0	0
tsk805	40	340000	100000000	9888	8	0	0	1	0	1	0	0	0	0	0	0	0	0	0	1	0	0	0	0
tsk805	41	672221	100000000	9986	8	0	0	1	0	1	0	0	0	0	0	0	0	0	0	1	0	0	0	0
tsk805	42	1298436	100000000	9989	8	0	0	1	0	0	1	0	0	0	0	0	0	0	0	1	0	0	0	0
tsk805	43	2498121	100000000	9989	8	0	0	1	0	0	1	0	0	0	0	0	0	0	0	1	0	0	0	0
tsk805	44	4854832	100000000	9989	8	0	0	1	0	0	1	0	0	0	0	0	0	0	0	1	0	0	0	0
tsk805	45	92999	100000000	9299	9	0	1	0	0	1	0	0	0	0	0	0	0	1	0	0	0	0	0	0
tsk805	46	186223	100000000	9792	9	0	1	0	0	1	0	0	0	0	0	0	0	1	0	0	0	0	0	0
tsk805	47	373231	100000000	9966	9	0	1	0	0	1	0	0	0	0	0	0	0	1	0	0	0	0	0	0
tsk805	48	7548	100000000	4028	13	0	1	0	0	1	0	0	0	0	0	0	0	1	0	0	0	0	0	0
tsk805	49	14993	100000000	4415	10	0	0	1	0	1	0	0	0	0	0	0	0	1	0	0	0	0	0	0
tsk805	50	29834	100000000	5279	10	0	0	1	0	1	0	0	0	0	0	0	0	1	0	0	0	0	0	0
tsk805	51	59949	100000000	6693	12	0	0	1	0	1	0	0	0	0	0	0	0	1	0	0	0	0	0	0
tsk805	52	119551	964079750	8424	10	1	0	1	0	1	0	0	0	0	0	0	0	0	1	0	0	0	0	0
tsk805	53	239566	912331549	9641	10	0	0	1	0	1	0	0	0	0	0	0	0	0	1	0	0	0	0	0
tsk805	54	4877	864589540	2911	16	0	0	1	0	1	0	0	0	0	0	0	1	0	0	0	0	0	0	0
tsk805	55	9749	810622682	3310	19	0	0	1	1	0	0	0	0	0	0	0	1	0	0	0	0	0	0	0
tsk805	56	19406	745059614	3994	15	0	1	0	1	0	0	0	0	0	0	0	1	0	0	0	0	0	0	0
tsk805	57	38745	675961035	5281	16	0	1	0	1	0	0	0	0	0	0	0	1	0	0	0	0	0	0	0
tsk805	58	77099	613243995	7129	18	0	1	0	1	0	0	0	0	0	0	0	1	0	0	0	0	0	0	0
tsk805	59	153979	553621065	8861	16	0	1	0	1	0	0	0	0	0	0	0	1	0	0	0	0	0	0	0
tsk805	60	303428	493128285	9685	18	0	1	0	0	1	0	0	0	0	0	0	1	0	0	0	0	0	0	0
tsk805	61	587613	440667909	9917	18	0	1	0	0	1	0	0	0	0	0	0	1	0	0	0	0	0	0	0
tsk805	62	1130115	401307671	9973	18	0	1	0	0	1	0	0	0	0	0	0	1	0	0	0	0	0	0	0
tsk805	63	2166266	369656422	9979	18	0	1	0	0	1	0	0	0	0	0	0	1	0	0	0	0	0	0	0
tsk805	64	4139521	338928087	9979	18	0	1	0	0	1	0	0	0	0	0	0	1	0	0	0	0	0	0	0
tsk805	65	7870071	309267839	9979	18	0	1	0	0	1	0	0	0	0	0	0	1	0	0	0	0	0	0	0
tsk805	66	15337647	284361826	9979	18	0	1	0	0	1	0	0	0	0	0	0	1	0	0	0	0	0	0	0
tsk805	67	269358	262735430	9964	15	1	1	0	0	1	0	0	0	0	0	0	1	0	0	0	0	0	0	0
tsk805	68	539923	242499852	9980	16	0	1	0	0	1	0	0	0	0	0	0	1	0	0	0	0	0	0	0
tsk805	69	10819	221617588	4902	17	1	1	0	0	1	0	0	0	0	0	0	0	1	0	0	0	0	0	0
tsk805	70	21602	203112195	5447	17	1	1	0	0	1	0	0	0	0	0	0	0	1	0	0	0	0	0	0
tsk805	71	43492	191166795	6538	16	1	1	0	1	0	0	0	0	0	0	0	0	1	0	0	0	0	0	0
tsk805	72	901	188512018	1144	25	1	1	0	0	1	0	0	0	0	0	0	0	1	0	0	0	0	0	0
tsk805	73	1828	188823828	1170	39	2	0	0	0	0	1	0	0	0	0	1	0	0	0	0	0	0	0	0
tsk805	74	3688	187372519	1358	44	2	0	0	0	0	1	0	0	0	0	1	0	0	0	0	0	0	0	0
tsk805	75	7248	191754940	1707	42	2	1	0	0	0	1	0	0	0	0	1	0	0	0	0	0	0	0	0
tsk805	76	14553	195738066	2357	42	2	1	0	0	0	1	0	0	0	0	1	0	0	0	0	0	0	0	0
tsk805	77	29113	191654211	3604	47	2	1	0	0	0	1	0	0	0	0	1	0	0	0	0	0	0	0	0
tsk805	78	57311	182135658	5170	42	2	1	0	0	0	1	0	0	0	0	1	0	0	0	0	0	0	0	0
tsk805	79	111370	170328897	6572	44	2	1	0	0	0	1	0	0	0	0	1	0	0	0	0	0	0	0	0
tsk805	80	216984	158636932	8241	44	2	1	0	0	0	1	0	0	0	0	1	0	0	0	0	0	0	0	0
tsk805	81	421254	145679291	9512	43	2	1	0	0	0	1	0	0	0	0	1	0	0	0	0	0	0	0	0
tsk805	82	812735	131048528	9920	43	2	1	0	0	0	1	0	0	0	0	1	0	0	0	0	0	0	0	0
tsk805	83	1558886	118607190	9952	43	2	1	0	0	0	1	0	0	0	0	1	0	0	0	0	0	0	0	0
tsk805	84	2967770	107557304	9952	43	2	1	0	0	0	1	0	0	0	0	1	0	0	0	0	0	0	0	0
tsk805	85	5577614	96098785	9952	43	2	1	0	0	0	1	0	0	0	0	1	0	0	0	0	0	0	0	0
tsk805	86	109907	86591013	8747	38	2	1	0	0	0	1	0	0	0	0	1	0	0	0	0	0	0	0	0
tsk805	87	218926	81289538	9622	38	2	1	0	0	0	1	0	0	0	0	1	0	0	0	0	0	0	0	0
tsk805	88	436241	78664119	9940	38	2	1	0	0	0	1	0	0	0	0	1	0	0	0	0	0	0	0	0
tsk805	89	870381	75395447	9957	38	2	1	0	0	0	1	0	0	0	0	1	0	0	0	0	0	0	0	0
tsk805	90	1726851	71020467	9957	38	2	1	0	0	0	1	0	0	0	0	1	0	0	0	0	0	0	0	0
tsk805	91	3302446	67095508	9957	38	2	1	0	0	0	1	0	0	0	0	1	0	0	0	0	0	0	0	0
tsk667	1	90	100000000	6	0	0	0	0	0	0	0	0	0	0	0	0	0	0	0	0	0	0	0	0
tsk667	2	165	100000000	11	3	0	0	0	0	0	0	0	0	0	0	0	0	0	0	0	0	0	0	0
tsk667	3	331	100000000	29	2	3	0	0	0	0	0	0	0	0	0	0	0	0	0	0	0	0	0	0
tsk667	4	633	100000000	83	0	1	2	0	0	0	0	0	0	0	0	0	0	0	0	0	0	0	0	0
tsk667	5	1280	100000000	176	0	1	2	0	0	0	0	0	0	0	0	0	0	0	0	0	0	0	0	0
tsk667	6	2569	100000000	323	2	1	2	0	0	0	0	0	0	0	0	0	0	0	0	0	0	0	0	0
tsk667	7	5122	100000000	646	0	1	2	0	0	0	0	0	0	0	0	0	0	0	0	0	0	0	0	0
tsk667	8	10142	100000000	1234	0	1	2	0	0	0	0	0	0	0	0	0	0	0	0	0	0	0	0	0
tsk667	9	20293	100000000	2248	2	1	2	0	0	0	0	0	0	0	0	0	0	0	0	0	0	0	0	0
tsk667	10	40836	100000000	4020	2	1	2	0	0	0	0	0	0	0	0	0	0	0	0	0	0	0	0	0
tsk667	11	81609	100000000	6381	2	1	2	0	0	0	0	0	0	0	0	0	0	0	0	0	0	0	0	0
tsk667	12	163084	100000000	8633	2	1	2	0	0	0	0	0	0	0	0	0	0	0	0	0	0	0	0	0
tsk667	13	325475	100000000	9810	2	1	2	0	0	0	0	0	0	0	0	0	0	0	0	0	0	0	0	0
tsk667	14	649960	100000000	9984	2	1	2	0	0	0	0	0	0	0	0	0	0	0	0	0	0	0	0	0
tsk667	15	1293090	100000000	9995	2	1	2	0	0	0	0	0	0	0	0	0	0	0	0	0	0	0	0	0
tsk667	16	18957	100000000	4858	6	0	1	2	0	0	0	0	0	0	0	0	0	0	0	0	0	0	0	0
tsk667	17	37804	100000000	5822	5	0	1	2	0	0	0	0	0	0	0	0	0	0	0	0	0	0	0	0
tsk667	18	75515	100000000	7284	6	0	1	2	0	0	0	0	0	0	0	0	0	0	0	0	0	0	0	0
tsk667	19	150307	100000000	8930	6	0	1	2	0	0	0	0	0	0	0	0	0	0	0	0	0	0	0	0
tsk667	20	300896	100000000	9810	6	0	1	2	0	0	0	0	0	0	0	0	0	0	0	0	0	0	0	0
tsk667	21	600538	100000000	9989	6	0	1	2	0	0	0	0	0	0	0	0	0	0	0	0	0	0	0	0
tsk667	22	1196180	100000000	9991	6	0	1	2	0	0	0	0	0	0	0	0	0	0	0	0	0	0	0	0
tsk667	23	2374100	100000000	9991	6	0	1	2	0	0	0	0	0	0	0	0	0	0	0	0	0	0	0	0
tsk667	24	4671280	100000000	9991	6	0	1	2	0	0	0	0	0	0	0	0	0	0	0	0	0	0	0	0
tsk667	25	9045207	100000000	9991	6	0	1	2	0	0	0	0	0	0	0	0	0	0	0	0	0	0	0	0
tsk667	26	16981409	100000000	9991	6	0	1	2	0	0	0	0	0	0	0	0	0	0	0	0	0	0	0	0
tsk667	27	30183424	100000000	9991	6	0	1	2	0	0	0	0	0	0	0	0	0	0	0	0	0	0	0	0
tsk667	28	477633	100000000	9993	4	0	1	2	0	0	0	0	0	0	0	0	0	0	0	0	0	0	0	0
tsk667	29	951303	100000000	9992	5	0	1	2	0	0	0	0	0	0	0	0	0	0	0	0	0	0	0	0
tsk667	30	1889816	100000000	9992	5	0	1	2	0	0	0	0	0	0	0	0	0	0	0	0	0	0	0	0
tsk667	31	3731638	100000000	9992	5	0	1	2	0	0	0	0	0	0	0	0	0	0	0	0	0	0	0	0
tsk667	32	74696	100000000	9859	6	1	0	2	0	0	0	0	0	0	0	0	0	0	0	0	0	0	0	0
tsk667	33	150210	100000000	9930	6	1	0	2	0	0	0	0	0	0	0	0	0	0	0	0	0	0	0	0
tsk667	34	2947	100000000	2723	7	0	3	0	0	0	0	0	0	0	0	0	0	0	0	0	0	0	0	0
tsk667	35	5880	100000000	2893	7	1	2	0	0	0	0	0	0	0	0	0	0	0	0	0	0	0	0	0
tsk667	36	11836	100000000	3320	7	0	3	0	0	0	0	0	0	0	0	0	0	0	0	0	0	0	0	0
tsk667	37	23640	100000000	4248	7	2	1	0	0	0	0	0	0	0	0	0	0	0	0	0	0	0	0	0
tsk667	38	47166	100000000	5628	7	2	1	0	0	0	0	0	0	0	0	0	0	0	0	0	0	0	0	0
tsk667	39	94222	100000000	7553	6	2	1	0	0	0	0	0	0	0	0	0	0	0	0	0	0	0	0	0
tsk667	40	185991	100000000	9035	6	2	1	0	0	0	0	0	0	0	0	0	0	0	0	0	0	0	0	0
tsk667	41	3683	100000000	2385	2	4	1	0	0	0	0	0	0	0	0	0	0	0	0	0	0	0	0	0
tsk667	42	79	100000000	0	26	56	27	15	4	0	6	1	0	0	0	0	0	0	0	0	0	0	0	0
tsk667	43	143	100000000	21	50	33	14	0	4	0	16	0	0	0	0	0	0	0	0	0	0	0	0	0
tsk667	44	280	100000000	60	16	30	17	6	11	11	0	2	0	0	0	0	0	0	0	0	0	0	0	0
tsk667	45	556	100000000	71	30	21	26	5	5	9	5	0	0	0	0	0	0	0	0	0	0	0	0	0
tsk667	46	1050	100000000	142	28	9	22	14	7	3	8	1	0	0	0	0	0	0	0	0	0	0	0	0
tsk667	47	2099	100000000	270	24	13	11	23	9	9	1	2	0	0	0	0	0	0	0	0	0	0	0	0
tsk667	48	4069	100000000	398	27	10	9	20	14	9	1	2	0	0	0	0	0	0	0	0	0	0	0	0
tsk667	49	7961	100000000	638	24	13	20	9	14	9	3	0	0	0	0	0	0	0	0	0	0	0	0	0
tsk667	50	15407	100000000	1120	24	12	10	20	14	9	1	2	0	0	0	0	0	0	0	0	0	0	0	0
tsk667	51	30053	100000000	1912	24	12	10	20	14	9	1	2	0	0	0	0	0	0	0	0	0	0	0	0
tsk667	52	58438	964079750	3273	24	12	10	20	14	9	1	2	0	0	0	0	0	0	0	0	0	0	0	0
tsk667	53	113514	912331549	5275	24	12	10	20	14	9	1	2	0	0	0	0	0	0	0	0	0	0	0	0
tsk667	54	220348	864589540	7615	24	12	10	20	14	9	1	2	0	0	0	0	0	0	0	0	0	0	0	0
tsk667	55	425540	810622682	9004	24	12	10	20	14	9	1	2	0	0	0	0	0	0	0	0	0	0	0	0
tsk667	56	811056	745059614	9665	24	12	10	20	14	9	1	2	0	0	0	0	0	0	0	0	0	0	0	0
tsk667	57	1549033	675961035	9892	24	12	10	20	14	9	1	2	0	0	0	0	0	0	0	0	0	0	0	0
tsk667	58	2950622	613243995	9908	24	12	10	20	14	9	1	2	0	0	0	0	0	0	0	0	0	0	0	0
tsk667	59	41601	553621065	5569	24	34	17	12	6	7	0	0	0	0	0	0	0	0	0	0	0	0	0	0
tsk667	60	82642	493128285	7169	24	34	19	15	1	7	0	0	0	0	0	0	0	0	0	0	0	0	0	0
tsk667	61	1543	440667909	616	29	17	29	9	10	2	1	0	0	0	0	0	0	0	0	0	0	0	0	0
tsk667	62	2975	401307671	759	34	30	21	7	7	7	1	0	0	0	0	0	0	0	0	0	0	0	0	0
tsk667	63	6020	369656422	1112	32	25	23	8	7	7	0	1	0	0	0	0	0	0	0	0	0	0	0	0
tsk667	64	12088	338928087	1729	37	24	25	7	7	7	0	1	0	0	0	0	0	0	0	0	0	0	0	0
tsk667	65	207	309267839	93	50	23	13	13	19	1	0	7	0	0	0	0	0	0	0	0	0	0	0	0
tsk667	66	388	284361826	117	47	15	20	13	22	0	2	0	5	0	0	0	0	0	0	0	0	0	0	0
tsk667	67	4	262735430	0	0	0	0	0	0	0	0	0	0	0	0	0	0	0	0	0	0	0	10	7
tsk667	68	9	242499852	0	0	0	0	0	0	0	0	0	0	0	0	0	0	0	0	0	0	0	0	7
tsk667	69	13	221617588	0	0	0	0	0	0	1	0	0	0	0	0	0	0	0	0	0	0	0	0	7
tsk667	70	25	203112195	0	0	0	5	0	0	0	0	0	1	0	0	0	0	0	0	0	0	0	0	7
tsk667	71	41	191166795	0	3	0	4	0	1	0	0	0	1	0	0	0	0	0	0	0	0	0	0	7
tsk667	72	83	188512018	5	1	2	1	0	3	0	0	0	0	0	0	1	0	0	0	0	0	0	0	7
tsk667	73	179	188823828	18	2	2	0	1	3	0	0	0	1	0	0	0	0	0	0	0	0	0	0	7
tsk667	74	340	187372519	38	2	3	0	2	1	0	0	0	1	0	0	0	0	0	0	0	0	0	0	7
tsk667	75	674	191754940	59	3	3	2	0	1	0	0	0	1	0	0	0	0	0	0	0	0	0	0	7
tsk667	76	1269	195738066	100	5	2	3	0	1	0	0	0	1	0	0	0	0	0	0	0	0	0	0	7
tsk667	77	2464	191654211	186	6	2	2	0	1	0	0	1	0	0	0	0	0	0	0	0	0	0	0	7
tsk667	78	4808	182135658	329	6	3	2	0	1	0	0	1	0	0	0	0	0	0	0	0	0	0	0	7
tsk667	79	9327	170328897	627	5	3	2	0	1	0	0	1	0	0	0	0	0	0	0	0	0	0	0	7
tsk667	80	205	158636932	22	11	2	1	0	2	1	0	0	0	0	0	0	0	0	0	0	0	0	0	7
tsk667	81	446	145679291	43	9	0	4	0	1	0	1	0	0	0	0	0	0	0	0	0	0	0	0	7
tsk667	82	913	131048528	95	6	0	1	3	1	1	0	0	0	0	0	0	0	0	0	0	0	0	0	7
tsk667	83	1771	118607190	225	4	2	0	3	2	0	0	0	0	0	0	0	0	0	0	0	0	0	0	7
tsk667	84	3449	107557304	438	5	2	0	1	4	0	0	0	0	0	0	0	0	0	0	0	0	0	0	7
tsk667	85	6757	96098785	715	5	2	0	1	4	0	0	0	0	0	0	0	0	0	0	0	0	0	0	7
tsk667	86	13068	86591013	971	5	2	0	2	3	0	0	0	0	0	0	0	0	0	0	0	0	0	0	7
tsk667	87	25282	81289538	1428	5	2	0	2	3	0	0	0	0	0	0	0	0	0	0	0	0	0	0	7
tsk667	88	48557	78664119	2063	4	3	0	3	2	0	0	0	0	0	0	0	0	0	0	0	0	0	0	7
tsk667	89	92457	75395447	3160	4	3	0	3	2	0	0	0	0	0	0	0	0	0	0	0	0	0	0	7
tsk667	90	176639	71020467	4818	4	3	0	3	2	0	0	0	0	0	0	0	0	0	0	0	0	0	0	7
tsk667	91	337148	67095508	7300	3	3	0	3	2	0	0	0	0	0	0	0	0	0	0	0	0	0	0	7
tsk887	1	77	100000000	0	5	0	0	0	0	0	0	0	0	0	0	0	0	0	0	0	0	0	0	0
tsk887	2	154	100000000	15	1	1	0	0	0	0	0	0	0	0	0	0	0	0	0	0	0	0	0	0
tsk887	3	303	100000000	50	2	1	0	0	0	0	0	0	0	0	0	0	0	0	0	0	0	0	0	0
tsk887	4	640	100000000	86	5	0	0	0	0	0	0	0	0	0	0	0	0	0	0	0	0	0	0	0
tsk887	5	1317	100000000	149	3	1	0	0	0	0	0	0	0	0	0	0	0	0	0	0	0	0	0	0
tsk887	6	16	100000000	0	0	0	0	0	3	0	0	0	0	0	0	0	0	0	0	0	0	0	0	0
tsk887	7	24	100000000	0	0	0	0	0	0	0	0	0	0	0	0	0	0	0	0	0	0	0	0	0
tsk887	8	43	100000000	0	3	0	0	0	0	0	0	0	0	0	0	0	0	0	0	0	0	0	0	0
tsk887	9	84	100000000	6	1	1	0	0	0	0	0	0	0	0	0	0	0	0	0	0	0	0	0	0
tsk887	10	163	100000000	18	4	0	1	0	0	0	0	0	0	0	0	0	0	0	0	0	0	0	0	0
tsk887	11	1	100000000	0	0	0	0	0	0	0	0	0	0	0	0	0	0	0	0	0	0	0	0	1
tsk887	12	3	100000000	0	0	0	0	0	0	0	0	0	0	0	0	0	0	0	0	0	0	0	0	1
tsk887	13	5	100000000	0	0	0	0	0	0	0	0	0	0	0	0	0	0	0	0	1	0	0	0	1
tsk887	14	17	100000000	0	0	0	0	0	0	0	0	0	1	0	0	0	0	0	0	0	0	0	0	1
tsk887	15	30	100000000	0	0	3	0	0	0	0	0	0	0	0	0	0	1	0	0	0	0	0	0	1
tsk887	16	55	100000000	0	3	0	0	0	0	0	0	0	0	0	0	0	1	0	0	0	0	0	0	1
tsk887	17	142	100000000	7	0	1	1	0	0	0	0	0	0	0	1	0	0	0	0	0	0	0	0	1
tsk887	18	273	100000000	22	1	1	0	1	0	0	0	0	0	0	1	0	0	0	0	0	0	0	0	1
tsk887	19	518	100000000	46	1	1	0	1	0	0	0	0	0	0	0	1	0	0	0	0	0	0	0	1
tsk887	20	1022	100000000	117	0	1	1	0	0	0	0	0	0	0	0	1	0	0	0	0	0	0	0	1
tsk887	21	2017	100000000	233	0	0	2	0	0	0	0	0	0	1	0	0	0	0	0	0	0	0	0	1
tsk887	22	4045	100000000	451	0	1	1	0	0	0	0	0	0	1	0	0	0	0	0	0	0	0	0	1
tsk887	23	98	100000000	10	0	0	1	2	1	0	0	0	0	0	0	0	0	0	0	0	0	0	0	2
tsk887	24	190	100000000	13	2	4	0	0	3	0	0	0	0	0	0	0	0	0	0	0	0	0	0	2
tsk887	25	353	100000000	31	4	2	0	1	2	0	0	0	0	0	0	0	0	0	0	0	0	0	0	2
tsk887	26	711	100000000	74	6	1	1	3	0	0	0	0	0	0	0	0	0	0	0	0	0	0	0	2
tsk887	27	1378	100000000	164	4	1	2	1	1	0	0	0	0	0	0	0	0	0	0	0	0	0	0	2
tsk887	28	2649	100000000	308	5	1	2	1	1	0	0	0	0	0	0	0	0	0	0	0	0	0	0	2
tsk887	29	5147	100000000	610	7	0	2	1	1	0	0	0	0	0	0	0	0	0	0	0	0	0	0	2
tsk887	30	10449	100000000	1191	7	0	2	1	1	0	0	0	0	0	0	0	0	0	0	0	0	0	0	2
tsk887	31	20764	100000000	2251	6	1	2	1	1	0	0	0	0	0	0	0	0	0	0	0	0	0	0	2
tsk887	32	41614	100000000	3998	6	1	2	1	1	0	0	0	0	0	0	0	0	0	0	0	0	0	0	2
tsk887	33	844	100000000	215	5	1	2	1	0	1	0	0	0	0	0	0	0	0	0	0	0	0	0	2
tsk887	34	1624	100000000	314	4	1	2	1	0	1	0	0	0	0	0	0	0	0	0	0	0	0	0	2
tsk887	35	3277	100000000	509	5	1	2	1	1	0	0	0	0	0	0	0	0	0	0	0	0	0	0	2
tsk887	36	6536	100000000	883	4	1	2	1	1	0	0	0	0	0	0	0	0	0	0	0	0	0	0	2
tsk887	37	12970	100000000	1540	6	3	0	1	0	1	0	0	0	0	0	0	0	0	0	0	0	0	0	2
tsk887	38	25854	100000000	2760	6	3	0	1	1	0	0	0	0	0	0	0	0	0	0	0	0	0	0	2
tsk887	39	51685	100000000	4765	7	3	0	1	0	1	0	0	0	0	0	0	0	0	0	0	0	0	0	2
tsk887	40	103454	100000000	7199	7	3	0	1	0	1	0	0	0	0	0	0	0	0	0	0	0	0	0	2
tsk887	41	207272	100000000	9203	5	3	0	1	0	1	0	0	0	0	0	0	0	0	0	0	0	0	0	2
tsk887	42	413501	100000000	9925	5	3	0	1	0	1	0	0	0	0	0	0	0	0	0	0	0	0	0	2
tsk887	43	824269	100000000	9988	5	3	0	1	0	1	0	0	0	0	0	0	0	0	0	0	0	0	0	2
tsk887	44	16652	100000000	3722	5	1	2	1	1	0	0	0	0	0	0	0	0	0	0	0	0	0	0	2
tsk887	45	33205	100000000	4812	6	0	2	1	1	0	0	0	0	0	0	0	0	0	0	0	0	0	0	2
tsk887	46	66615	100000000	6515	5	0	2	1	1	0	0	0	0	0	0	0	0	0	0	0	0	0	0	2
tsk887	47	1287	100000000	582	11	2	1	0	1	0	0	0	0	0	0	0	0	0	0	0	0	0	0	2
tsk887	48	2542	100000000	701	11	4	1	1	0	0	0	0	0	0	0	0	0	0	0	0	0	0	0	2
tsk887	49	54	100000000	0	10	7	0	10	2	0	1	0	0	0	0	0	0	0	0	0	1	0	0	1
tsk887	50	106	100000000	10	7	7	6	2	2	3	1	0	0	0	0	0	0	0	0	0	0	0	1	1
tsk887	51	201	100000000	20	13	5	9	2	1	2	1	0	0	0	0	0	0	0	0	0	1	0	0	1
tsk887	52	435	964079750	42	12	11	3	5	0	2	2	0	0	0	0	0	0	0	0	0	1	0	0	1
tsk887	53	903	912331549	89	13	7	5	4	1	2	1	0	1	0	0	0	0	0	0	0	0	0	1	1
tsk887	54	13	864589540	0	0	0	0	0	0	7	0	0	0	0	0	7	0	0	0	0	0	0	0	1
tsk887	55	31	810622682	0	0	11	0	0	0	0	0	0	0	6	0	0	0	0	0	0	0	0	0	2
tsk887	56	68	745059614	0	6	4	1	0	1	0	0	3	0	0	3	0	0	0	0	0	0	0	0	2
tsk887	57	145	675961035	17	4	4	1	1	0	0	1	3	0	0	0	0	0	3	0	0	0	0	0	2
tsk887	58	3	613243995	0	0	0	0	0	0	0	0	0	0	0	0	0	0	0	0	0	0	0	0	5
tsk887	59	4	553621065	0	0	0	0	0	0	0	0	0	0	0	0	0	0	0	0	0	0	0	1	5
tsk887	60	7	493128285	0	0	0	0	0	0	0	0	0	0	0	0	0	0	0	0	0	0	0	0	6
tsk887	61	10	440667909	0	0	0	0	0	0	0	0	0	0	0	0	0	0	0	0	1	0	0	0	5
tsk887	62	27	401307671	0	0	2	0	0	0	0	0	0	0	0	0	0	0	0	0	0	1	0	0	5
tsk887	63	68	369656422	0	7	2	0	0	0	0	0	0	0	0	0	0	0	0	0	0	0	0	1	5
tsk887	64	141	338928087	9	8	1	0	0	0	0	0	0	0	0	0	0	0	0	0	0	0	1	0	5
tsk887	65	270	309267839	21	5	2	1	0	0	0	0	0	0	0	0	0	0	0	0	0	1	0	0	5
tsk887	66	539	284361826	36	7	2	1	0	0	0	0	0	0	0	0	0	0	0	0	0	1	0	0	5
tsk887	67	1056	262735430	67	5	1	2	0	0	0	0	0	0	0	0	0	0	0	0	0	0	1	0	5
tsk887	68	2063	242499852	112	5	1	2	0	0	0	0	0	0	0	0	0	0	0	0	0	0	1	0	5
tsk887	69	4011	221617588	193	5	1	2	0	0	0	0	0	0	0	0	0	0	0	0	0	0	0	1	5
tsk887	70	7710	203112195	333	6	1	2	0	0	0	0	0	0	0	0	0	0	0	0	0	0	0	1	5
tsk887	71	14734	191166795	577	7	1	2	0	0	0	0	0	0	0	0	0	0	0	0	0	0	0	1	5
tsk887	72	28212	188512018	998	7	1	2	0	0	0	0	0	0	0	0	0	0	0	0	0	0	0	1	5
tsk887	73	53794	188823828	1759	7	1	2	0	0	0	0	0	0	0	0	0	0	0	0	0	0	0	1	5
tsk887	74	1079	187372519	161	7	0	2	1	0	0	0	0	0	0	0	0	0	0	0	0	0	0	1	5
tsk887	75	2169	191754940	295	6	0	2	1	0	0	0	0	0	0	0	0	0	0	0	0	0	0	1	5
tsk887	76	4352	195738066	558	6	1	2	1	0	0	0	0	0	0	0	0	0	0	0	0	0	0	1	5
tsk887	77	8711	191654211	1058	7	1	2	1	0	0	0	0	0	0	0	0	0	0	0	0	0	0	1	5
tsk887	78	17264	182135658	1886	8	0	2	1	0	0	0	0	0	0	0	0	0	0	0	0	0	0	1	5
tsk887	79	335	170328897	93	18	2	0	2	0	0	0	0	0	0	0	0	0	0	0	0	0	0	0	6
tsk887	80	674	158636932	124	23	1	1	1	0	0	0	0	0	0	0	0	0	0	0	0	0	0	0	6
tsk887	81	1358	145679291	208	21	2	1	1	0	0	0	0	0	0	0	0	0	0	0	0	0	0	0	6
tsk887	82	2747	131048528	382	17	2	0	2	0	0	0	0	0	0	0	0	0	0	0	0	0	0	0	6
tsk887	83	5545	118607190	678	20	1	0	2	0	0	0	0	0	0	0	0	0	0	0	0	0	0	0	6
tsk887	84	11103	107557304	1299	28	1	0	1	1	0	0	0	0	0	0	0	0	0	0	0	0	0	0	6
tsk887	85	21931	96098785	1983	26	1	0	1	1	0	0	0	0	0	0	0	0	0	0	0	0	0	0	6
tsk887	86	41469	86591013	2520	24	3	0	2	0	0	0	0	0	0	0	0	0	0	0	0	0	0	0	6
tsk887	87	857	81289538	237	21	3	0	1	0	1	0	0	0	0	0	0	0	0	0	0	0	0	0	6
tsk887	88	1760	78664119	334	20	6	0	1	0	1	0	0	0	0	0	0	0	0	0	0	0	0	0	6
tsk887	89	3675	75395447	570	22	3	0	0	1	1	0	0	0	0	0	0	0	0	0	0	0	0	0	6
tsk887	90	72	71020467	0	14	14	9	4	5	0	0	2	0	0	0	0	1	0	0	0	0	0	0	6
tsk887	91	129	67095508	18	13	3	9	7	2	7	0	0	0	0	0	0	0	0	0	1	0	0	0	6
tsk748	1	75	100000000	0	5	0	0	0	0	0	0	0	0	0	0	0	0	0	0	0	0	0	0	0
tsk748	2	149	100000000	9	4	0	0	0	0	0	0	0	0	0	0	0	0	0	0	0	0	0	0	0
tsk748	3	308	100000000	34	4	0	0	0	0	0	0	0	0	0	0	0	0	0	0	0	0	0	0	0
tsk748	4	631	100000000	69	2	0	0	0	0	0	0	0	0	0	0	0	0	0	0	0	0	0	0	0
tsk748	5	1284	100000000	168	2	0	0	0	0	0	0	0	0	0	0	0	0	0	0	0	0	0	0	0
tsk748	6	2626	100000000	315	5	0	0	0	0	0	0	0	0	0	0	0	0	0	0	0	0	0	0	0
tsk748	7	5250	100000000	634	5	0	0	0	0	0	0	0	0	0	0	0	0	0	0	0	0	0	0	0
tsk748	8	121	100000000	10	11	2	3	0	3	0	0	0	0	0	0	0	0	0	0	0	0	0	0	0
tsk748	9	241	100000000	20	12	3	2	3	0	1	0	0	0	0	0	0	0	0	0	0	0	0	0	0
tsk748	10	478	100000000	45	12	5	5	2	0	0	0	0	0	0	0	0	0	0	0	0	0	0	0	0
tsk748	11	937	100000000	99	14	4	1	4	1	0	0	0	0	0	0	0	0	0	0	0	0	0	0	0
tsk748	12	1908	100000000	212	14	4	1	3	2	0	0	0	0	0	0	0	0	0	0	0	0	0	0	0
tsk748	13	3801	100000000	414	16	3	4	1	1	0	0	0	0	0	0	0	0	0	0	0	0	0	0	0
tsk748	14	7600	100000000	854	15	2	1	4	1	0	0	0	0	0	0	0	0	0	0	0	0	0	0	0
tsk748	15	15060	100000000	1635	15	3	1	4	1	0	0	0	0	0	0	0	0	0	0	0	0	0	0	0
tsk748	16	30377	100000000	3087	13	4	4	1	1	0	0	0	0	0	0	0	0	0	0	0	0	0	0	0
tsk748	17	607	100000000	178	10	4	3	1	0	1	0	0	0	0	0	0	0	0	0	0	0	0	0	0
tsk748	18	1237	100000000	244	11	4	4	1	0	1	0	0	0	0	0	0	0	0	0	0	0	0	0	0
tsk748	19	2515	100000000	379	10	3	5	0	0	1	0	0	0	0	0	0	0	0	0	0	0	0	0	0
tsk748	20	5064	100000000	671	12	3	5	0	1	0	0	0	0	0	0	0	0	0	0	0	0	0	0	0
tsk748	21	10188	100000000	1208	12	3	2	3	1	0	0	0	0	0	0	0	0	0	0	0	0	0	0	0
tsk748	22	20446	100000000	2287	11	3	2	3	1	0	0	0	0	0	0	0	0	0	0	0	0	0	0	0
tsk748	23	457	100000000	164	26	2	5	2	0	0	0	0	0	0	0	0	0	0	0	0	0	0	0	0
tsk748	24	889	100000000	211	31	2	5	0	1	0	0	0	0	0	0	0	0	0	0	0	0	0	0	0
tsk748	25	1797	100000000	339	34	2	5	0	1	0	0	0	0	0	0	0	0	0	0	0	0	0	0	0
tsk748	26	3605	100000000	524	31	2	4	1	1	0	0	0	0	0	0	0	0	0	0	0	0	0	0	0
tsk748	27	7312	100000000	891	35	2	4	1	1	0	0	0	0	0	0	0	0	0	0	0	0	0	0	0
tsk748	28	14643	100000000	1660	33	3	4	1	1	0	0	0	0	0	0	0	0	0	0	0	0	0	0	0
tsk748	29	28887	100000000	2692	32	3	4	1	0	1	0	0	0	0	0	0	0	0	0	0	0	0	0	0
tsk748	30	57454	100000000	4618	31	3	5	0	0	1	0	0	0	0	0	0	0	0	0	0	0	0	0	0
tsk748	31	114791	100000000	7316	32	3	4	1	0	1	0	0	0	0	0	0	0	0	0	0	0	0	0	0
tsk748	32	230223	100000000	9268	31	3	5	0	0	1	0	0	0	0	0	0	0	0	0	0	0	0	0	0
tsk748	33	461078	100000000	9922	32	3	5	0	0	1	0	0	0	0	0	0	0	0	0	0	0	0	0	0
tsk748	34	918308	100000000	9959	32	3	5	0	0	1	0	0	0	0	0	0	0	0	0	0	0	0	0	0
tsk748	35	1823248	100000000	9959	32	3	5	0	0	1	0	0	0	0	0	0	0	0	0	0	0	0	0	0
tsk748	36	3599199	100000000	9959	32	3	5	0	0	1	0	0	0	0	0	0	0	0	0	0	0	0	0	0
tsk748	37	7016233	100000000	9959	32	3	4	1	0	1	0	0	0	0	0	0	0	0	0	0	0	0	0	0
tsk748	38	13364660	100000000	9959	32	3	4	1	0	1	0	0	0	0	0	0	0	0	0	0	0	0	0	0
tsk748	39	24361547	100000000	9959	32	3	4	1	0	1	0	0	0	0	0	0	0	0	0	0	0	0	0	0
tsk748	40	292060	100000000	9957	35	2	4	1	1	0	0	0	0	0	0	0	0	0	0	0	0	0	0	0
tsk748	41	582973	100000000	9957	35	2	4	1	1	0	0	0	0	0	0	0	0	0	0	0	0	0	0	0
tsk748	42	1160410	100000000	9957	35	2	4	1	1	0	0	0	0	0	0	0	0	0	0	0	0	0	0	0
tsk748	43	2300334	100000000	9957	35	2	4	1	0	1	0	0	0	0	0	0	0	0	0	0	0	0	0	0
tsk748	44	4527613	100000000	9957	35	2	4	1	1	0	0	0	0	0	0	0	0	0	0	0	0	0	0	0
tsk748	45	8773499	100000000	9957	35	2	4	1	0	1	0	0	0	0	0	0	0	0	0	0	0	0	0	0
tsk748	46	175050	100000000	9958	33	2	4	1	0	1	0	0	0	0	0	0	0	0	0	0	0	0	0	0
tsk748	47	3395	100000000	2735	35	4	5	2	0	1	0	0	0	0	0	0	0	0	0	0	0	0	0	0
tsk748	48	6777	100000000	3014	41	3	3	1	2	0	0	0	0	0	0	0	0	0	0	0	0	0	0	0
tsk748	49	13643	100000000	3509	42	3	3	1	2	0	0	0	0	0	0	0	0	0	0	0	0	0	0	0
tsk748	50	275	100000000	294	58	18	5	5	2	0	0	0	0	0	0	0	0	0	0	0	0	0	0	0
tsk748	51	550	100000000	287	70	27	8	2	2	0	0	0	0	0	0	0	0	0	0	0	0	0	0	0
tsk748	52	1168	964079750	347	77	13	14	2	2	0	0	0	0	0	0	0	0	0	0	0	0	0	0	0
tsk748	53	2347	912331549	490	71	16	12	2	2	1	0	0	0	0	0	0	0	0	0	0	0	0	0	0
tsk748	54	4691	864589540	770	74	17	11	2	3	1	0	0	0	0	0	0	0	0	0	0	0	0	0	0
tsk748	55	9396	810622682	1277	89	16	12	3	2	1	0	0	0	0	0	0	0	0	0	0	0	0	0	0
tsk748	56	18430	745059614	1885	81	15	15	2	3	1	0	0	0	0	0	0	0	0	0	0	0	0	0	0
tsk748	57	35634	675961035	2722	79	13	15	2	3	1	0	0	0	0	0	0	0	0	0	0	0	0	0	0
tsk748	58	69071	613243995	4151	86	14	15	2	3	1	0	0	0	0	0	0	0	0	0	0	0	0	0	0
tsk748	59	1475	553621065	521	53	30	8	7	4	3	0	0	0	0	0	0	0	0	0	0	0	0	0	0
tsk748	60	2858	493128285	660	61	36	5	5	5	2	0	0	0	0	0	0	0	0	0	0	0	0	0	0
tsk748	61	49	440667909	0	28	0	6	17	0	11	0	0	0	0	7	0	3	0	0	1	0	0	0	0
tsk748	62	103	401307671	21	2	11	14	4	0	19	3	0	0	0	0	4	0	3	0	0	1	0	0	0
tsk748	63	194	369656422	33	20	6	1	4	5	11	3	5	2	0	4	0	0	0	0	1	3	0	0	0
tsk748	64	372	338928087	48	12	9	5	6	1	13	2	8	0	4	0	0	0	0	0	1	3	0	0	0
tsk748	65	708	309267839	95	8	14	0	3	9	6	4	3	5	0	4	0	0	0	3	0	0	1	0	0
tsk748	66	1410	284361826	174	6	15	1	7	0	7	6	10	0	4	0	0	3	0	0	0	0	0	1	0
tsk748	67	2799	262735430	328	16	10	1	4	3	7	6	10	0	4	0	0	3	0	0	0	0	1	0	0
tsk748	68	5464	242499852	510	15	10	1	7	5	2	6	7	3	4	0	0	3	0	0	0	0	1	0	0
tsk748	69	10498	221617588	814	15	2	9	4	8	2	6	7	3	4	0	0	3	0	0	0	0	0	1	0
tsk748	70	213	203112195	49	28	4	0	5	7	5	0	0	12	0	3	0	4	0	0	0	0	0	1	0
tsk748	71	392	191166795	55	39	3	1	2	10	5	0	0	3	6	0	3	0	0	4	0	0	0	0	1
tsk748	72	793	188512018	99	26	14	0	7	7	3	0	3	0	6	0	0	3	0	0	0	4	0	0	1
tsk748	73	1518	188823828	186	35	5	1	2	10	5	0	3	0	6	0	3	0	0	0	0	4	0	0	1
tsk748	74	3032	187372519	358	34	6	2	0	10	5	0	3	0	0	6	3	0	0	0	0	4	0	0	1
tsk748	75	6015	191754940	709	34	6	2	0	10	0	5	3	0	6	0	3	0	0	0	0	0	4	0	1
tsk748	76	11760	195738066	1026	19	14	2	0	10	0	5	3	0	0	6	3	0	0	0	0	4	0	0	1
tsk748	77	22644	191654211	1431	17	14	2	0	10	0	5	3	0	0	6	3	0	0	0	0	4	0	0	1
tsk748	78	43517	182135658	2212	25	14	2	0	10	5	0	3	0	0	6	3	0	0	0	0	4	0	0	1
tsk748	79	83654	170328897	3412	17	14	2	0	10	0	5	3	0	0	6	3	0	0	0	0	4	0	0	1
tsk748	80	160060	158636932	4829	17	14	2	0	10	0	5	3	0	0	6	3	0	0	0	0	4	0	0	1
tsk748	81	3313	145679291	635	32	5	2	0	10	5	3	0	0	0	0	9	0	0	0	0	0	4	0	1
tsk748	82	6644	131048528	1016	31	6	2	2	8	5	3	0	0	0	0	8	1	0	0	0	0	4	0	1
tsk748	83	13307	118607190	1659	31	6	2	5	5	5	3	0	0	0	0	8	1	0	0	0	0	4	0	1
tsk748	84	26492	107557304	2911	31	6	2	5	5	5	3	0	0	0	0	9	0	0	0	0	0	4	0	1
tsk748	85	53421	96098785	4840	31	6	2	5	5	5	3	0	0	0	0	9	0	0	0	0	0	4	0	1
tsk748	86	101783	86591013	5462	30	6	2	5	5	5	3	0	0	0	0	9	0	0	0	0	0	4	0	1
tsk748	87	192650	81289538	6297	30	6	2	5	5	5	3	0	0	0	0	8	1	0	0	0	0	4	0	1
tsk748	88	364923	78664119	7486	30	6	2	5	5	5	3	0	0	0	0	9	0	0	0	0	0	4	0	1
tsk748	89	689860	75395447	8752	31	6	2	5	5	5	3	0	0	0	0	9	0	0	0	0	0	4	0	1
tsk748	90	13561	71020467	2449	31	5	3	10	0	0	5	3	0	0	0	9	0	0	0	0	0	0	4	1
tsk748	91	27027	67095508	3586	29	5	3	10	0	0	5	3	0	0	0	9	0	0	0	0	0	0	4	1
tsk799	1	83	100000000	5	0	0	0	0	0	0	0	0	0	0	0	0	0	0	0	0	0	0	0	0
tsk799	2	146	100000000	7	3	0	0	0	0	0	0	0	0	0	0	0	0	0	0	0	0	0	0	0
tsk799	3	286	100000000	21	2	0	0	0	0	0	0	0	0	0	0	0	0	0	0	0	0	0	0	0
tsk799	4	552	100000000	47	2	0	0	0	0	0	0	0	0	0	0	0	0	0	0	0	0	0	0	0
tsk799	5	1122	100000000	125	0	2	0	0	0	0	0	0	0	0	0	0	0	0	0	0	0	0	0	0
tsk799	6	2242	100000000	238	0	0	2	0	0	0	0	0	0	0	0	0	0	0	0	0	0	0	0	0
tsk799	7	4465	100000000	494	0	0	2	0	0	0	0	0	0	0	0	0	0	0	0	0	0	0	0	0
tsk799	8	8997	100000000	1006	0	0	2	0	0	0	0	0	0	0	0	0	0	0	0	0	0	0	0	0
tsk799	9	17722	100000000	1974	0	0	2	0	0	0	0	0	0	0	0	0	0	0	0	0	0	0	0	0
tsk799	10	35479	100000000	3545	0	0	2	0	0	0	0	0	0	0	0	0	0	0	0	0	0	0	0	0
tsk799	11	70826	100000000	5790	0	0	2	0	0	0	0	0	0	0	0	0	0	0	0	0	0	0	0	0
tsk799	12	141381	100000000	8221	0	0	2	0	0	0	0	0	0	0	0	0	0	0	0	0	0	0	0	0
tsk799	13	282982	100000000	9675	0	0	2	0	0	0	0	0	0	0	0	0	0	0	0	0	0	0	0	0
tsk799	14	563862	100000000	9989	0	0	2	0	0	0	0	0	0	0	0	0	0	0	0	0	0	0	0	0
tsk799	15	1124619	100000000	9998	0	0	2	0	0	0	0	0	0	0	0	0	0	0	0	0	0	0	0	0
tsk799	16	2229197	100000000	9998	0	0	2	0	0	0	0	0	0	0	0	0	0	0	0	0	0	0	0	0
tsk799	17	4389234	100000000	9998	0	0	2	0	0	0	0	0	0	0	0	0	0	0	0	0	0	0	0	0
tsk799	18	8517464	100000000	9998	0	0	2	0	0	0	0	0	0	0	0	0	0	0	0	0	0	0	0	0
tsk799	19	107941	100000000	9875	0	0	2	0	0	0	0	0	0	0	0	0	0	0	0	0	0	0	0	0
tsk799	20	214857	100000000	9966	0	0	2	0	0	0	0	0	0	0	0	0	0	0	0	0	0	0	0	0
tsk799	21	429772	100000000	9997	0	0	2	0	0	0	0	0	0	0	0	0	0	0	0	0	0	0	0	0
tsk799	22	855769	100000000	9998	0	0	2	0	0	0	0	0	0	0	0	0	0	0	0	0	0	0	0	0
tsk799	23	1700545	100000000	9998	0	0	2	0	0	0	0	0	0	0	0	0	0	0	0	0	0	0	0	0
tsk799	24	34213	100000000	8373	1	0	2	0	0	0	0	0	0	0	0	0	0	0	0	0	0	0	0	0
tsk799	25	748	100000000	587	7	2	0	0	0	0	0	0	0	0	0	0	0	0	0	0	0	0	0	0
tsk799	26	1569	100000000	651	6	2	0	0	0	0	0	0	0	0	0	0	0	0	0	0	0	0	0	0
tsk799	27	26	100000000	0	0	0	20	0	0	8	0	0	0	0	0	5	0	0	1	0	0	0	0	0
tsk799	28	47	100000000	0	11	0	1	0	10	5	0	1	0	0	2	0	0	0	0	0	0	0	0	3
tsk799	29	114	100000000	11	8	2	0	3	1	11	1	2	0	0	0	0	0	0	0	0	0	0	0	3
tsk799	30	205	100000000	16	11	1	4	2	3	3	1	4	0	2	0	0	0	0	0	0	0	0	0	3
tsk799	31	395	100000000	36	11	2	4	2	1	4	6	1	0	2	0	0	0	0	0	0	0	0	0	3
tsk799	32	2	100000000	0	0	0	0	0	0	0	0	0	0	0	0	0	0	0	0	0	0	0	0	3
tsk799	33	4	100000000	0	0	0	0	0	0	0	0	0	0	0	0	0	0	0	0	0	0	0	0	3
tsk799	34	5	100000000	0	0	0	0	0	0	0	0	0	0	0	0	0	0	0	0	0	0	0	0	3
tsk799	35	9	100000000	0	0	0	0	0	0	0	0	3	0	0	0	0	0	0	0	0	0	0	0	3
tsk799	36	22	100000000	0	0	0	1	0	0	0	0	0	0	3	0	0	0	0	0	0	0	0	0	3
tsk799	37	53	100000000	0	0	0	0	0	0	1	0	0	1	0	0	0	1	0	0	0	0	0	0	4
tsk799	38	101	100000000	7	0	0	0	0	1	0	0	0	1	0	0	0	0	0	0	0	1	0	0	4
tsk799	39	206	100000000	25	3	2	0	0	0	1	1	0	0	0	0	0	1	0	0	0	0	0	0	4
tsk799	40	3	100000000	0	0	0	0	0	0	0	0	0	0	0	0	0	0	0	0	0	0	0	0	4
tsk799	41	9	100000000	0	0	0	0	0	0	0	0	1	0	0	0	0	0	0	0	0	0	0	0	4
tsk799	42	25	100000000	0	0	0	4	0	0	0	0	0	0	0	0	0	0	0	0	0	0	0	0	4
tsk799	43	58	100000000	0	5	1	0	1	0	0	0	0	0	0	0	0	0	0	0	0	0	0	0	4
tsk799	44	116	100000000	10	1	2	1	0	0	0	0	0	0	0	0	0	0	0	0	0	0	0	0	4
tsk799	45	218	100000000	17	3	2	0	1	0	0	0	0	0	0	0	0	0	0	0	0	0	0	0	4
tsk799	46	460	100000000	30	5	1	1	1	0	0	0	0	0	0	0	0	0	0	0	0	0	0	0	4
tsk799	47	906	100000000	55	2	2	1	1	0	0	0	0	0	0	0	0	0	0	0	0	0	0	0	4
tsk799	48	1768	100000000	112	6	2	0	1	0	0	0	0	0	0	0	0	0	0	0	0	0	0	0	4
tsk799	49	3380	100000000	200	6	2	0	1	0	0	0	0	0	0	0	0	0	0	0	0	0	0	0	4
tsk799	50	6392	100000000	336	4	2	0	1	0	0	0	0	0	0	0	0	0	0	0	0	0	0	0	4
tsk799	51	12389	100000000	590	4	2	0	1	0	0	0	0	0	0	0	0	0	0	0	0	0	0	0	4
tsk799	52	23609	964079750	1063	4	2	0	1	0	0	0	0	0	0	0	0	0	0	0	0	0	0	0	4
tsk799	53	45337	912331549	1867	4	1	1	1	0	0	0	0	0	0	0	0	0	0	0	0	0	0	0	4
tsk799	54	87019	864589540	3177	5	1	1	1	0	0	0	0	0	0	0	0	0	0	0	0	0	0	0	4
tsk799	55	166116	810622682	4846	5	1	1	1	0	0	0	0	0	0	0	0	0	0	0	0	0	0	0	4
tsk799	56	3315	745059614	514	2	2	0	1	1	0	0	0	0	0	0	0	0	0	0	0	0	0	0	4
tsk799	57	6648	675961035	866	3	1	1	0	1	0	0	0	0	0	0	0	0	0	0	0	0	0	0	4
tsk799	58	13146	613243995	1532	4	1	1	0	1	0	0	0	0	0	0	0	0	0	0	0	0	0	0	4
tsk799	59	298	553621065	62	19	5	0	3	0	0	0	0	1	0	0	0	0	0	0	0	0	0	0	4
tsk799	60	584	493128285	104	16	6	2	1	0	0	0	1	0	0	0	0	0	0	0	0	0	0	0	4
tsk799	61	1196	440667909	169	18	6	2	2	0	0	1	0	0	0	0	0	0	0	0	0	0	0	0	4
tsk799	62	2369	401307671	328	17	7	1	2	0	0	0	1	0	0	0	0	0	0	0	0	0	0	0	4
tsk799	63	4734	369656422	614	18	7	1	2	0	0	0	0	1	0	0	0	0	0	0	0	0	0	0	4
tsk799	64	9436	338928087	1113	14	8	2	2	0	0	0	0	1	0	0	0	0	0	0	0	0	0	0	4
tsk799	65	220	309267839	34	32	11	1	1	3	1	0	1	0	0	0	0	0	0	0	0	0	0	0	4
tsk799	66	465	284361826	70	24	13	4	2	2	1	1	0	0	0	0	0	0	0	0	0	0	0	0	4
tsk799	67	966	262735430	115	30	9	5	2	1	2	0	0	0	0	0	0	0	0	0	0	0	0	0	4
tsk799	68	7	242499852	0	0	0	0	0	0	0	0	0	0	0	6	0	0	0	0	0	0	0	0	5
tsk799	69	15	221617588	0	0	0	0	0	4	0	0	0	0	0	0	0	0	0	0	4	0	0	0	5
tsk799	70	22	203112195	0	0	0	1	0	0	0	3	0	0	0	0	0	0	0	0	0	0	4	0	5
tsk799	71	44	191166795	0	3	0	0	0	1	0	2	0	1	0	0	0	0	0	0	0	0	0	4	5
tsk799	72	81	188512018	3	1	1	1	0	1	0	2	0	1	0	0	0	0	0	0	0	0	0	0	9
tsk799	73	159	188823828	14	3	0	2	1	2	0	0	0	0	1	0	0	0	0	0	0	0	0	0	9
tsk799	74	327	187372519	41	1	1	0	0	1	2	0	0	0	1	0	0	0	0	0	0	0	0	4	5
tsk799	75	675	191754940	85	3	1	0	0	1	2	0	0	0	1	0	0	0	0	0	0	4	0	0	5
tsk799	76	23	195738066	0	0	0	0	0	0	2	0	0	0	4	0	0	0	0	0	0	1	0	0	5
tsk799	77	51	191654211	0	6	0	1	0	0	0	1	0	0	4	0	0	0	0	0	0	1	0	0	5
tsk799	78	112	182135658	7	4	3	0	0	0	0	0	0	0	1	0	4	0	0	0	0	0	0	1	5
tsk799	79	229	170328897	25	5	2	0	0	0	0	0	0	0	0	0	1	5	0	0	0	0	0	0	5
tsk799	80	454	158636932	53	4	2	1	0	0	0	0	0	0	0	1	1	4	0	0	0	0	0	0	5
tsk799	81	897	145679291	117	4	2	1	0	0	0	0	0	0	0	0	1	1	4	0	0	0	0	0	5
tsk799	82	1692	131048528	168	5	3	0	0	0	0	0	0	0	0	1	1	4	0	0	0	0	0	0	5
tsk799	83	3223	118607190	270	1	4	0	0	0	0	0	0	0	0	1	5	0	0	0	0	0	0	0	5
tsk799	84	6133	107557304	481	2	3	0	0	0	0	0	0	0	0	0	1	5	0	0	0	0	0	0	5
tsk799	85	11672	96098785	836	2	2	1	0	0	0	0	0	0	0	1	0	5	0	0	0	0	0	0	5
tsk799	86	22435	86591013	1298	1	4	0	0	0	0	0	0	0	0	1	4	1	0	0	0	0	0	0	5
tsk799	87	43208	81289538	1888	1	4	0	0	0	0	0	0	0	0	1	4	1	0	0	0	0	0	0	5
tsk799	88	82738	78664119	3010	1	4	0	0	0	0	0	0	0	0	1	5	0	0	0	0	0	0	0	5
tsk799	89	159374	75395447	5158	1	4	0	0	0	0	0	0	0	0	1	4	1	0	0	0	0	0	0	5
tsk799	90	304332	71020467	7064	1	4	0	0	0	0	0	0	0	0	1	4	1	0	0	0	0	0	0	5
tsk799	91	5980	67095508	891	4	4	0	0	0	0	0	0	0	0	1	5	0	0	0	0	0	0	0	5
