PA0137-C	PA0153-C	PA0169-C	PA0200-C	PA0214-C	PA0239-C	PA0255-C	PD0490-C	PD0535-C	PD0540-C	PD0541-C	PD0589-C	PD0590-C	PD0592-C	PF0041-C	PF0048-C	PF0069-C	PF0089-C	PF0100-C	PF0107-C	PF0136-C	PF0206-C	PF0221-C	PF0223-C	PF0310-C	PF0347-C	PF0349-C	PF0357-C	PF0370-C	PF0383-C	PF0427-C	PF0433-C	PF0454-C	PF0488-C	PF0510-C	PF0511-C	PF0557-Cx	PF0599-C	PF0615-C	PF0693-C	PF0753-C	PF0794-C	PH0247-C	PH0356-C	PH0469-CW	PH0470-C	PH0523-C	PH0539-C	PH0644-C	PH0686-C	PH0703-C	PH0770-C	PH0776-C	PH0782-C	PH0813-C	PH0821-C	PH0838-C	PH0844-C	PH0851-C	PH0919-C	PH0986-C	PH0991-C	PH1000-C	PH1136-C	PM0071-C	PR0117-C	PR0123-C	PR0155-C	PT0042-C	PT0067-C	PT0087-C	PT0102-C	PT0111-C	PT0129-C	PT0178-C	PT0187-Cx	PT0190-Cx	PT0193-C	PT0204-C	PT0205-Cx	PT0222-Cx	PT0228-Cx	PT0258-C	PT0279-Cx	PT0303-Cx	PV0262-C	PV0320-C	PV0322-C	PV0331-Cx	QC0194-C	QE0423-C	QE0426-C	QE0440-C	QG0194-C	QG0207-C	QG0239-C	QG0284-C	SenT033.08	SenT114.09	SenT137.09
PA0137-C	NA	13.6	9	14.33	5.83	9.67	10.17	11	7.91	9.67	8.09	12.86	9.1	10.38	16.2	12.6	13	9.67	12.5	14.5	9.78	6.77	8	16.25	8.22	12.67	9.14	16	6.5	7.88	9.3	10.17	12.43	12	17.25	16.75	14.2	11.43	Inf	35.5	11.6	13.75	7.15	10.22	11.62	6.21	12.38	7.62	10.38	8.25	11.6	8.8	9.2	12.83	7.83	10.44	7.54	7.82	7.69	11.86	9.55	8.36	8	10.22	6.15	13.57	26	11.43	9.56	16.75	8.78	14.33	12	10	17.8	14.33	10.5	10.67	12.86	16.25	10	10.83	14.83	24.67	18.4	10.44	11.11	12.25	8.36	9.22	10.11	7.31	9.5	12.6	11.14	9.12	16.5	31	22	10.14
PA0153-C	13.6	NA	8.33	32.5	5.78	7.2	6.6	9.56	7.6	9.38	7.7	9.71	11.43	9.86	13.6	6.33	9.5	5.67	11	9.29	8.88	5.33	6	7.6	5.5	10.4	9.75	11	3.69	5	8.88	6.8	19.67	9.25	16	11.33	10.25	5.2	Inf	18.67	7.4	32	8.11	9.5	8.56	6.38	11.29	6.36	7.89	7.31	11	12	6.73	8.57	7	9.25	6.43	6.42	6.64	9	9	8	8.78	10	4.54	16	15	13.6	9	8.75	7.62	9.17	9.5	6.25	24	13.6	7.2	7.4	11.6	11.33	7	11.67	11.43	39	16.5	8.1	8.5	9.33	8.22	8.75	9.38	8.44	9.22	7.8	8.67	10.8	8	25	17.67	6.88
PA0169-C	9	8.33	NA	8.12	5.3	5.86	7.5	8.89	9.38	10	7.8	9.71	10.71	12.6	6.67	6.29	8	5.86	7.91	9.43	15.6	5.82	8.25	6.43	9.5	9.5	5.38	6.43	7.22	6.11	9.71	4.33	6.75	5.89	6.57	5.43	6.57	8.86	Inf	8.71	7.67	21.5	7.56	11.14	10.71	6.25	13.67	6.58	8.22	7.27	11.44	9.25	8.3	8.43	7.5	15	6.58	7.6	6.67	11.33	8.3	7.6	9.62	11.43	4.62	20	34	10.5	6.5	6	4.54	6.7	8.8	7.71	9.38	8	7.33	5.86	19.25	6.86	7.1	5.62	10.5	7.83	8.22	10.12	10.38	11.57	8.5	8.38	12.5	7.8	11.86	10.6	6.38	6.22	6.71	18.33	12.25	7.12
PA0200-C	14.33	32.5	8.12	NA	6.91	9.67	9.83	10.1	8.73	9.78	7.83	10.38	10.22	10.88	13.67	14.5	12.4	8.57	16.83	10.88	9.3	7.25	13.33	10.83	6.18	11.33	9.43	16.25	5.58	7.78	10.25	14.5	14	15.75	15	15.25	13.8	8	Inf	21.5	9.14	26.5	10.11	10	9.1	8.17	12.62	8	10.38	8.67	10.82	10.62	9.4	9.25	7.33	10.11	8.15	8.09	8.23	9.56	11.22	7.58	9.5	10.56	6.42	13	25.67	21.5	12.86	10.83	11.57	11.29	12.8	9.25	31	17.2	11.17	11	14.33	15.75	9.89	16.5	10	34	16.2	9	9.45	10.1	12.5	8.89	10	9.5	10.3	15.25	10.43	10.29	10.5	32.5	25.33	9.71
PA0214-C	5.83	5.78	5.3	6.91	NA	3.38	4	6.92	5.71	6.17	5.07	7.09	6.08	5.08	6.18	3.91	4.25	4	4.93	5.77	4.24	3.86	4.92	3.92	3.62	4.62	4.27	4.9	4.12	4.75	5.07	3.67	6.08	4.38	4.45	4.64	4.91	4.27	Inf	6	4.89	6.71	5.36	5.5	5.2	4.76	8	5.06	6.08	5.53	6.79	6.55	5.67	4.31	7.6	5.58	5.06	5.2	5.31	5.5	5.31	5.69	8.1	7.5	3.3	7.9	10.57	8.33	5	4.55	4.71	5.5	5.1	4.27	7.25	6.17	4.33	3.77	6.73	5.78	4.87	5.56	5.31	6	6.08	6.07	5.5	5.8	7.18	5.67	6.42	5.5	7.58	4.64	4.92	5.64	3.92	15.25	7.12	3.73
PA0239-C	9.67	7.2	5.86	9.67	3.38	NA	16	12.33	6.78	8.29	6.2	9.33	12.4	13	8.33	4.4	16	8.33	8.88	9.5	10.5	5.25	5.75	7	5.11	8	6	8	4.67	8.2	7.88	7	7.29	7.75	10	12	7.67	6.33	NA	10.25	12	30	6.56	9.29	8.12	5.5	14.4	6.82	8.38	7.5	11.12	12.4	8.38	10.75	5.45	8.29	6.73	7	7	11	10.29	5.73	8.62	8.5	4.7	14	19.33	12.6	10.8	5	6.88	5.38	7	6.25	12.4	11.6	9	8	8.83	4.5	5.27	8	14	6.75	8.71	9.43	10	11.33	8.38	10.4	11.8	7.56	11.67	7	10.33	7.17	9.5	Inf	20.5	6.57
PA0255-C	10.17	6.6	7.5	9.83	4	16	NA	14.6	8.25	9	7	10.17	18	13.5	11	4.2	17	12	10.57	12	11.8	5.55	5	6.5	5.22	10	7.5	8.5	4.55	6.6	8.86	5.67	6.86	9	9	8.5	13.5	5.78	NA	10.25	5	26	8.62	11.67	10.43	6.25	19.75	8.3	9.12	9.33	14.14	13.4	9.71	17	6.8	10.83	8.3	8.38	8.6	12.2	11.14	7	10.86	10.71	6.38	18.75	28	12	13.5	7.33	6.86	6.17	8.67	7	13.4	13	10	8	9.8	4.5	5.5	7.25	17.5	6.75	8.43	10.43	12.83	14.8	9.25	11.4	17.25	7.1	12.83	8	11.33	8.33	11.5	41	21	5.71
PD0490-C	11	9.56	8.89	10.1	6.92	12.33	14.6	NA	9.71	10.83	9.33	12.83	12.83	9.83	8.8	10.57	14.8	11	11.7	10.78	10.4	6.62	9.3	15.2	9.1	8.8	10.71	11.67	7.69	9	8.92	9.12	8.73	10.25	13.33	12.5	10.86	8.08	Inf	13	14.4	36	8	10.25	7.56	9	16.4	9.22	11.57	12	14	12.17	8.78	14.2	9.33	12	10.62	6.5	10.5	12.33	9.44	7.5	11	9.62	6.79	17	18.5	8.88	11.22	11	7.92	7.5	11	10.11	11.56	14.14	12.5	12.17	10.8	9.62	8.42	9.38	13.88	9.88	10.7	8.75	11	10.57	7.6	14	10.86	7.2	14.33	11.71	13.43	8.09	14.4	Inf	42	9
PD0535-C	7.91	7.6	9.38	8.73	5.71	6.78	8.25	9.71	NA	7.62	8.75	13.6	9	9.6	7.45	8	8.25	7.44	8.31	10.11	8.45	6.53	6.62	7.33	8.9	7.91	6.8	7.11	7.46	6.5	11	6	9	6.91	7.67	7.44	7.56	6.85	Inf	9.89	13.6	20	7.75	7	8.86	6.82	13	6.9	7.67	8.11	11.29	7.22	5	8.14	6.5	11	7.1	5.8	7.4	8.12	7.7	10.33	8.44	12.8	5.93	18.5	11	7.78	9.6	7.44	6.57	8.7	8.25	9.11	9.8	11.12	7.44	7.11	10.78	7.33	7.42	6.73	9	8.11	8.08	9.38	11.14	11	4.92	7.88	11.33	7.5	23	8.88	8.2	6.83	7.11	38	18.25	6.92
PD0540-C	9.67	9.38	10	9.78	6.17	8.29	9	10.83	7.62	NA	20.67	9.86	15	10.4	8.5	7.75	10.83	9.86	8.31	12.71	11.11	6.27	10.25	13	10.38	6.82	8.38	9.57	8.27	8.22	8.45	6.78	9.11	8.33	9.71	9.71	8.25	10.11	Inf	11.71	16.25	15.75	9	19.5	12.2	8.71	23	8	13.6	9.86	14	12.8	11.29	11.2	14	12.6	8.38	9.5	8.12	30	8	8	15.2	10	6.5	16.75	14.4	11.17	8.6	9.71	7.82	7.82	8.25	12	9.1	12.43	9.86	9.43	14	8.11	8.4	10.29	12.88	12.33	11.88	11.83	12.67	14.6	11.5	8.83	11.5	7.89	15	10	9.75	8.67	13.6	38	15	10.88
PD0541-C	8.09	7.7	7.8	7.83	5.07	6.2	7	9.33	8.75	20.67	NA	7.6	12	9.67	6.38	6	7.44	7.78	7	9.6	8.08	5.11	7.91	8.75	8.1	6.38	6.18	7.78	7.67	7	8.25	5.58	7.75	6.58	7	7.5	6.2	7.25	Inf	8.4	11.33	9.33	9.29	10.29	11.5	8	12.83	7.67	8.5	10.14	12	7	7.67	9.67	13.6	9.29	10	8.29	8	12.4	8.22	8.38	8.62	9.57	6.21	10.14	9.12	9	7.91	8.22	5.62	6.43	6.55	9.67	8.33	10.11	8.22	7	9.5	5.92	7.08	7.7	10.3	8.22	8.9	10.71	11.14	12.67	8	7.78	10.14	7.4	13.17	7.4	7.64	7.55	8.5	36.5	10.57	7.64
PD0589-C	12.86	9.71	9.71	10.38	7.09	9.33	10.17	12.83	13.6	9.86	7.6	NA	13.17	10.33	11.29	12.4	12	11.4	9.7	10.88	8.9	6.07	9.11	10.33	8.22	9.5	8.71	9.83	6.83	8	8.6	7.12	9.11	8.25	10	10	8.14	7	Inf	11.83	14	54	7.67	8.33	8.25	5.83	27.67	6.91	15.6	8.78	9.78	14.4	8.33	12.4	7.78	24.33	7.9	6.27	7.36	9.43	9.22	11.33	9.62	16.6	5.29	27.33	34	12.17	9.44	9.5	7.27	9.5	12.2	8.62	12	16.8	9.83	9.83	10.88	11.17	8	9.43	11.22	10.67	10.11	9.62	10.12	11.43	8.44	16	10.43	6.67	19.25	14.2	10.57	8.62	9.83	69	65	7.09
PD0590-C	9.1	11.43	10.71	10.22	6.08	12.4	18	12.83	9	15	12	13.17	NA	13.5	9.78	9.29	17.25	10	9.91	11.5	12.12	6.71	11.25	11.17	9.56	8.3	11.33	11	8.17	8.56	9.2	9.14	11	10.25	11.5	11	9.43	8.8	Inf	10.88	33	31.5	10.8	11.17	7.5	8.62	38	7.5	9	9.29	9.12	13	8.56	11.4	10.33	25	7	7.62	7	11.6	7.67	6.44	18.75	11.6	7.42	25.67	17.5	12.33	10.22	8.75	7.67	8	9.71	10	12	13	11.83	11.67	14.14	9.12	8.55	11.83	11.89	10.71	10.56	12.83	11.29	15.2	7.44	17	17	8.5	18.5	12.17	11.86	9.44	11.17	Inf	26	9.33
PD0592-C	10.38	9.86	12.6	10.88	5.08	13	13.5	9.83	9.6	10.4	9.67	10.33	13.5	NA	9.38	8.67	17.33	11.4	9.6	13.33	13.83	7.08	8.88	12.25	10.43	8.88	9.8	13.25	8.4	9	11.25	7.83	10.57	11.33	13.75	13.75	9.8	8.33	Inf	10.5	16.67	24.5	9	12.4	15.25	7.25	22.33	8.43	7.12	9.67	16	8.17	8.25	20.5	9	12.75	9	10.6	8.86	18.67	12.4	8.71	9.67	15.5	7.5	19.33	12.75	9.17	15.8	9	7	7.67	10.6	11.83	11.86	10.86	13.5	12.25	13.67	9.33	9	9.83	13	10.33	8.89	19	20.33	30	6.38	10.4	60	8.25	32.5	13	14.4	8	12.75	Inf	15.75	9.29
PF0041-C	16.2	13.6	6.67	13.67	6.18	8.33	11	8.8	7.45	8.5	6.38	11.29	9.78	9.38	NA	10.8	11	18	15.83	15.8	8	6.83	7.3	11.2	7.44	13.2	11	12.25	9	10.33	9.22	13.75	11.57	10.33	14.5	14	12	11.14	Inf	22.67	14.5	20	6.23	11.25	9.11	5.67	11.5	8	9.22	8.18	12.11	8.3	10.62	9.29	7.18	8.56	7.33	6.83	7.5	9.88	8.64	8.4	8.18	12.86	4.71	12.29	20.25	13.67	10.71	17.67	15.4	13.6	11.4	7.44	17.4	10.71	11	8.83	11.25	30	8.6	13.75	11.38	15	13	10.5	8.9	9.78	9.2	8.44	12.57	8.27	9.3	12	10.67	8.38	10.8	34.5	28	8.25
PF0048-C	12.6	6.33	6.29	14.5	3.91	4.4	4.2	10.57	8	7.75	6	12.4	9.29	8.67	10.8	NA	5.75	7	11.83	17.67	6.44	6.67	5.5	4.75	6.86	8.17	7.67	4.6	7.14	6.17	8.57	5	6.86	6.6	4.2	5	5.2	5.67	Inf	12	5.25	17	6.78	7.62	9.57	6.27	13.17	10.71	17	10.57	14.33	8	15.75	9	6.89	10.17	9.12	8	9.38	9.33	10.86	8.5	8	11.5	6	13.4	19.33	32	11	12	8.4	6.17	6.25	9.2	22	19	5.6	6.25	8	6.67	10.17	6.2	8.86	6	8.57	11.33	8.75	10	11.33	9.33	12	11.83	9.12	10.33	7.8	7.14	6.75	20.5	22.5	5.83
PF0069-C	13	9.5	8	12.4	4.25	16	17	14.8	8.25	10.83	7.44	12	17.25	17.33	11	5.75	NA	14	10.57	11.2	11.8	5.73	6.29	15	6.38	11.4	8	21	4.73	10.25	9.43	7	8.83	9.33	21	22	12	7.38	Inf	13.67	10.5	29	8.12	12	10.14	6.18	18.75	7.6	10	8.56	13.14	12.4	9.86	15	6.8	10.17	7.6	8.12	7.9	14	13.5	6.6	10	9.86	6.56	18.5	27	12.8	13.75	5.67	7.14	6.83	12	7.29	15.25	15.25	17	15	10.2	6	5.9	10.33	17.25	8.33	9.67	12.33	13.33	15.2	10.86	14.5	17	7.56	15.6	12	19.5	8	20	Inf	18.5	7.67
PF0089-C	9.67	5.67	5.86	8.57	4	8.33	12	11	7.44	9.86	7.78	11.4	10	11.4	18	7	14	NA	10.43	15.75	9	5.3	4.67	10.5	4.78	8.5	12.5	10	7.57	12	6.5	7.33	7.43	7	9.33	7.33	8.75	10.8	NA	11.25	13.5	11	6.4	14	8.38	6.45	15	8.67	8.88	9.62	15	9.57	13.8	13.25	8.75	7.88	8.56	7.44	8.67	12.4	10.38	8.75	7.78	10.71	4.73	12.5	13.75	13.2	14.5	13.5	10.2	7.17	7.5	5.75	10.5	9.83	14.5	11.5	8.83	10.67	5.36	10.33	21.33	5.8	8.57	13.8	10.14	11.83	10.14	9.33	18	9.12	12.17	8.5	10	5.88	15.5	43	42	6.43
PF0100-C	12.5	11	7.91	16.83	4.93	8.88	10.57	11.7	8.31	8.31	7	9.7	9.91	9.6	15.83	11.83	10.57	10.43	NA	9.6	7.83	8.17	8.7	9.12	5.69	14.17	8.22	12.83	7.67	6.73	10	17.25	10.89	12.5	12	12.5	10.57	8.7	Inf	14.33	9.43	19	7.77	10.18	8.67	6.5	10.73	7	10.3	7.79	8.79	8	10	9	6.5	9.27	7.2	8.08	7.2	9.18	10.27	6.6	7.64	9	6.43	12.33	18	15.14	10.44	9.5	8.9	10.11	9.57	8.6	36	13.86	9.75	9.12	9.2	13	9	9.12	9.73	13.17	11.11	8.38	9.08	9.42	9	8.82	9.55	8.15	9.42	13	9.78	8.3	9.62	38.5	79	11.43
PF0107-C	14.5	9.29	9.43	10.88	5.77	9.5	12	10.78	10.11	12.71	9.6	10.88	11.5	13.33	15.8	17.67	11.2	15.75	9.6	NA	9.88	8.67	6.64	14	12.5	8.88	11.6	9.83	10.25	10.33	12.12	7.88	12	7.88	9.83	10.67	8.71	13.5	Inf	17.5	60	18	8.27	13.14	15.33	7.92	14.14	11.33	11.5	13	19.83	8.9	11.88	13.33	12.86	12.86	11.44	10	11.44	16	8.82	13.43	10.1	18.8	8.78	19	27	21.75	11.71	31.5	8.33	12	11.4	12	12.29	21.75	10.83	9.67	14.5	15.25	10.22	10.33	13.29	12.2	13.57	20	14.71	16.83	10.89	9.44	16.8	11.11	12.62	13.2	11.67	12.17	15.25	68	36	8.86
PF0136-C	9.78	8.88	15.6	9.3	4.24	10.5	11.8	10.4	8.45	11.11	8.08	8.9	12.12	13.83	8	6.44	11.8	9	7.83	9.88	NA	6.58	7.8	7.71	8.33	10.38	8	10	6.23	7.33	9.78	7.38	9.44	7.88	9.17	8.43	10.17	8.44	Inf	8.88	18.33	18.67	8.82	11	9.3	6.93	12.88	7.62	7.67	8.42	11.3	9	7.5	9.75	7.67	9.89	7.21	8	7.85	12.71	9.91	7.08	9.5	9.8	6.5	13.57	15.6	9.2	9.22	7.75	6.91	6.36	7.43	7	9.11	9.11	10	9.17	14.33	6.56	6.08	7.75	12.86	7.38	7.09	11.11	11.44	12.88	8.73	10.11	13.57	8.17	13.62	10.14	10.71	6.55	9.83	64	17.5	9.43
PF0206-C	6.77	5.33	5.82	7.25	3.86	5.25	5.55	6.62	6.53	6.27	5.11	6.07	6.71	7.08	6.83	6.67	5.73	5.3	8.17	8.67	6.58	NA	4.27	4.92	4.93	5.57	5	5.17	5.46	4.2	6.82	5.7	6.46	5.17	4.58	4.67	4.67	7.5	Inf	6.25	8.33	10	5.93	7.31	6.93	5.56	8	6.12	6.21	6.5	7.38	5.62	6.33	5.79	5.11	7.62	6.18	6.27	6.12	6.46	6.93	5.94	6.33	7.21	5.79	8.45	13	7.91	6.62	4.92	4.88	4.8	5.7	6.17	7.82	9	5.33	4.83	9	5.33	5.27	4.29	7.31	5.17	5.27	6.73	7.13	7.43	5.75	5.73	7.46	6.12	7.36	6.78	5.69	5.46	5.42	23.33	23.33	5.85
PF0221-C	8	6	8.25	13.33	4.92	5.75	5	9.3	6.62	10.25	7.91	9.11	11.25	8.88	7.3	5.5	6.29	4.67	8.7	6.64	7.8	4.27	NA	5.57	5.9	7.38	4.67	7.17	4.62	4.27	6.67	6.33	7.2	7.67	5.83	7.33	9	5.82	NA	8.14	4.88	7.8	8.89	10.75	8.09	8.27	13.29	7.83	8.89	8.82	10.6	10	9.22	9.86	7.64	7.64	7.75	8.5	8.08	9.5	10.67	6.77	9.67	7.25	5.07	9.33	11.33	12.17	8.44	5.33	7.11	5.45	4.78	7.56	10.86	8.56	5.38	5.38	7	5.38	7	8.17	8.5	9.67	9.12	8.2	8.3	9.11	10.5	8	9.56	9	9.2	7.29	7.22	5.91	6.29	26.5	10.17	10.5
PF0223-C	16.25	7.6	6.43	10.83	3.92	7	6.5	15.2	7.33	13	8.75	10.33	11.17	12.25	11.2	4.75	15	10.5	9.12	14	7.71	4.92	5.57	NA	7	9.5	3.67	9	5.6	9	7.75	4	7.43	7.75	7.5	9	7.67	9	NA	20	7.5	12.5	7.22	13.8	12.17	7.3	16	8.78	11.83	10	15.5	11.17	11.33	24	8.38	9.29	8.78	9.43	9.11	21	11.29	7.67	9.12	10.14	5.89	14.6	27.5	12.8	11.6	10	5.75	6.5	8	8.5	11.8	14	9	4	8.33	4.25	6.33	7.75	23	7.67	11.2	13.8	14.4	18	10	11	13.6	7.3	12.5	10.33	12.33	7.67	Inf	Inf	21	8
PF0310-C	8.22	5.5	9.5	6.18	3.62	5.11	5.22	9.1	8.9	10.38	8.1	8.22	9.56	10.43	7.44	6.86	6.38	4.78	5.69	12.5	8.33	4.93	5.9	7	NA	7.5	4.9	5.67	6.8	4.4	6.5	4.09	7.3	4.18	5.11	5.11	5.89	5.45	Inf	8.71	7	14.33	7.18	10.38	10.86	6.83	11.38	7.91	9.11	8.9	11.33	7.9	10.11	13.4	7.45	9.88	8	8.1	8.09	13.33	7.58	7.8	7.82	11.29	4.36	13.17	13.2	10.86	6.33	7.14	5.08	5.82	6.25	8.86	7.3	8	6.75	5	7.67	5.89	7.2	4.27	8.4	6.25	8.44	10.12	10.62	12	8.27	7.8	10.62	8.4	10.33	9.83	7.88	6	7.43	30.5	15.25	7
PF0347-C	12.67	10.4	9.5	11.33	4.62	8	10	8.8	7.91	6.82	6.38	9.5	8.3	8.88	13.2	8.17	11.4	8.5	14.17	8.88	10.38	5.57	7.38	9.5	7.5	NA	8.5	13.5	5.58	8.43	8.88	8.33	9.43	10.6	14.25	17	11.2	6.6	Inf	16.25	10	24.5	5.85	7.73	7.6	5.33	9.67	6.43	8.44	6.92	8.58	8.44	9.22	9.14	6	9.38	6.43	6.38	6.2	9.5	9.7	6.75	7.55	9.33	4.57	12.14	18	11.29	7.67	9.2	7.56	9.29	13.25	6.5	40	12.17	14.25	9	9	14.5	7	8.67	8.67	12.75	12.5	7.55	8.09	9.78	7.64	9.12	9.75	6.15	8.6	9.67	10.5	7.12	9.17	27.5	19	12.2
PF0349-C	9.14	9.75	5.38	9.43	4.27	6	7.5	10.71	6.8	8.38	6.18	8.71	11.33	9.8	11	7.67	8	12.5	8.22	11.6	8	5	4.67	3.67	4.9	8.5	NA	6.33	5.6	11.67	8.38	2.6	8.17	5.8	5.67	6.67	9	5.7	NA	8.4	21	13.5	6.2	8.62	7.78	5.67	12.67	7.7	7.67	8.56	12.57	9.43	11.83	11.5	7.67	8	7.6	6.4	7.9	10	9.62	6.7	7.89	10.43	4.64	12.5	18.67	12.4	14	5.67	8.17	6.83	7	6	10.67	10.17	8	5.67	7.29	5.67	4.83	10.33	12.17	5.6	7.38	11.5	8.88	10	10.29	9.83	16.75	7.89	10.71	12.33	10	7.14	6	Inf	22	5.12
PF0357-C	16	11	6.43	16.25	4.9	8	8.5	11.67	7.11	9.57	7.78	9.83	11	13.25	12.25	4.6	21	10	12.83	9.83	10	5.17	7.17	9	5.67	13.5	6.33	NA	4.08	7.4	8.5	14	10.2	14.5	Inf	Inf	24	8.83	NA	20	6.67	17	6.89	9.57	9	6.17	15.6	6.82	8.5	7.7	11.88	10.83	8.25	12	6.5	9	6.91	7.22	7.18	12	10.86	6.45	9	9.5	4.9	14.2	19.33	10.5	11.8	4.5	9.4	8.4	8	5.88	20.67	11.2	9	9	8.83	9.5	6.56	16	14.6	15	11.4	9.57	11.67	11.67	8.38	11.6	13.6	7.67	13.33	8	13.33	7.29	11.5	Inf	14.67	8.4
PF0370-C	6.5	3.69	7.22	5.58	4.12	4.67	4.55	7.69	7.46	8.27	7.67	6.83	8.17	8.4	9	7.14	4.73	7.57	7.67	10.25	6.23	5.46	4.62	5.6	6.8	5.58	5.6	4.08	NA	5.5	8.3	5.6	6.08	4.73	4.33	5.18	4.46	6	Inf	6.6	6.71	6.71	7.08	10	9.3	7.15	8.27	11.33	9	11.56	11.5	6.15	10.88	7.89	8.27	10	10.2	8.45	9.55	10.38	7.83	9.2	6.62	11.38	4.6	9.22	10.29	11.71	6.45	7.29	5.08	5.67	5.6	7.88	8.5	9.33	5.2	4.42	6.91	5.3	7.09	4.5	7.25	5.55	6.42	10.22	8.73	10.56	9.3	7	11.75	9	8.42	7.12	6	4.64	5.7	14.5	20.33	5.64
PF0383-C	7.88	5	6.11	7.78	4.75	8.2	6.6	9	6.5	8.22	7	8	8.56	9	10.33	6.17	10.25	12	6.73	10.33	7.33	4.2	4.27	9	4.4	8.43	11.67	7.4	5.5	NA	7.11	5	5.8	6.5	7.2	8.5	6.83	5.2	Inf	8.67	10.67	7.5	6.08	8.89	7.4	6.08	10.25	8.6	8.22	9.56	12.62	9.12	13	11.8	8.22	8.78	8.7	7.2	8.09	11.83	9.11	7.7	9.22	9.5	4.38	10	11.4	9.71	11.17	12.33	7.29	6.75	8.25	5.8	10.43	9	12.33	6.6	7.75	7.2	5.38	6.4	10.57	5.43	8.88	12	8.44	10.71	11	10.14	15.4	8	8.89	6.29	11	6.33	10.25	27	13	5.56
PF0427-C	9.3	8.88	9.71	10.25	5.07	7.88	8.86	8.92	11	8.45	8.25	8.6	9.2	11.25	9.22	8.57	9.43	6.5	10	12.12	9.78	6.82	6.67	7.75	6.5	8.88	8.38	8.5	8.3	7.11	NA	8	9.33	9.14	7.88	7.86	7.22	6.91	Inf	10.25	11.2	19.67	8.36	8.64	9.4	7.38	12	8.75	10.56	9.73	10.25	8.09	10.1	9.11	7.23	12	8.83	8.82	8.23	11.62	10.5	7.75	8.45	10.89	6.58	14	16	12	9.33	8	8.2	8.67	10.33	10	14.83	14.5	11.5	7.88	12.14	8.75	8.18	6	9.8	8	9.1	9.18	9.55	11.67	8.82	8.6	11.75	10	9.9	9.5	9.5	6.82	9.12	34	18.25	8.89
PF0433-C	10.17	6.8	4.33	14.5	3.67	7	5.67	9.12	6	6.78	5.58	7.12	9.14	7.83	13.75	5	7	7.33	17.25	7.88	7.38	5.7	6.33	4	4.09	8.33	2.6	14	5.6	5	8	NA	7.29	15.5	8	9	13.5	9.33	NA	11	3.8	6.25	6.44	9.71	6.6	5.91	11.14	6.73	8.38	7.3	8.7	8.25	9.12	7.17	5.08	6.78	6.55	7.44	6.82	8.71	11.29	5.08	6.8	7	5	10.14	12.75	10.33	11.6	3.67	9.8	6.14	5.2	6.5	22.33	11.2	5.5	4.25	6.38	5.5	6.11	7.5	10.29	7	8	7.22	8.5	8.5	8.62	7.71	9.57	6.9	8.75	13	8.8	5.11	4.25	40	20.5	8.2
PF0454-C	12.43	19.67	6.75	14	6.08	7.29	6.86	8.73	9	9.11	7.75	9.11	11	10.57	11.57	6.86	8.83	7.43	10.89	12	9.44	6.46	7.2	7.43	7.3	9.43	8.17	10.2	6.08	5.8	9.33	7.29	NA	8.29	10.2	10	11	7.78	NA	12.8	10.6	49	8.09	11	9.56	7.69	13.38	7.21	9	7.85	10.18	8.5	7.23	9.25	7.75	13.71	7.14	7.58	7.36	9.75	8.75	8.33	10	11.33	5.54	16.67	21.5	9.88	7.4	6.43	7.1	8.25	8.67	7.44	13.67	8.88	7.14	7.43	14.17	10.8	7.9	9	8.5	12.75	11.14	9.9	11.44	11.22	7.75	8.8	11.62	7.5	11.44	12.4	8.38	9	7.43	60	12.4	7.62
PF0488-C	12	9.25	5.89	15.75	4.38	7.75	9	10.25	6.91	8.33	6.58	8.25	10.25	11.33	10.33	6.6	9.33	7	12.5	7.88	7.88	5.17	7.67	7.75	4.18	10.6	5.8	14.5	4.73	6.5	9.14	15.5	8.29	NA	13.5	16	20.5	7.88	Inf	12	6.2	7.75	7.89	8	7.7	6.92	11.57	7.91	8.88	9.2	10.1	9	10.43	10.17	6.08	7.44	8	8.33	8.27	9.57	11.29	5.85	7.7	7.7	5.6	11.43	16.25	11.67	11.4	4.17	8.33	6.71	5.8	6.75	22	12.8	10.33	6.75	7.38	6.25	6.89	10	10.29	8.5	8.71	8.33	8.67	9.75	10.5	9.57	10.71	7.8	10.75	10.5	9.4	5.78	9	43	12.5	9.4
PF0510-C	17.25	16	6.57	15	4.45	10	9	13.33	7.67	9.71	7	10	11.5	13.75	14.5	4.2	21	9.33	12	9.83	9.17	4.58	5.83	7.5	5.11	14.25	5.67	Inf	4.33	7.2	7.88	8	10.2	13.5	NA	Inf	30	8.5	NA	20	6.67	12	7	9.86	8.5	6.17	17.2	7.09	9.12	8.1	11.62	11.5	8.88	13	6.09	9.29	7.27	8	7.55	12.4	11.71	6.27	9.25	9	5.3	15.2	18	11.67	11.6	6	8.17	8.8	8	5.75	20	12	11.5	8	9.5	10	5.89	16.5	14.4	14.5	11	10	10.71	12.5	8.62	11.2	14	7	12.83	7	14.33	6.14	10.5	Inf	15.33	7.8
PF0511-C	16.75	11.33	5.43	15.25	4.64	12	8.5	12.5	7.44	9.71	7.5	10	11	13.75	14	5	22	7.33	12.5	10.67	8.43	4.67	7.33	9	5.11	17	6.67	Inf	5.18	8.5	7.86	9	10	16	Inf	NA	27	8.83	NA	23	7	12.5	6.78	10.14	9	5.92	17.2	7	9.38	7.7	11.62	11.5	10.14	12	7	9.29	7.09	7.67	7.18	13	11.86	6.64	9.25	9.62	5.3	15	18	11	12.2	5	7.83	8.8	7.33	5.88	21	10.6	21	10	8.67	10	6.22	14.5	14	12	11.2	10	10.71	12	9	11.6	13.4	6.9	12.5	8.5	13	6.71	12.5	Inf	13.67	9
PF0557-Cx	14.2	10.25	6.57	13.8	4.91	7.67	13.5	10.86	7.56	8.25	6.2	8.14	9.43	9.8	12	5.2	12	8.75	10.57	8.71	10.17	4.67	9	7.67	5.89	11.2	9	24	4.46	6.83	7.22	13.5	11	20.5	30	27	NA	8.83	NA	15	6.25	16	6.3	8.62	7.67	5.5	15.8	7	7.44	7.6	11.25	9.43	7.33	10.75	5.33	9.29	6.82	7.44	7.09	9.67	10.71	5.92	8.38	8.33	5.5	14.2	19.67	9.57	10.6	5	10	8.6	7.25	6	21	9	7	6	9.5	8.33	5.8	14.5	18.25	8.33	10.8	9.71	10	11.67	7.22	11.8	10.67	6.27	10.43	9.75	14.67	7	8	Inf	14.67	7.83
PF0599-C	11.43	5.2	8.86	8	4.27	6.33	5.78	8.08	6.85	10.11	7.25	7	8.8	8.33	11.14	5.67	7.38	10.8	8.7	13.5	8.44	7.5	5.82	9	5.45	6.6	5.7	8.83	6	5.2	6.91	9.33	7.78	7.88	8.5	8.83	8.83	NA	Inf	11.17	10.6	8	6.15	13	8.18	6.64	11	7.54	7.08	8.33	11.4	7	7.5	7.5	7.42	7.45	7.54	7.73	7.69	11.86	7.46	7	7.83	8.36	6.64	9.56	19.25	7.9	6.27	6.22	6.27	6	5.88	5.36	8	7.67	6.88	6.22	9.22	7.25	6.55	5.11	9.78	7.71	7.5	10.22	10.78	11.75	6.54	7.09	9.33	6.29	9.3	6.75	7.78	5.64	7.71	32.5	15.25	9
PF0615-C	Inf	Inf	Inf	Inf	Inf	NA	NA	Inf	Inf	Inf	Inf	Inf	Inf	Inf	Inf	Inf	Inf	NA	Inf	Inf	Inf	Inf	NA	NA	Inf	Inf	NA	NA	Inf	Inf	Inf	NA	NA	Inf	NA	NA	NA	Inf	NA	Inf	NA	NA	Inf	Inf	Inf	Inf	Inf	Inf	Inf	Inf	Inf	Inf	Inf	Inf	Inf	Inf	Inf	Inf	Inf	Inf	Inf	Inf	Inf	Inf	Inf	Inf	Inf	Inf	Inf	Inf	Inf	Inf	Inf	Inf	Inf	Inf	NA	NA	Inf	Inf	NA	Inf	Inf	NA	NA	Inf	Inf	Inf	Inf	Inf	Inf	Inf	Inf	NA	NA	2	NA	NA	Inf	Inf
PF0693-C	35.5	18.67	8.71	21.5	6	10.25	10.25	13	9.89	11.71	8.4	11.83	10.88	10.5	22.67	12	13.67	11.25	14.33	17.5	8.88	6.25	8.14	20	8.71	16.25	8.4	20	6.6	8.67	10.25	11	12.8	12	20	23	15	11.17	Inf	NA	9.5	19.5	7	12.71	14	7.25	12.57	8.18	14.17	9.2	13.5	10.12	10.38	16.25	7.64	11.43	8.36	9.11	8.45	15	10	9.11	8.3	12	6.45	18.4	36.5	15.2	9.57	19	7.12	15.25	12.67	8.67	23.33	17.25	11	9.25	12.17	21.5	10.43	12.25	15.8	49	24.67	12.29	13	14.67	9.78	10.43	11.86	6.83	11	16.33	12.6	9.67	25.5	54	23.5	10.4
PF0753-C	11.6	7.4	7.67	9.14	4.89	12	5	14.4	13.6	16.25	11.33	14	33	16.67	14.5	5.25	10.5	13.5	9.43	60	18.33	8.33	4.88	7.5	7	10	21	6.67	6.71	10.67	11.2	3.8	10.6	6.2	6.67	7	6.25	10.6	NA	9.5	NA	13.5	9	13.4	11.33	7	37.5	14.6	11	14.6	30	12.6	16.25	12.25	13	12	12	9.71	12.17	20.33	9.38	13.2	13.4	16.75	10	23.67	13.75	12.2	12.5	12	10.75	6.5	6.5	9.4	12	13.5	13	9	8.4	7.33	7.5	9	14.5	6.2	7	23.33	14.6	17.75	10	17	33.5	17	24.33	7.2	14.33	8.33	13.5	Inf	13.67	9
PF0794-C	13.75	32	21.5	26.5	6.71	30	26	36	20	15.75	9.33	54	31.5	24.5	20	17	29	11	19	18	18.67	10	7.8	12.5	14.33	24.5	13.5	17	6.71	7.5	19.67	6.25	49	7.75	12	12.5	16	8	NA	19.5	13.5	NA	9.17	16.5	15.25	8.71	34	9	16	10.67	17	15.25	13.2	16	11.17	28.5	8.86	9	9	17.67	17.5	10.17	14.75	15	7.43	69	55	31	10.2	17	9.4	10	26	14.33	28	15.67	30	25	44	15	12.25	10	20	33	13.75	14.75	15.25	19.67	12.6	17.33	21	21.67	21.33	20	22.5	25.5	17	44	44	7.8
PH0247-C	7.15	8.11	7.56	10.11	5.36	6.56	8.62	8	7.75	9	9.29	7.67	10.8	9	6.23	6.78	8.12	6.4	7.77	8.27	8.82	5.93	8.89	7.22	7.18	5.85	6.2	6.89	7.08	6.08	8.36	6.44	8.09	7.89	7	6.78	6.3	6.15	Inf	7	9	9.17	NA	8.38	8	11	13	9.67	7.11	8.57	10.83	8	6.27	6.86	8.29	7.57	10.33	9.5	9.83	6.88	7.25	7.57	12	11.2	5.85	11.5	10.14	10.29	10.75	5.64	7.91	7.08	5.9	8.67	9.2	10.5	7.33	7.22	10.56	6.09	7.25	7.78	8.33	8	7.17	7	7.62	8.43	6.22	7.75	10	8.38	12.8	9.12	9.11	7.09	6.89	38	9.86	7.8
PH0356-C	10.22	9.5	11.14	10	5.5	9.29	11.67	10.25	7	19.5	10.29	8.33	11.17	12.4	11.25	7.62	12	14	10.18	13.14	11	7.31	10.75	13.8	10.38	7.73	8.62	9.57	10	8.89	8.64	9.71	11	8	9.86	10.14	8.62	13	Inf	12.71	13.4	16.5	8.38	NA	9.57	8.5	17	7	6.89	8.33	13.5	13	7.56	12.6	9	10.57	7.2	8.5	7.3	16.75	7.5	7.67	8.57	9.38	7.33	11.5	12.5	12.83	9.5	10.14	7.82	7.82	9.12	12.43	10.8	10.11	10.43	10.14	13.43	7.33	9.4	11.14	13.38	12.67	11.62	12.33	13	15.8	8.12	8.75	10.33	8	10	11.17	10.5	9.67	13.6	26.67	21.5	10
PH0469-CW	11.62	8.56	10.71	9.1	5.2	8.12	10.43	7.56	8.86	12.2	11.5	8.25	7.5	15.25	9.11	9.57	10.14	8.38	8.67	15.33	9.3	6.93	8.09	12.17	10.86	7.6	7.78	9	9.3	7.4	9.4	6.6	9.56	7.7	8.5	9	7.67	8.18	Inf	14	11.33	15.25	8	9.57	NA	7.38	10.71	8.14	12.17	7.75	15.75	6.8	8.88	14.5	8.12	9.83	8.29	18.67	8.43	20	9.86	7.6	9	15.67	6.46	15.4	13.6	10.71	10	11.67	6.62	8.5	10	12.33	10.44	11.25	9	8.62	11.5	9.38	10.22	6.9	11.22	10.86	11.11	12	13.2	15.25	7.11	6.89	13.4	5.83	10.83	12.17	9.56	7.5	11.17	25.33	14.4	9.22
PH0470-C	6.21	6.38	6.25	8.17	4.76	5.5	6.25	9	6.82	8.71	8	5.83	8.62	7.25	5.67	6.27	6.18	6.45	6.5	7.92	6.93	5.56	8.27	7.3	6.83	5.33	5.67	6.17	7.15	6.08	7.38	5.91	7.69	6.92	6.17	5.92	5.5	6.64	Inf	7.25	7	8.71	11	8.5	7.38	NA	10.12	12.33	6.7	10.5	12	6.5	6.45	6.88	8.5	7.88	13.33	9.29	12.33	7.56	7.56	7.75	7.75	8.86	5.8	8.56	8.11	8.56	8.64	6.08	6.21	5.88	5.46	8.9	7.62	8.8	6.45	5.58	8.17	5.43	7.31	6.17	8.31	7	7.08	8.5	8.11	10.29	6.27	6.36	7.67	6.5	8.75	9.62	6.54	6.31	6.7	25	10	7.82
PH0523-C	12.38	11.29	13.67	12.62	8	14.4	19.75	16.4	13	23	12.83	27.67	38	22.33	11.5	13.17	18.75	15	10.73	14.14	12.88	8	13.29	16	11.38	9.67	12.67	15.6	8.27	10.25	12	11.14	13.38	11.57	17.2	17.2	15.8	11	Inf	12.57	37.5	34	13	17	10.71	10.12	NA	11	12.33	13.5	14.17	22	10.5	17	15.8	20.67	11.43	8.38	9.88	16.25	9.5	9.43	17	15.75	8.82	40	25.67	12.83	12.5	11.14	10.1	11.56	12.33	12.57	13.12	16.5	15.2	15.2	16.83	10.71	11.56	17	13.25	13.83	11.67	14.8	15.6	19	10.86	25	19.75	9.5	25	13.67	14.5	11.12	15.4	Inf	27	11.75
PH0539-C	7.62	6.36	6.58	8	5.06	6.82	8.3	9.22	6.9	8	7.67	6.91	7.5	8.43	8	10.71	7.6	8.67	7	11.33	7.62	6.12	7.83	8.78	7.91	6.43	7.7	6.82	11.33	8.6	8.75	6.73	7.21	7.91	7.09	7	7	7.54	Inf	8.18	14.6	9	9.67	7	8.14	12.33	11	NA	7.67	5	10.2	6.9	9.12	8.43	10.29	10	5	11.83	0	9.12	8.38	6.5	7.78	11	6.71	9.88	11.57	12	12.75	10.12	8.55	7.69	6.5	9.56	8.83	10.33	8.1	6.91	7.62	7.45	8.25	7.64	9.33	7.17	7.31	12.17	9.38	10.71	7.1	7.89	12.67	7.7	10.71	10.62	8.55	6.21	8.67	85	16.2	9.3
PH0644-C	10.38	7.89	8.22	10.38	6.08	8.38	9.12	11.57	7.67	13.6	8.5	15.6	9	7.12	9.22	17	10	8.88	10.3	11.5	7.67	6.21	8.89	11.83	9.11	8.44	7.67	8.5	9	8.22	10.56	8.38	9	8.88	9.12	9.38	7.44	7.08	Inf	14.17	11	16	7.11	6.89	12.17	6.7	12.33	7.67	NA	8.88	8.3	7.5	24	8.83	6.2	9.43	8.22	9.57	7.89	13.6	10.29	7.89	6.3	10.71	6.46	11.8	23.67	14	9.56	12.5	7.55	8.4	10	13.83	13.86	21.25	10.29	8.75	9.9	8.5	9.33	7.5	11.33	10.86	9.33	8.11	8.67	9.5	9.71	14	7.67	5.67	9.12	17.75	8.56	8.33	10.5	36	38	9
PH0686-C	8.25	7.31	7.27	8.67	5.53	7.5	9.33	12	8.11	9.86	10.14	8.78	9.29	9.67	8.18	10.57	8.56	9.62	7.79	13	8.42	6.5	8.82	10	8.9	6.92	8.56	7.7	11.56	9.56	9.73	7.3	7.85	9.2	8.1	7.7	7.6	8.33	Inf	9.2	14.6	10.67	8.57	8.33	7.75	10.5	13.5	5	8.88	NA	9.8	6.6	10.86	10	12.33	9.67	15	10.57	11	10.29	10.29	6.29	7.3	9.2	7.23	11.57	11.71	12.43	14.71	10.25	9.4	8.33	7.18	11.12	10	12	9.11	7.8	8.67	8.5	9.09	8.6	10.36	7.91	7.46	13.8	10.43	12.17	8.11	8.44	15.8	10	13.17	10.62	9.2	6.62	9.88	Inf	20	10.22
PH0703-C	11.6	11	11.44	10.82	6.79	11.12	14.14	14	11.29	14	12	9.78	9.12	16	12.11	14.33	13.14	15	8.79	19.83	11.3	7.38	10.6	15.5	11.33	8.58	12.57	11.88	11.5	12.62	10.25	8.7	10.18	10.1	11.62	11.62	11.25	11.4	Inf	13.5	30	17	10.83	13.5	15.75	12	14.17	10.2	8.3	9.8	NA	8	9.25	17.75	15.8	8.62	13.5	13.8	12.75	16.6	8.67	13	11.14	22	8.08	12.43	12.86	15.5	16.57	15.33	11.3	10.6	9.89	12.38	11.09	11.7	11.62	11.62	12.89	11.75	10	14	13.56	12.62	11.1	25	16	18.75	8.5	10.38	26.33	11.86	14.5	12	12.11	9.45	14.67	97	18.8	12
PH0770-C	8.8	12	9.25	10.62	6.55	12.4	13.4	12.17	7.22	12.8	7	14.4	13	8.17	8.3	8	12.4	9.57	8	8.9	9	5.62	10	11.17	7.9	8.44	9.43	10.83	6.15	9.12	8.09	8.25	8.5	9	11.5	11.5	9.43	7	Inf	10.12	12.6	15.25	8	13	6.8	6.5	22	6.9	7.5	6.6	8	NA	6.67	8.33	7.62	9.83	6.36	4.82	6.36	6.57	8	6	10	8.25	6.58	12.4	13.4	11.5	9.22	8.5	8.9	7.45	9.57	8.2	10.78	12.14	13.6	11.17	11.25	8.62	6	11.83	10.89	12.33	9.22	7.56	8.88	8.62	7.75	13.8	7.86	6.78	11	10.14	14.33	10.75	11.17	34	17.5	7.09
PH0776-C	9.2	6.73	8.3	9.4	5.67	8.38	9.71	8.78	5	11.29	7.67	8.33	8.56	8.25	10.62	15.75	9.86	13.8	10	11.88	7.5	6.33	9.22	11.33	10.11	9.22	11.83	8.25	10.88	13	10.1	9.12	7.23	10.43	8.88	10.14	7.33	7.5	Inf	10.38	16.25	13.2	6.27	7.56	8.88	6.45	10.5	9.12	24	10.86	9.25	6.67	NA	12.2	7.62	7.22	9	8.71	8.33	15.75	12.83	7.7	6.82	9.75	6.69	8.44	15.4	15.2	12.71	13.4	11.5	8.2	9	10	14.29	12.86	12.17	8.75	8.25	8.88	8.27	9.5	11.33	8.33	9.3	10.86	8.56	11	17.75	12.67	10.83	9.5	7.3	12.67	12.29	8.6	12	79	25.67	10.88
PH0782-C	12.83	8.57	8.43	9.25	4.31	10.75	17	14.2	8.14	11.2	9.67	12.4	11.4	20.5	9.29	9	15	13.25	9	13.33	9.75	5.79	9.86	24	13.4	9.14	11.5	12	7.89	11.8	9.11	7.17	9.25	10.17	13	12	10.75	7.5	Inf	16.25	12.25	16	6.86	12.6	14.5	6.88	17	8.43	8.83	10	17.75	8.33	12.2	NA	8.17	7.29	8.57	10	8.57	15.67	12.8	8.14	6.75	12.8	5.82	11.6	20	11.6	14	12	10.71	7.33	9.8	10.83	11.43	12	15	12.25	9.25	8.67	8.33	8.17	17.8	11.8	10.71	20	20.67	29.5	7.86	11.4	18.33	6.11	15.25	15.5	16.5	9	21.5	Inf	18	9.86
PH0813-C	7.83	7	7.5	7.33	7.6	5.45	6.8	9.33	6.5	14	13.6	7.78	10.33	9	7.18	6.89	6.8	8.75	6.5	12.86	7.67	5.11	7.64	8.38	7.45	6	7.67	6.5	8.27	8.22	7.23	5.08	7.75	6.08	6.09	7	5.33	7.42	Inf	7.64	13	11.17	8.29	9	8.12	8.5	15.8	10.29	6.2	12.33	15.8	7.62	7.62	8.17	NA	7.38	10.14	7.43	10.29	9	6.45	12.17	11	14.8	5.64	8.5	9.38	11.14	9.44	8.38	7	6.42	6.5	7.7	7.38	8.6	7.78	6.9	11.88	7	6.38	8	8.75	8.56	8.18	11.67	8.88	10	9.14	8.12	12.4	8.75	11.17	7.2	7.9	8.1	8	73	12.33	7.55
PH0821-C	10.44	9.25	15	10.11	5.58	8.29	10.83	12	11	12.6	9.29	24.33	25	12.75	8.56	10.17	10.17	7.88	9.27	12.86	9.89	7.62	7.64	9.29	9.88	9.38	8	9	10	8.78	12	6.78	13.71	7.44	9.29	9.29	9.29	7.45	Inf	11.43	12	28.5	7.57	10.57	9.83	7.88	20.67	10	9.43	9.67	8.62	9.83	7.22	7.29	7.38	NA	8.86	6	8.86	10.67	10.57	7.86	11.17	12.75	6.08	34.5	17.25	10	8.8	8.57	6.62	8.1	10.83	10.29	11.88	14.33	10.67	9.14	12.71	9.43	8.5	8.22	9.7	10	8.5	8.14	8.43	9.5	6.5	13	13	7.44	17	12.33	9.62	7.6	8.71	71	22	9.22
PH0838-C	7.54	6.43	6.58	8.15	5.06	6.73	8.3	10.62	7.1	8.38	10	7.9	7	9	7.33	9.12	7.6	8.56	7.2	11.44	7.21	6.18	7.75	8.78	8	6.43	7.6	6.91	10.2	8.7	8.83	6.55	7.14	8	7.27	7.09	6.82	7.54	Inf	8.36	12	8.86	10.33	7.2	8.29	13.33	11.43	5	8.22	15	13.5	6.36	9	8.57	10.14	8.86	NA	12	Inf	8.75	9	7	7.89	12.25	6.71	10	9.88	10.62	12.75	9	9.9	7.69	6.42	9.89	9.17	10.44	8.1	7.09	7.85	7.55	8.25	7.64	9.5	7.08	6.86	12.17	9.5	10.71	7.1	7.3	13	8.44	11	9.22	8.55	6.21	8.44	83	15.8	9.1
PH0844-C	7.82	6.42	7.6	8.09	5.2	7	8.38	6.5	5.8	9.5	8.29	6.27	7.62	10.6	6.83	8	8.12	7.44	8.08	10	8	6.27	8.5	9.43	8.1	6.38	6.4	7.22	8.45	7.2	8.82	7.44	7.58	8.33	8	7.67	7.44	7.73	Inf	9.11	9.71	9	9.5	8.5	18.67	9.29	8.38	11.83	9.57	10.57	13.8	4.82	8.71	10	7.43	6	12	NA	12.33	14.25	11.83	7.62	9.43	10.83	6.67	7.5	9.57	7.75	11.5	8.11	7.17	6.38	8.88	11.14	10.2	9.89	7.78	7.44	10.78	6.27	8.6	6.45	10.2	7.6	7.75	9.33	10.33	12	10.17	6	9.33	5.91	10	10.57	8.2	7.45	9.43	37.5	11.14	10.75
PH0851-C	7.69	6.64	6.67	8.23	5.31	7	8.6	10.5	7.4	8.12	8	7.36	7	8.86	7.5	9.38	7.9	8.67	7.2	11.44	7.85	6.12	8.08	9.11	8.09	6.2	7.9	7.18	9.55	8.09	8.23	6.82	7.36	8.27	7.55	7.18	7.09	7.69	Inf	8.45	12.17	9	9.83	7.3	8.43	12.33	9.88	0	7.89	11	12.75	6.36	8.33	8.57	10.29	8.86	Inf	12.33	NA	9	8.75	6.83	7.89	11.75	6.86	10.25	10.12	10.75	13.12	9.33	8.08	7.92	6.75	9.78	9.25	10.67	7.64	7.36	8.08	7.82	8.5	7.73	9.42	7.33	7	12.5	9.75	11	7.3	7.4	13	7.8	11.14	9.67	8.64	6.21	8.89	85	16.4	9.4
PH0919-C	11.86	9	11.33	9.56	5.5	11	12.2	12.33	8.12	30	12.4	9.43	11.6	18.67	9.88	9.33	14	12.4	9.18	16	12.71	6.46	9.5	21	13.33	9.5	10	12	10.38	11.83	11.62	8.71	9.75	9.57	12.4	13	9.67	11.86	Inf	15	20.33	17.67	6.88	16.75	20	7.56	16.25	9.12	13.6	10.29	16.6	6.57	15.75	15.67	9	10.67	8.75	14.25	9	NA	11.33	8.12	9.29	11.17	7.4	17.25	15.25	10.67	10.62	12.8	8.9	9.11	10.5	16	11.62	12.29	15.5	12.8	13.43	9.14	11	9.86	16.5	11.83	11.62	15.75	16.75	21.33	10.83	10.83	15	6.67	14.4	13.4	12.67	8.67	20	71	17	12.67
PH0986-C	9.55	9	8.3	11.22	5.31	10.29	11.14	9.44	7.7	8	8.22	9.22	7.67	12.4	8.64	10.86	13.5	10.38	10.27	8.82	9.91	6.93	10.67	11.29	7.58	9.7	9.62	10.86	7.83	9.11	10.5	11.29	8.75	11.29	11.71	11.86	10.71	7.46	Inf	10	9.38	17.5	7.25	7.5	9.86	7.56	9.5	8.38	10.29	10.29	8.67	8	12.83	12.8	6.45	10.57	9	11.83	8.75	11.33	NA	5.75	6.91	7.11	7.23	9.88	12.67	10.86	16.83	8.78	9.3	8.42	9.75	10.22	14.25	12.25	12.83	11	9.27	8.89	8.83	9.22	11.4	9.44	8.92	11.83	12.5	14.2	13.6	9.75	11.5	7	12.29	13.67	12	7.92	10.86	42.5	18.2	9.4
PH0991-C	8.36	8	7.6	7.58	5.69	5.73	7	7.5	10.33	8	8.38	11.33	6.44	8.71	8.4	8.5	6.6	8.75	6.6	13.43	7.08	5.94	6.77	7.67	7.8	6.75	6.7	6.45	9.2	7.7	7.75	5.08	8.33	5.85	6.27	6.64	5.92	7	Inf	9.11	13.2	10.17	7.57	7.67	7.6	7.75	9.43	6.5	7.89	6.29	13	6	7.7	8.14	12.17	7.86	7	7.62	6.83	8.12	5.75	NA	8.5	12.5	5.44	12.17	9.57	10.86	9.2	10	6.77	8	7.1	8.56	8.33	10.44	7.2	6.27	9	8.22	7.83	7.6	8.5	8.67	8.64	11.67	9.12	10.29	6.36	6.4	11.83	5.67	14.2	8.11	7.17	6.42	7.56	39.5	15.4	7.08
PH1000-C	8	8.78	9.62	9.5	8.1	8.62	10.86	11	8.44	15.2	8.62	9.62	18.75	9.67	8.18	8	10	7.78	7.64	10.1	9.5	6.33	9.67	9.12	7.82	7.55	7.89	9	6.62	9.22	8.45	6.8	10	7.7	9.25	9.25	8.38	7.83	Inf	8.3	13.4	14.75	12	8.57	9	7.75	17	7.78	6.3	7.3	11.14	10	6.82	6.75	11	11.17	7.89	9.43	7.89	9.29	6.91	8.5	NA	13.8	6.36	14.2	12	11.43	8.64	8.22	6.85	7.31	10.29	9	9.27	10.33	10.43	9	15.5	7.4	6.92	9.62	10.09	9.75	8.36	9	8.22	9.25	9.38	9.43	11.83	8.33	13.17	9.88	11.5	9.44	9	37	12.67	7.73
PH1136-C	10.22	10	11.43	10.56	7.5	8.5	10.71	9.62	12.8	10	9.57	16.6	11.6	15.5	12.86	11.5	9.86	10.71	9	18.8	9.8	7.21	7.25	10.14	11.29	9.33	10.43	9.5	11.38	9.5	10.89	7	11.33	7.7	9	9.62	8.33	8.36	Inf	12	16.75	15	11.2	9.38	15.67	8.86	15.75	11	10.71	9.2	22	8.25	9.75	12.8	14.8	12.75	12.25	10.83	11.75	11.17	7.11	12.5	13.8	NA	7	24	14	13.17	13.57	14.8	8.8	10.11	10.71	11.57	11.44	13.57	10.71	10	11.38	13.17	9.6	9.75	10.4	10.12	9.7	17.25	11.67	14	7.1	9.86	23.33	7.33	18	10.14	11.25	8	10.14	40	20	8.6
PM0071-C	6.15	4.54	4.62	6.42	3.3	4.7	6.38	6.79	5.93	6.5	6.21	5.29	7.42	7.5	4.71	6	6.56	4.73	6.43	8.78	6.5	5.79	5.07	5.89	4.36	4.57	4.64	4.9	4.6	4.38	6.58	5	5.54	5.6	5.3	5.3	5.5	6.64	Inf	6.45	10	7.43	5.85	7.33	6.46	5.8	8.82	6.71	6.46	7.23	8.08	6.58	6.69	5.82	5.64	6.08	6.71	6.67	6.86	7.4	7.23	5.44	6.36	7	NA	8.09	10	8.2	6.45	4.45	5.77	3.73	4.82	5.64	7.82	8.78	5.3	5.3	7	4.83	5.29	4.58	7.5	4.75	5.93	7.42	7.67	8.36	6.07	6.08	6.91	6.31	7.75	6	5.82	4.85	5.89	69	9.14	6
PR0117-C	13.57	16	20	13	7.9	14	18.75	17	18.5	16.75	10.14	27.33	25.67	19.33	12.29	13.4	18.5	12.5	12.33	19	13.57	8.45	9.33	14.6	13.17	12.14	12.5	14.2	9.22	10	14	10.14	16.67	11.43	15.2	15	14.2	9.56	Inf	18.4	23.67	69	11.5	11.5	15.4	8.56	40	9.88	11.8	11.57	12.43	12.4	8.44	11.6	8.5	34.5	10	7.5	10.25	17.25	9.88	12.17	14.2	24	8.09	NA	31.5	14.2	12	15.8	8.18	11	18.75	17.2	16.17	22.75	14.8	14.6	20.2	15.2	11.25	11	13.12	15.6	11.38	12.17	12.67	14.6	7.89	17.5	16	8.11	26.67	19	14.33	10.5	14.2	70	38.5	11.25
PR0123-C	26	15	34	25.67	10.57	19.33	28	18.5	11	14.4	9.12	34	17.5	12.75	20.25	19.33	27	13.75	18	27	15.6	13	11.33	27.5	13.2	18	18.67	19.33	10.29	11.4	16	12.75	21.5	16.25	18	18	19.67	19.25	Inf	36.5	13.75	55	10.14	12.5	13.6	8.11	25.67	11.57	23.67	11.71	12.86	13.4	15.4	20	9.38	17.25	9.88	9.57	10.12	15.25	12.67	9.57	12	14	10	31.5	NA	22.33	16.6	28.5	18.75	12.5	29.5	17.5	27.67	77	29	27.5	19.5	20.67	13.67	12	30	21.33	17.4	11.33	11.67	13.8	10	16.5	14.4	9.38	15.6	33	23.67	18	27	34	36	12.17
PR0155-C	11.43	13.6	10.5	21.5	8.33	12.6	12	8.88	7.78	11.17	9	12.17	12.33	9.17	13.67	32	12.8	13.2	15.14	21.75	9.2	7.91	12.17	12.8	10.86	11.29	12.4	10.5	11.71	9.71	12	10.33	9.88	11.67	11.67	11	9.57	7.9	Inf	15.2	12.2	31	10.29	12.83	10.71	8.56	12.83	12	14	12.43	15.5	11.5	15.2	11.6	11.14	10	10.62	7.75	10.75	10.67	10.86	10.86	11.43	13.17	8.2	14.2	22.33	NA	17.4	23	13.17	11.29	13.4	14.8	22.75	20.75	10.67	10.67	14.83	16.25	12.86	16	11.38	17.75	14.5	13	9.75	11.29	19.25	9.43	15.2	20.25	9.38	24.67	12.83	12.5	13.4	37	37	10.86
PT0042-C	9.56	9	6.5	12.86	5	10.8	13.5	11.22	9.6	8.6	7.91	9.44	10.22	15.8	10.71	11	13.75	14.5	10.44	11.71	9.22	6.62	8.44	11.6	6.33	7.67	14	11.8	6.45	11.17	9.33	11.6	7.4	11.4	11.6	12.2	10.6	6.27	Inf	9.57	12.5	10.2	10.75	9.5	10	8.64	12.5	12.75	9.56	14.71	16.57	9.22	12.71	14	9.44	8.8	12.75	11.5	13.12	10.62	16.83	9.2	8.64	13.57	6.45	12	16.6	17.4	NA	10.4	10.83	8.12	8.67	7.56	14.67	13.17	11.4	11.2	9.11	11.6	6.17	11	11	8.86	8.1	15.5	12.5	13.86	13.14	10.25	21.25	10.11	13.43	12.6	12.17	6.3	11.8	Inf	14	8.38
PT0067-C	16.75	8.75	6	10.83	4.55	5	7.33	11	7.44	9.71	8.22	9.5	8.75	9	17.67	12	5.67	13.5	9.5	31.5	7.75	4.92	5.33	10	7.14	9.2	5.67	4.5	7.29	12.33	8	3.67	6.43	4.17	6	5	5	6.22	Inf	19	12	17	5.64	10.14	11.67	6.08	11.14	10.12	12.5	10.25	15.33	8.5	13.4	12	8.38	8.57	9	8.11	9.33	12.8	8.78	10	8.22	14.8	4.45	15.8	28.5	23	10.4	NA	6.71	9.5	7.67	7.83	12.4	14.25	5	4.5	8	9.5	6.67	8.25	13	8.33	11.4	13.4	10.14	11.5	10.14	8.71	13.4	8.11	9.25	11.67	8.4	7.33	11	42	38	6.29
PT0087-C	8.78	7.62	4.54	11.57	4.71	6.88	6.86	7.92	6.57	7.82	5.62	7.27	7.67	7	15.4	8.4	7.14	10.2	8.9	8.33	6.91	4.88	7.11	5.75	5.08	7.56	8.17	9.4	5.08	7.29	8.2	9.8	7.1	8.33	8.17	7.83	10	6.27	Inf	7.12	10.75	9.4	7.91	7.82	6.62	6.21	10.1	8.55	7.55	9.4	11.3	8.9	11.5	10.71	7	6.62	9.9	7.17	8.08	8.9	9.3	6.77	6.85	8.8	5.77	8.18	18.75	13.17	10.83	6.71	NA	7.12	5.88	5.42	13.67	10.14	6	5.25	6	7.83	5.77	10	8	8.83	8.75	9.56	7.75	7.58	10	7.18	12.43	10.11	8.17	8.43	11.33	6.1	6.75	58	21	6.22
PT0102-C	14.33	9.17	6.7	11.29	5.5	5.38	6.17	7.5	8.7	7.82	6.43	9.5	8	7.67	13.6	6.17	6.83	7.17	10.11	12	6.36	4.8	5.45	6.5	5.82	9.29	6.83	8.4	5.67	6.75	8.67	6.14	8.25	6.71	8.8	8.8	8.6	6	Inf	15.25	6.5	10	7.08	7.82	8.5	5.88	11.56	7.69	8.4	8.33	10.6	7.45	8.2	7.33	6.42	8.1	7.69	6.38	7.92	9.11	8.42	8	7.31	10.11	3.73	11	12.5	11.29	8.12	9.5	7.12	NA	8	7.25	13.17	8.88	6.57	5.71	8.44	13	6	7	8.4	9.4	9.43	10.22	8.82	9.6	7.82	7.7	9.88	6.62	8.82	7.29	7.75	6.7	7.67	17.33	12	5.67
PT0111-C	12	9.5	8.8	12.8	5.1	7	8.67	11	8.25	8.25	6.55	12.2	9.71	10.6	11.4	6.25	12	7.5	9.57	11.4	7.43	5.7	4.78	8	6.25	13.25	7	8	5.6	8.25	10.33	5.2	8.67	5.8	8	7.33	7.25	5.88	Inf	12.67	6.5	26	5.9	9.12	10	5.46	12.33	6.5	10	7.18	9.89	9.57	9	9.8	6.5	10.83	6.42	8.88	6.75	10.5	9.75	7.1	10.29	10.71	4.82	18.75	29.5	13.4	8.67	7.67	5.88	8	NA	6	13.25	13.25	11.5	6.67	25	7.67	6	5.8	13	8	9.17	8.75	9.5	10.43	9.71	9.33	10.67	6.82	10.71	12	11.5	10.75	9.33	44	21	5.62
PT0129-C	10	6.25	7.71	9.25	4.27	6.25	7	10.11	9.11	12	9.67	8.62	10	11.83	7.44	9.2	7.29	5.75	8.6	12	7	6.17	7.56	8.5	8.86	6.5	6	5.88	7.88	5.8	10	6.5	7.44	6.75	5.75	5.88	6	5.36	Inf	8.67	9.4	14.33	8.67	12.43	12.33	8.9	12.57	9.56	13.83	11.12	12.38	8.2	10	10.83	7.7	10.29	9.89	11.14	9.78	16	10.22	8.56	9	11.57	5.64	17.2	17.5	14.8	7.56	7.83	5.42	7.25	6	NA	9.57	11.33	5.88	5.62	8.12	6.38	11.83	4.6	8.89	7.29	7.56	12.71	13.14	15.33	9.11	7.89	11.43	8.78	11.12	12	7.33	5.8	8.67	27.5	16.67	8.14
PT0178-C	17.8	24	9.38	31	7.25	12.4	13.4	11.56	9.8	9.1	8.33	12	12	11.86	17.4	22	15.25	10.5	36	12.29	9.11	7.82	10.86	11.8	7.3	40	10.67	20.67	8.5	10.43	14.83	22.33	13.67	22	20	21	21	8	Inf	23.33	12	28	9.2	10.8	10.44	7.62	13.12	8.83	13.86	10	11.09	10.78	14.29	11.43	7.38	11.88	9.17	10.2	9.25	11.62	14.25	8.33	9.27	11.44	7.82	16.17	27.67	22.75	14.67	12.4	13.67	13.17	13.25	9.57	NA	20.25	15.75	11	13.43	21.67	11.25	13.4	12	21	15	9.9	10.3	11.56	10.56	10.25	11.75	10.3	11.44	22.67	12.5	10	13	67	31	20
PT0187-Cx	14.33	13.6	8	17.2	6.17	11.6	13	14.14	11.12	12.43	10.11	16.8	13	10.86	10.71	19	15.25	9.83	13.86	21.75	9.11	9	8.56	14	8	12.17	10.17	11.2	9.33	9	14.5	11.2	8.88	12.8	12	10.6	9	7.67	Inf	17.25	13.5	15.67	10.5	10.11	11.25	8.8	16.5	10.33	21.25	12	11.7	12.14	12.86	12	8.6	14.33	10.44	9.89	10.67	12.29	12.25	10.44	10.33	13.57	8.78	22.75	77	20.75	13.17	14.25	10.14	8.88	13.25	11.33	20.25	NA	14.5	10.6	12.29	12.2	8.78	8	13.43	11.4	10.86	10.56	11	12.25	9.89	14.17	11.12	9.5	13.86	21.67	11.5	10.43	14.5	61	59	8.86
PT0190-Cx	10.5	7.2	7.33	11.17	4.33	9	10	12.5	7.44	9.86	8.22	9.83	11.83	13.5	11	5.6	17	14.5	9.75	10.83	10	5.33	5.38	9	6.75	14.25	8	9	5.2	12.33	11.5	5.5	7.14	10.33	11.5	21	7	6.88	NA	11	13	30	7.33	10.43	9	6.45	15.2	8.1	10.29	9.11	11.62	13.6	12.17	15	7.78	10.67	8.1	7.78	7.64	15.5	12.83	7.2	10.43	10.71	5.3	14.8	29	10.67	11.4	5	6	6.57	11.5	5.88	15.75	14.5	NA	7.5	8.83	3.25	5.36	8.5	14.2	7.25	9.5	9.71	10.29	14.2	9.71	15	16.5	7.56	12.83	8.5	22	7.14	7.5	Inf	20.5	6.86
PT0193-C	10.67	7.4	5.86	11	3.77	8	8	12.17	7.11	9.43	7	9.83	11.67	12.25	8.83	6.25	15	11.5	9.12	9.67	9.17	4.83	5.38	4	5	9	5.67	9	4.42	6.6	7.88	4.25	7.43	6.75	8	10	6	6.22	NA	9.25	9	25	7.22	10.14	8.62	5.58	15.2	6.91	8.75	7.8	11.62	11.17	8.75	12.25	6.9	9.14	7.09	7.44	7.36	12.8	11	6.27	9	10	5.3	14.6	27.5	10.67	11.2	4.5	5.25	5.71	6.67	5.62	11	10.6	7.5	NA	8.33	4.5	5	7.75	13.2	5.25	7.71	9.29	10	12	8.75	11.2	13.2	7.1	12.5	7.25	12.67	6.14	9	Inf	20	5.43
PT0204-C	12.86	11.6	19.25	14.33	6.73	8.83	9.8	10.8	10.78	14	9.5	10.88	14.14	13.67	11.25	8	10.2	8.83	9.2	14.5	14.33	9	7	8.33	7.67	9	7.29	8.83	6.91	7.75	12.14	6.38	14.17	7.38	9.5	8.67	9.5	9.22	Inf	12.17	8.4	44	10.56	13.43	11.5	8.17	16.83	7.62	9.9	8.67	12.89	11.25	8.25	9.25	11.88	12.71	7.85	10.78	8.08	13.43	9.27	9	15.5	11.38	7	20.2	19.5	14.83	9.11	8	6	8.44	25	8.12	13.43	12.29	8.83	8.33	NA	8.33	7.55	9.17	11.71	13.25	11.43	10.56	12.38	12.25	12.25	9.67	13.71	10.2	12.5	12.8	10.86	15	9.33	31	16.5	8
PT0205-Cx	16.25	11.33	6.86	15.75	5.78	4.5	4.5	9.62	7.33	8.11	5.92	11.17	9.12	9.33	30	6.67	6	10.67	13	15.25	6.56	5.33	5.38	4.25	5.89	14.5	5.67	9.5	5.3	7.2	8.75	5.5	10.8	6.25	10	10	8.33	7.25	Inf	21.5	7.33	15	6.09	7.33	9.38	5.43	10.71	7.45	8.5	8.5	11.75	8.62	8.88	8.67	7	9.43	7.55	6.27	7.82	9.14	8.89	8.22	7.4	13.17	4.83	15.2	20.67	16.25	11.6	9.5	7.83	13	7.67	6.38	21.67	12.2	3.25	4.5	8.33	NA	6.67	16.5	9.71	12.5	11.8	10	8.11	9	8.88	9.14	13.4	7.4	9.38	8.25	7.6	7.29	4.75	41	22.5	6.14
PT0222-Cx	10	7	7.1	9.89	4.87	5.27	5.5	8.42	7.42	8.4	7.08	8	8.55	9	8.6	10.17	5.9	5.36	9	10.22	6.08	5.27	7	6.33	7.2	7	4.83	6.56	7.09	5.38	8.18	6.11	7.9	6.89	5.89	6.22	5.8	6.55	NA	10.43	7.5	12.25	7.25	9.4	10.22	7.31	11.56	8.25	9.33	9.09	10	6	8.27	8.33	6.38	8.5	8.25	8.6	8.5	11	8.83	7.83	6.92	9.6	5.29	11.25	13.67	12.86	6.17	6.67	5.77	6	6	11.83	11.25	8.78	5.36	5	7.55	6.67	NA	5.64	8	7.38	7.3	9.8	10.3	11.22	7.58	7.08	8.5	7.25	9.09	9	6.58	6.17	6.89	63	11.33	9.38
PT0228-Cx	10.83	11.67	5.62	16.5	5.56	8	7.25	9.38	6.73	10.29	7.7	9.43	11.83	9.83	13.75	6.2	10.33	10.33	9.12	10.33	7.75	4.29	8.17	7.75	4.27	8.67	10.33	16	4.5	6.4	6	7.5	9	10	16.5	14.5	14.5	5.11	Inf	12.25	9	10	7.78	11.14	6.9	6.17	17	7.64	7.5	8.6	14	11.83	9.5	8.17	8	8.22	7.64	6.45	7.73	9.86	9.22	7.6	9.62	9.75	4.58	11	12	16	11	8.25	10	7	5.8	4.6	13.4	8	8.5	7.75	9.17	16.5	5.64	NA	9.71	17	12.8	11.29	9.22	10.12	12.17	9.14	14.4	9.38	9.12	7.17	9.4	6.86	9	44	10.75	6.57
PT0258-C	14.83	11.43	10.5	10	5.31	14	17.5	13.88	9	12.88	10.3	11.22	11.89	13	11.38	8.86	17.25	21.33	9.73	13.29	12.86	7.31	8.5	23	8.4	8.67	12.17	14.6	7.25	10.57	9.8	10.29	8.5	10.29	14.4	14	18.25	9.78	Inf	15.8	14.5	20	8.33	13.38	11.22	8.31	13.25	9.33	11.33	10.36	13.56	10.89	11.33	17.8	8.75	9.7	9.5	10.2	9.42	16.5	11.4	8.5	10.09	10.4	7.5	13.12	30	11.38	11	13	8	8.4	13	8.89	12	13.43	14.2	13.2	11.71	9.71	8	9.71	NA	11.5	11.62	13.38	14.38	16	10.3	11.5	12.62	9.08	12	14.2	13.33	8.78	23.33	64	26.33	9.5
PT0279-Cx	24.67	39	7.83	34	6	6.75	6.75	9.88	8.11	12.33	8.22	10.67	10.71	10.33	15	6	8.33	5.8	13.17	12.2	7.38	5.17	9.67	7.67	6.25	12.75	5.6	15	5.55	5.43	8	7	12.75	8.5	14.5	12	8.33	7.71	NA	49	6.2	33	8	12.67	10.86	7	13.83	7.17	10.86	7.91	12.62	12.33	8.33	11.8	8.56	10	7.08	7.6	7.33	11.83	9.44	8.67	9.75	10.12	4.75	15.6	21.33	17.75	8.86	8.33	8.83	9.4	8	7.29	21	11.4	7.25	5.25	13.25	12.5	7.38	17	11.5	NA	29.5	10	10.75	12	9.75	9.29	9.86	7.7	10.62	9.75	8.8	11	10	19.5	15.67	7.83
PT0303-Cx	18.4	16.5	8.22	16.2	6.08	8.71	8.43	10.7	8.08	11.88	8.9	10.11	10.56	8.89	13	8.57	9.67	8.57	11.11	13.57	7.09	5.27	9.12	11.2	8.44	12.5	7.38	11.4	6.42	8.88	9.1	8	11.14	8.71	11	11.2	10.8	7.5	NA	24.67	7	13.75	7.17	11.62	11.11	7.08	11.67	7.31	9.33	7.46	11.1	9.22	9.3	10.71	8.18	8.5	6.86	7.75	7	11.62	8.92	8.64	8.36	9.7	5.93	11.38	17.4	14.5	8.1	11.4	8.75	9.43	9.17	7.56	15	10.86	9.5	7.71	11.43	11.8	7.3	12.8	11.62	29.5	NA	9.7	10.1	11.11	10.1	8.3	9.5	8.09	9.27	10.67	11	12.67	11.8	19.67	16.25	8.25
PV0262-C	10.44	8.1	10.12	9	6.07	9.43	10.43	8.75	9.38	11.83	10.71	9.62	12.83	19	10.5	11.33	12.33	13.8	8.38	20	11.11	6.73	8.2	13.8	10.12	7.55	11.5	9.57	10.22	12	9.18	7.22	9.9	8.33	10	10	9.71	10.22	Inf	12.29	23.33	14.75	7	12.33	12	8.5	14.8	12.17	8.11	13.8	25	7.56	10.86	20	11.67	8.14	12.17	9.33	12.5	15.75	11.83	11.67	9	17.25	7.42	12.17	11.33	13	15.5	13.4	9.56	10.22	8.75	12.71	9.9	10.56	9.71	9.29	10.56	10	9.8	11.29	13.38	10	9.7	NA	0.5	1	9.83	7.88	33	9	13.6	13	10.75	7.55	12.8	75	15.2	11.25
PV0320-C	11.11	8.5	10.38	9.45	5.5	10	12.83	11	11.14	12.67	11.14	10.12	11.29	20.33	8.9	8.75	13.33	10.14	9.08	14.71	11.44	7.13	8.3	14.4	10.62	8.09	8.88	11.67	8.73	8.44	9.55	8.5	11.44	8.67	10.71	10.71	10	10.78	Inf	13	14.6	15.25	7.62	13	13.2	8.11	15.6	9.38	8.67	10.43	16	8.88	8.56	20.67	8.88	8.43	9.5	10.33	9.75	16.75	12.5	9.12	8.22	11.67	7.67	12.67	11.67	9.75	12.5	10.14	7.75	8.82	9.5	13.14	10.3	11	10.29	10	12.38	8.11	10.3	9.22	14.38	10.75	10.1	0.5	NA	3	7.88	9.71	23	7.73	14	11.86	11	7.91	13.8	39	13	11.88
PV0322-C	12.25	9.33	11.57	10.1	5.8	11.33	14.8	10.57	11	14.6	12.67	11.43	15.2	30	9.78	10	15.2	11.83	9.42	16.83	12.88	7.43	9.11	18	12	9.78	10	11.67	10.56	10.71	11.67	8.5	11.22	9.75	12.5	12	11.67	11.75	Inf	14.67	17.75	19.67	8.43	15.8	15.25	10.29	19	10.71	9.5	12.17	18.75	8.62	11	29.5	10	9.5	10.71	12	11	21.33	14.2	10.29	9.25	14	8.36	14.6	13.8	11.29	13.86	11.5	7.58	9.6	10.43	15.33	11.56	12.25	14.2	12	12.25	9	11.22	10.12	16	12	11.11	1	3	NA	9	9.71	22.67	8.2	17.25	16.4	12.57	8.6	16.75	76	15.4	13.71
PV0331-Cx	8.36	8.22	8.5	12.5	7.18	8.38	9.25	7.6	4.92	11.5	8	8.44	7.44	6.38	9.2	11.33	10.86	10.14	9	10.89	8.73	5.75	10.5	10	8.27	7.64	10.29	8.38	9.3	11	8.82	8.62	7.75	10.5	8.62	9	7.22	6.54	Inf	9.78	10	12.6	6.22	8.12	7.11	6.27	10.86	7.1	9.71	8.11	8.5	7.75	17.75	7.86	9.14	6.5	7.1	10.17	7.3	10.83	13.6	6.36	9.38	7.1	6.07	7.89	10	19.25	13.14	10.14	10	7.82	9.71	9.11	10.56	9.89	9.71	8.75	12.25	8.88	7.58	12.17	10.3	9.75	10.1	9.83	7.88	9	NA	7.89	9.29	10.43	6.8	10	11.25	10.88	9.57	26.67	13.83	8.6
QC0194-C	9.22	8.75	8.38	8.89	5.67	10.4	11.4	14	7.88	8.83	7.78	16	17	10.4	8.44	9.33	14.5	9.33	8.82	9.44	10.11	5.73	8	11	7.8	9.12	9.83	11.6	7	10.14	8.6	7.71	8.8	9.57	11.2	11.6	11.8	7.09	Inf	10.43	17	17.33	7.75	8.75	6.89	6.36	25	7.89	14	8.44	10.38	13.8	12.67	11.4	8.12	13	7.3	6	7.4	10.83	9.75	6.4	9.43	9.86	6.08	17.5	16.5	9.43	10.25	8.71	7.18	7.7	9.33	7.89	10.25	14.17	15	11.2	9.67	9.14	7.08	9.14	11.5	9.29	8.3	7.88	9.71	9.71	7.89	NA	11.17	6.73	15.8	10.33	12	7.56	11.6	65	34.5	7.5
QE0423-C	10.11	9.38	12.5	10	6.42	11.8	17.25	10.86	11.33	11.5	10.14	10.43	17	60	12.57	12	17	18	9.55	16.8	13.57	7.46	9.56	13.6	10.62	9.75	16.75	13.6	11.75	15.4	11.75	9.57	11.62	10.71	14	13.4	10.67	9.33	Inf	11.86	33.5	21	10	10.33	13.4	7.67	19.75	12.67	7.67	15.8	26.33	7.86	10.83	18.33	12.4	13	13	9.33	13	15	11.5	11.83	11.83	23.33	6.91	16	14.4	15.2	21.25	13.4	12.43	9.88	10.67	11.43	11.75	11.12	16.5	13.2	13.71	13.4	8.5	14.4	12.62	9.86	9.5	33	23	22.67	9.29	11.17	NA	9.14	23.67	12	13.67	8.7	12.6	Inf	19.5	10.5
QE0426-C	7.31	8.44	7.8	9.5	5.5	7.56	7.1	7.2	7.5	7.89	7.4	6.67	8.5	8.25	8.27	11.83	7.56	9.12	8.15	11.11	8.17	6.12	9	7.3	8.4	6.15	7.89	7.67	9	8	10	6.9	7.5	7.8	7	6.9	6.27	6.29	Inf	6.83	17	21.67	8.38	8	5.83	6.5	9.5	7.7	5.67	10	11.86	6.78	9.5	6.11	8.75	7.44	8.44	5.91	7.8	6.67	7	5.67	8.33	7.33	6.31	8.11	9.38	20.25	10.11	8.11	10.11	6.62	6.82	8.78	10.3	9.5	7.56	7.1	10.2	7.4	7.25	9.38	9.08	7.7	8.09	9	7.73	8.2	10.43	6.73	9.14	NA	7.4	8.78	9.67	8.2	6.9	77	15	7.91
QE0440-C	9.5	9.22	11.86	10.3	7.58	11.67	12.83	14.33	23	15	13.17	19.25	18.5	32.5	9.3	9.12	15.6	12.17	9.42	12.62	13.62	7.36	9.2	12.5	10.33	8.6	10.71	13.33	8.42	8.89	9.9	8.75	11.44	10.75	12.83	12.5	10.43	9.3	Inf	11	24.33	21.33	12.8	10	10.83	8.75	25	10.71	9.12	13.17	14.5	11	7.3	15.25	11.17	17	11	10	11.14	14.4	12.29	14.2	13.17	18	7.75	26.67	15.6	9.38	13.43	9.25	8.17	8.82	10.71	11.12	11.44	13.86	12.83	12.5	12.5	9.38	9.09	9.12	12	10.62	9.27	13.6	14	17.25	6.8	15.8	23.67	7.4	NA	11.43	12.43	7.73	11.67	Inf	20.25	10.22
QG0194-C	12.6	7.8	10.6	15.25	4.64	7	8	11.71	8.88	10	7.4	14.2	12.17	13	12	10.33	12	8.5	13	13.2	10.14	6.78	7.29	10.33	9.83	9.67	12.33	8	7.12	6.29	9.5	13	12.4	10.5	7	8.5	9.75	6.75	NA	16.33	7.2	20	9.12	11.17	12.17	9.62	13.67	10.62	17.75	10.62	12	10.14	12.67	15.5	7.2	12.33	9.22	10.57	9.67	13.4	13.67	8.11	9.88	10.14	6	19	33	24.67	12.6	11.67	8.43	7.29	12	12	22.67	21.67	8.5	7.25	12.8	8.25	9	7.17	14.2	9.75	10.67	13	11.86	16.4	10	10.33	12	8.78	11.43	NA	9.6	9.17	12.33	25	26.5	9
QG0207-C	11.14	8.67	6.38	10.43	4.92	10.33	11.33	13.43	8.2	9.75	7.64	10.57	11.86	14.4	10.67	7.8	19.5	10	9.78	11.67	10.71	5.69	7.22	12.33	7.88	10.5	10	13.33	6	11	9.5	8.8	8.38	9.4	14.33	13	14.67	7.78	NA	12.6	14.33	22.5	9.11	10.5	9.56	6.54	14.5	8.55	8.56	9.2	12.11	14.33	12.29	16.5	7.9	9.62	8.55	8.2	8.64	12.67	12	7.17	11.5	11.25	5.82	14.33	23.67	12.83	12.17	8.4	11.33	7.75	11.5	7.33	12.5	11.5	22	12.67	10.86	7.6	6.58	9.4	13.33	8.8	11	10.75	11	12.57	11.25	12	13.67	9.67	12.43	9.6	NA	9.5	12.67	51	19.33	6.88
QG0239-C	9.12	10.8	6.22	10.29	5.64	7.17	8.33	8.09	6.83	8.67	7.55	8.62	9.44	8	8.38	7.14	8	5.88	8.3	12.17	6.55	5.46	5.91	7.67	6	7.12	7.14	7.29	4.64	6.33	6.82	5.11	9	5.78	6.14	6.71	7	5.64	2	9.67	8.33	25.5	7.09	9.67	7.5	6.31	11.12	6.21	8.33	6.62	9.45	10.75	8.6	9	8.1	7.6	6.21	7.45	6.21	8.67	7.92	6.42	9.44	8	4.85	10.5	18	12.5	6.3	7.33	6.1	6.7	10.75	5.8	10	10.43	7.14	6.14	15	7.29	6.17	6.86	8.78	11	12.67	7.55	7.91	8.6	10.88	7.56	8.7	8.2	7.73	9.17	9.5	NA	7.67	34.5	14.5	5.8
QG0284-C	16.5	8	6.71	10.5	3.92	9.5	11.5	14.4	7.11	13.6	8.5	9.83	11.17	12.75	10.8	6.75	20	15.5	9.62	15.25	9.83	5.42	6.29	Inf	7.43	9.17	6	11.5	5.7	10.25	9.12	4.25	7.43	9	10.5	12.5	8	7.71	NA	25.5	13.5	17	6.89	13.6	11.17	6.7	15.4	8.67	10.5	9.88	14.67	11.17	12	21.5	8	8.71	8.44	9.43	8.89	20	10.86	7.56	9	10.14	5.89	14.2	27	13.4	11.8	11	6.75	7.67	9.33	8.67	13	14.5	7.5	9	9.33	4.75	6.89	9	23.33	10	11.8	12.8	13.8	16.75	9.57	11.6	12.6	6.9	11.67	12.33	12.67	7.67	NA	Inf	23	8.4
SenT033.08	31	25	18.33	32.5	15.25	Inf	41	Inf	38	38	36.5	69	Inf	Inf	34.5	20.5	Inf	43	38.5	68	64	23.33	26.5	Inf	30.5	27.5	Inf	Inf	14.5	27	34	40	60	43	Inf	Inf	Inf	32.5	NA	54	Inf	44	38	26.67	25.33	25	Inf	85	36	Inf	97	34	79	Inf	73	71	83	37.5	85	71	42.5	39.5	37	40	69	70	34	37	Inf	42	58	17.33	44	27.5	67	61	Inf	Inf	31	41	63	44	64	19.5	19.67	75	39	76	26.67	65	Inf	77	Inf	25	51	34.5	Inf	NA	28.5	51
SenT114.09	22	17.67	12.25	25.33	7.12	20.5	21	42	18.25	15	10.57	65	26	15.75	28	22.5	18.5	42	79	36	17.5	23.33	10.17	21	15.25	19	22	14.67	20.33	13	18.25	20.5	12.4	12.5	15.33	13.67	14.67	15.25	Inf	23.5	13.67	44	9.86	21.5	14.4	10	27	16.2	38	20	18.8	17.5	25.67	18	12.33	22	15.8	11.14	16.4	17	18.2	15.4	12.67	20	9.14	38.5	36	37	14	38	21	12	21	16.67	31	59	20.5	20	16.5	22.5	11.33	10.75	26.33	15.67	16.25	15.2	13	15.4	13.83	34.5	19.5	15	20.25	26.5	19.33	14.5	23	28.5	NA	10.8
SenT137.09	10.14	6.88	7.12	9.71	3.73	6.57	5.71	9	6.92	10.88	7.64	7.09	9.33	9.29	8.25	5.83	7.67	6.43	11.43	8.86	9.43	5.85	10.5	8	7	12.2	5.12	8.4	5.64	5.56	8.89	8.2	7.62	9.4	7.8	9	7.83	9	Inf	10.4	9	7.8	7.8	10	9.22	7.82	11.75	9.3	9	10.22	12	7.09	10.88	9.86	7.55	9.22	9.1	10.75	9.4	12.67	9.4	7.08	7.73	8.6	6	11.25	12.17	10.86	8.38	6.29	6.22	5.67	5.62	8.14	20	8.86	6.86	5.43	8	6.14	9.38	6.57	9.5	7.83	8.25	11.25	11.88	13.71	8.6	7.5	10.5	7.91	10.22	9	6.88	5.8	8.4	51	10.8	NA
