PA0137-C	PA0153-C	PA0169-C	PA0200-C	PA0214-C	PA0239-C	PA0255-C	PD0490-C	PD0535-C	PD0540-C	PD0541-C	PD0589-C	PD0590-C	PD0592-C	PF0041-C	PF0048-C	PF0069-C	PF0089-C	PF0100-C	PF0107-C	PF0136-C	PF0206-C	PF0221-C	PF0223-C	PF0310-C	PF0347-C	PF0349-C	PF0357-C	PF0370-C	PF0383-C	PF0427-C	PF0433-C	PF0454-C	PF0488-C	PF0510-C	PF0511-C	PF0557-Cx	PF0599-C	PF0615-C	PF0693-C	PF0753-C	PF0794-C	PH0247-C	PH0356-C	PH0469-CW	PH0470-C	PH0523-C	PH0539-C	PH0644-C	PH0686-C	PH0703-C	PH0770-C	PH0776-C	PH0782-C	PH0813-C	PH0821-C	PH0838-C	PH0844-C	PH0851-C	PH0919-C	PH0986-C	PH0991-C	PH1000-C	PH1136-C	PM0071-C	PR0117-C	PR0123-C	PR0155-C	PT0042-C	PT0067-C	PT0087-C	PT0102-C	PT0111-C	PT0129-C	PT0178-C	PT0187-Cx	PT0190-Cx	PT0193-C	PT0204-C	PT0205-Cx	PT0222-Cx	PT0228-Cx	PT0258-C	PT0279-Cx	PT0303-Cx	PV0262-C	PV0320-C	PV0322-C	PV0331-Cx	QC0194-C	QE0423-C	QE0426-C	QE0440-C	QG0194-C	QG0207-C	QG0239-C	QG0284-C	SenT033.08	SenT114.09	SenT137.09
PA0137-C	NA	1.43	1.18	1.21	1.33	1.52	2.05	1.06	0.98	0.93	1.02	0.96	1.12	1.02	1.08	1.52	1.5	1.52	1.33	1.07	1.44	1.59	1.18	1.95	0.8	0.95	1.67	1.67	1.23	1.52	1.45	1.44	1.35	1.18	1.88	1.91	1.63	1.67	Inf	1.22	1.76	1.04	0.98	1.42	0.9	0.89	0.83	0.98	1.07	1.02	0.97	1.15	0.96	1.08	1.04	0.96	1	1.05	0.96	0.98	0.94	1.14	0.88	1.19	1	1.07	1	1.11	1.15	1.39	1.55	1.32	1.73	1.11	1.12	1.53	1.42	1.78	1.14	1.83	1.37	1.71	1.07	1.74	1.71	1	1	0.96	1.36	1.07	1.17	1.11	1.11	1.74	1.44	0.87	1.64	1.07	1	1.54
PA0153-C	1.43	NA	0.79	0.97	0.93	0.89	0.94	0.76	0.62	0.6	0.75	0.58	0.78	0.53	0.74	0.73	0.73	1	1.03	0.91	0.73	1	0.62	0.9	0.57	0.79	0.77	0.74	0.71	0.9	0.97	0.7	0.84	0.61	0.88	1.12	0.71	0.86	0	0.81	0.95	0.39	0.7	0.85	0.64	0.69	0.8	0.78	0.61	0.73	0.83	0.85	0.64	0.54	0.64	0.68	0.76	0.79	0.72	0.67	0.64	0.78	0.55	0.9	0.64	0.7	0.62	0.66	0.57	0.59	0.69	0.72	0.65	0.61	0.6	0.84	0.57	0.95	0.76	1.12	0.91	0.67	1	0.95	0.94	0.59	0.63	0.58	0.76	0.63	0.83	0.77	0.73	0.86	0.93	0.46	0.74	0.72	0.66	1.04
PA0169-C	1.18	0.79	NA	0.76	0.66	0.64	1.05	0.82	0.7	0.59	0.62	0.62	0.74	0.5	0.71	0.83	0.92	0.71	0.64	0.69	0.62	0.78	0.61	0.96	0.27	0.54	1.05	0.8	0.76	0.62	0.7	0.77	1	0.66	0.84	1	0.7	0.63	0	0.79	1	0.54	0.62	0.95	0.67	0.7	0.71	0.72	0.57	0.7	0.78	0.9	0.77	0.59	0.7	0.67	0.72	0.77	0.67	0.79	0.63	0.85	0.57	0.82	0.5	0.6	0.48	0.7	0.71	0.75	0.59	0.76	0.52	0.64	0.53	0.83	0.83	0.71	0.75	1	0.87	0.67	0.79	0.74	0.9	0.62	0.63	0.59	0.73	0.56	0.74	0.7	0.8	0.77	0.7	0.33	0.88	0.9	0.96	0.84
PA0200-C	1.21	0.97	0.76	NA	0.77	0.61	0.97	0.87	0.68	0.69	0.77	0.84	0.84	0.71	0.74	0.81	0.94	0.94	1.02	0.81	0.94	1.02	0.78	0.81	0.58	0.84	0.83	0.81	0.86	0.94	0.82	0.87	0.91	0.62	0.88	0.91	0.86	0.86	0	0.95	1.13	0.66	0.72	0.88	0.82	0.81	0.71	0.86	0.73	0.89	0.92	0.98	0.77	0.72	0.76	0.78	0.83	0.85	0.81	0.79	0.66	1.02	0.7	0.94	0.67	0.69	0.75	0.79	0.84	0.76	1.02	0.84	0.83	1.06	0.72	0.87	0.76	0.78	0.91	0.85	0.98	0.83	0.84	0.74	1.13	0.68	0.7	0.66	0.89	0.67	0.88	0.9	0.81	0.69	0.66	0.6	0.75	0.71	0.95	1.06
PA0214-C	1.33	0.93	0.66	0.77	NA	0.52	1	0.7	0.6	0.48	0.49	0.62	0.55	0.43	0.51	0.59	0.7	0.85	1	0.67	0.8	0.98	0.78	0.76	0.57	0.58	0.81	0.75	0.83	0.84	0.73	0.69	0.92	0.68	0.96	1.04	0.59	0.94	0	0.83	0.83	0.57	0.53	0.83	0.56	0.53	0.6	0.65	0.55	0.66	0.73	0.71	0.57	0.44	0.49	0.49	0.65	0.62	0.63	0.6	0.49	0.61	0.5	0.67	0.53	0.61	0.57	0.63	0.52	0.56	0.78	0.69	0.7	0.78	0.61	1	0.73	0.75	0.8	0.86	1.03	0.79	0.77	0.93	0.82	0.55	0.54	0.53	0.61	0.58	0.64	0.71	0.69	0.82	0.68	0.41	0.7	0.79	0.58	0.75
PA0239-C	1.52	0.89	0.64	0.61	0.52	NA	1.67	0.64	0.52	0.41	0.59	0.65	0.68	0.58	0.56	1	4.33	1.08	0.82	0.78	1.03	1.17	0.7	6	0.35	0.45	2.6	0.78	0.81	0.95	0.97	1.33	1.22	0.55	1.86	2.43	1.88	0.78	NA	1.28	1.67	0.67	0.55	0.81	0.59	0.74	0.67	0.74	0.52	0.79	0.78	0.82	0.68	0.54	0.5	0.57	0.76	0.7	0.71	0.72	0.47	0.75	0.53	0.7	0.42	0.63	0.66	0.57	0.64	1.22	0.9	0.87	1.33	0.72	0.77	1.07	2	4.33	0.96	5	0.87	1	0.84	1.7	1.03	0.61	0.67	0.58	0.81	0.49	0.69	0.7	0.84	0.75	0.94	0.39	1.71	1.16	0.95	0.92
PA0255-C	2.05	0.94	1.05	0.97	1	1.67	NA	0.78	0.65	0.7	0.89	0.85	0.89	0.59	0.83	1.1	1.43	1.67	1.18	0.94	0.97	1.26	0.54	1.6	0.62	0.92	0.88	0.31	0.85	0.83	1.3	1.43	1.4	0.42	1	1.83	1.45	1	NA	0.95	1.5	0.62	0.82	0.94	0.74	0.92	0.8	0.93	0.74	0.95	0.87	1.09	0.79	0.76	0.74	0.76	0.93	0.91	0.87	1.03	0.59	0.94	0.69	0.88	0.82	0.83	0.7	0.76	0.93	0.69	0.85	0.85	1.17	0.81	0.72	1.26	0.67	1.29	0.88	1	1.04	1.23	0.94	1.45	1.03	0.74	0.79	0.72	1	0.73	0.92	0.87	0.97	0.78	0.89	0.61	0.77	0.95	1	0.9
PD0490-C	1.06	0.76	0.82	0.87	0.7	0.64	0.78	NA	0.7	1.24	0.91	0.79	0.88	0.9	0.83	0.76	0.64	0.71	0.77	0.7	0.7	0.93	0.69	0.65	0.52	0.69	0.79	0.75	0.82	0.72	0.88	0.62	0.85	0.64	0.7	0.83	0.73	0.83	0.5	0.72	0.67	0.67	1.12	1.16	0.84	0.93	1	0.98	0.76	1	1.05	1.35	1.03	0.92	0.87	0.89	0.98	1.24	0.95	1.18	0.89	1.08	1.05	1.14	0.76	0.93	0.76	0.73	0.74	0.67	0.73	0.7	0.67	0.75	0.68	0.9	0.74	0.59	0.69	0.75	0.84	0.7	0.73	0.68	0.88	1	1.03	0.95	1.3	0.84	1	0.89	0.87	0.74	0.62	0.48	0.71	0.62	0.71	0.7
PD0535-C	0.98	0.62	0.7	0.68	0.6	0.52	0.65	0.7	NA	0.85	0.79	0.66	0.75	0.92	0.64	0.56	0.57	0.49	0.69	0.62	0.66	0.81	0.56	0.57	0.39	0.55	0.66	0.56	0.59	0.66	0.68	0.47	0.96	0.52	0.53	0.72	0.66	0.71	0	0.62	0.55	0.5	0.82	0.94	0.68	0.7	0.9	0.72	0.5	0.7	0.84	1.03	0.76	0.73	0.91	0.77	0.69	1.15	0.64	0.86	0.67	0.82	0.85	0.88	0.59	0.8	0.69	0.75	0.63	0.56	0.59	0.61	0.53	0.61	0.61	0.82	0.6	0.52	0.59	0.65	0.85	0.64	0.69	0.62	0.7	0.74	0.81	0.75	1	0.7	0.79	0.74	0.82	0.54	0.61	0.44	0.56	0.65	0.59	0.6
PD0540-C	0.93	0.6	0.59	0.69	0.48	0.41	0.7	1.24	0.85	NA	0.88	1.03	0.62	0.73	0.57	0.55	0.62	0.6	0.66	0.62	0.72	0.77	0.58	0.67	0.41	0.44	0.68	0.52	0.65	0.61	0.69	0.56	0.78	0.53	0.62	0.7	0.69	0.69	0	0.61	0.62	0.54	0.64	0.9	0.85	1.1	0.92	0.94	0.55	0.97	0.91	1	0.88	0.56	0.71	0.91	0.86	1.11	0.91	0.94	0.68	0.87	0.77	0.88	0.5	0.68	0.8	0.68	0.54	0.58	0.65	0.62	0.5	0.62	0.62	0.85	0.6	0.57	0.66	0.7	0.83	0.6	0.66	0.61	0.67	0.87	1	0.92	1.03	0.71	0.68	0.65	0.79	0.52	0.56	0.39	0.66	0.62	0.63	0.61
PD0541-C	1.02	0.75	0.62	0.77	0.49	0.59	0.89	0.91	0.79	0.88	NA	0.73	0.95	0.81	0.57	0.57	0.68	0.71	0.67	0.63	0.59	0.88	0.71	0.79	0.4	0.51	0.79	0.71	0.7	0.83	0.83	0.68	0.94	0.61	0.71	0.83	0.63	0.78	Inf	0.65	0.7	0.6	0.81	1.12	0.72	0.68	0.75	0.86	0.66	0.78	0.87	0.81	0.6	0.61	0.7	0.62	0.84	0.81	0.8	0.88	0.76	0.81	0.82	0.81	0.53	0.78	0.78	0.95	0.53	0.64	0.73	0.61	0.6	0.58	0.61	0.86	0.72	0.67	0.7	0.78	0.81	0.67	0.69	0.68	0.62	0.67	0.73	0.69	0.95	0.84	0.73	0.76	1.03	0.72	0.68	0.36	0.66	0.7	0.54	0.58
PD0589-C	0.96	0.58	0.62	0.84	0.62	0.65	0.85	0.79	0.66	1.03	0.73	NA	0.84	0.77	0.72	0.68	0.76	0.68	0.8	0.71	0.68	0.89	0.58	0.82	0.48	0.55	0.79	0.59	0.67	0.71	0.91	0.58	1	0.65	0.82	0.82	0.73	0.65	0.25	0.73	0.6	0.5	0.6	1.03	0.69	0.67	0.63	0.9	0.56	0.84	0.87	0.85	0.56	0.68	0.75	0.66	0.84	0.86	0.8	0.74	0.6	0.94	0.67	0.89	0.57	0.82	0.58	0.66	0.6	0.73	0.78	0.77	0.49	0.53	0.65	0.87	0.69	0.74	0.61	0.81	0.7	0.65	0.77	0.73	0.78	0.67	0.72	0.63	0.85	0.83	0.7	0.74	0.75	0.69	0.72	0.38	0.74	0.72	0.59	0.77
PD0590-C	1.12	0.78	0.74	0.84	0.55	0.68	0.89	0.88	0.75	0.62	0.95	0.84	NA	1	0.76	0.71	0.86	0.75	0.76	0.67	0.7	0.84	0.73	0.81	0.59	0.66	0.94	0.89	0.85	0.75	0.84	0.73	1.05	0.74	0.77	1	0.83	0.76	0.67	0.89	0.78	0.66	0.8	1.03	0.62	1.03	0.77	1.07	0.57	1.1	1.09	1.1	0.83	0.68	0.88	0.79	1.1	0.85	0.97	0.81	0.68	0.71	0.92	0.81	0.65	0.79	1	0.68	0.61	0.84	0.74	0.69	0.7	0.74	0.71	0.94	0.87	0.79	0.87	0.92	0.88	0.73	0.73	0.79	0.9	1.03	1.08	1	0.97	0.7	0.7	0.79	0.8	0.7	0.66	0.47	0.81	0.79	0.77	0.68
PD0592-C	1.02	0.53	0.5	0.71	0.43	0.58	0.59	0.9	0.92	0.73	0.81	0.77	1	NA	0.6	0.49	0.58	0.54	0.6	0.57	0.57	0.73	0.42	0.48	0.33	0.48	0.53	0.56	0.58	0.47	0.73	0.31	0.8	0.48	0.45	0.72	0.53	0.53	0	0.54	0.52	0.4	0.61	1.14	0.79	0.87	0.86	0.97	0.54	0.93	0.94	1.23	0.89	0.78	0.8	0.82	0.85	1.12	0.88	1.07	0.68	0.85	0.87	0.94	0.56	0.66	0.65	0.72	0.52	0.46	0.46	0.5	0.43	0.54	0.54	0.81	0.5	0.44	0.58	0.6	0.72	0.51	0.62	0.51	0.6	0.73	0.79	0.67	0.96	0.62	0.82	0.74	0.97	0.59	0.53	0.33	0.5	0.59	0.62	0.48
PF0041-C	1.08	0.74	0.71	0.74	0.51	0.56	0.83	0.83	0.64	0.57	0.57	0.72	0.76	0.6	NA	0.69	0.77	0.8	0.76	0.68	0.82	1	0.66	0.75	0.46	0.5	0.77	0.81	0.67	0.82	0.84	0.67	0.93	0.68	0.81	0.93	0.76	0.86	0	0.94	0.76	0.58	0.72	0.96	0.58	0.67	0.7	0.73	0.66	0.76	0.76	0.77	0.85	0.59	0.72	0.6	0.76	0.78	0.73	0.8	0.56	0.75	0.61	0.73	0.53	0.69	0.65	0.67	0.67	0.71	0.71	0.84	0.73	0.81	0.61	0.97	0.72	0.66	0.67	0.82	0.87	0.83	0.75	0.67	0.86	0.65	0.68	0.6	0.8	0.58	0.76	0.75	0.82	0.62	0.56	0.46	0.69	0.64	0.51	0.69
PF0048-C	1.52	0.73	0.83	0.81	0.59	1	1.1	0.76	0.56	0.55	0.57	0.68	0.71	0.49	0.69	NA	0.92	0.65	1.03	0.89	0.76	1.07	0.63	1.11	0.6	0.75	1.09	0.53	0.85	0.95	1	0.67	1.29	0.5	0.62	0.92	1	0.76	0	1	1.33	0.42	0.56	0.65	0.72	0.77	0.76	0.74	0.55	0.8	0.76	0.83	0.57	0.61	0.51	0.56	0.78	0.64	0.74	0.65	0.58	0.79	0.6	0.77	0.71	0.52	0.61	0.73	0.57	0.85	0.91	0.68	0.79	0.7	0.61	1.19	0.87	1.08	0.75	0.82	0.85	0.94	0.82	1.14	0.82	0.62	0.63	0.59	0.7	0.44	0.76	0.65	0.78	0.63	0.62	0.52	0.8	0.95	0.88	0.94
PF0069-C	1.5	0.73	0.92	0.94	0.7	4.33	1.43	0.64	0.57	0.62	0.68	0.76	0.86	0.58	0.77	0.92	NA	1.15	0.85	0.75	0.69	1.03	0.52	1.14	0.46	0.73	1.67	0.75	0.73	0.78	1.13	1.1	0.96	0.47	1.1	1.44	1.4	0.69	0	0.95	1.1	0.61	0.76	0.95	0.78	0.79	0.79	0.81	0.63	0.83	0.84	0.88	0.64	0.67	0.7	0.69	0.81	0.71	0.76	0.81	0.69	0.89	0.63	0.82	0.69	0.76	0.59	0.56	0.67	1.12	0.72	0.64	1.18	0.7	0.69	1.03	1.12	2	0.89	2	0.84	0.82	0.72	1.08	0.87	0.8	0.9	0.81	0.9	0.66	0.84	0.66	1	0.89	1.05	0.5	1.22	0.86	0.76	0.77
PF0089-C	1.52	1	0.71	0.94	0.85	1.08	1.67	0.71	0.49	0.6	0.71	0.68	0.75	0.54	0.8	0.65	1.15	NA	0.97	0.8	0.64	1.21	0.75	1.1	0.43	0.7	1.27	0.76	0.83	1	0.86	1.44	1.36	0.84	1	1.2	1.06	0.74	NA	0.96	1.08	0.43	0.64	0.84	0.52	0.65	0.7	0.62	0.61	0.67	0.7	0.86	0.6	0.71	0.71	0.57	0.64	0.68	0.62	0.77	0.54	0.67	0.59	0.7	0.73	0.63	0.45	0.65	0.66	0.8	0.82	1.05	0.67	0.64	0.57	0.9	0.93	1.09	0.77	1.13	0.9	0.94	0.68	1.23	1.31	0.57	0.61	0.58	0.73	0.6	0.76	0.74	0.7	0.62	0.9	0.42	1.07	1.05	0.75	1.14
PF0100-C	1.33	1.03	0.64	1.02	1	0.82	1.18	0.77	0.69	0.66	0.67	0.8	0.76	0.6	0.76	1.03	0.85	0.97	NA	0.75	0.88	0.96	0.81	0.97	0.76	0.81	0.95	0.88	1	1.11	0.92	0.92	0.96	1.03	1	1.03	0.76	0.93	Inf	1	1.2	0.73	0.66	0.87	0.73	0.68	0.74	0.75	0.69	0.76	0.78	0.78	0.8	0.73	0.76	0.76	0.74	0.78	0.71	0.74	0.69	0.8	0.67	0.87	0.84	0.71	0.7	0.74	0.84	0.9	0.98	0.94	0.81	0.87	0.71	1.06	0.9	0.92	1	1.11	1.06	1.03	0.98	0.93	1.08	0.68	0.69	0.66	0.77	0.64	0.81	0.89	0.88	0.86	0.76	0.6	0.92	0.88	0.84	1.11
PF0107-C	1.07	0.91	0.69	0.81	0.67	0.78	0.94	0.7	0.62	0.62	0.63	0.71	0.67	0.57	0.68	0.89	0.75	0.8	0.75	NA	0.76	0.9	0.7	0.81	0.5	0.73	0.81	0.74	0.91	0.68	0.87	0.66	1.05	0.75	0.79	0.83	0.74	0.8	0.5	0.75	0.82	0.64	0.65	0.84	0.7	0.7	0.71	0.76	0.61	0.76	0.8	0.85	0.83	0.67	0.73	0.7	0.75	0.73	0.75	0.63	0.62	0.74	0.66	0.68	0.76	0.64	0.56	0.64	0.82	0.85	0.67	0.71	0.73	0.67	0.59	0.85	0.86	0.81	0.98	0.97	0.8	0.88	0.94	0.85	0.83	0.64	0.69	0.63	0.85	0.57	0.83	0.69	0.87	0.78	0.75	0.46	0.79	0.84	0.71	0.77
PF0136-C	1.44	0.73	0.62	0.94	0.8	1.03	0.97	0.7	0.66	0.72	0.59	0.68	0.7	0.57	0.82	0.76	0.69	0.64	0.88	0.76	NA	0.72	0.66	0.8	0.6	0.69	0.7	0.82	0.76	0.78	0.76	0.64	1.02	0.8	0.83	0.79	0.65	0.73	2	0.82	0.83	0.56	0.64	0.83	0.6	0.67	0.66	0.74	0.64	0.74	0.71	0.73	0.7	0.62	0.74	0.75	0.71	0.73	0.7	0.68	0.68	0.7	0.61	0.72	0.77	0.67	0.42	0.64	0.6	0.68	0.81	0.71	0.73	0.59	0.46	0.91	0.71	0.77	0.72	0.84	0.84	0.68	0.58	0.69	0.86	0.59	0.61	0.56	0.78	0.6	0.73	0.81	0.73	0.73	0.74	0.5	0.79	0.64	0.52	0.78
PF0206-C	1.59	1	0.78	1.02	0.98	1.17	1.26	0.93	0.81	0.77	0.88	0.89	0.84	0.73	1	1.07	1.03	1.21	0.96	0.9	0.72	NA	0.73	1.03	0.61	0.95	1.1	0.94	0.87	0.97	0.92	1.11	1.05	0.88	1.04	0.93	0.93	0.79	1	0.92	0.92	0.61	0.75	1.11	0.8	0.79	0.82	0.86	0.71	0.86	0.9	0.96	0.83	0.8	0.96	0.87	0.88	0.84	0.82	0.87	0.82	0.91	0.73	0.94	0.76	0.79	0.7	0.89	0.79	0.97	0.86	0.85	0.78	0.72	0.54	0.88	0.94	1	0.91	1.06	1.03	1	0.83	0.94	0.93	0.74	0.81	0.73	0.92	0.72	0.87	0.85	0.91	1.1	0.9	0.61	0.97	0.89	0.89	0.9
PF0221-C	1.18	0.62	0.61	0.78	0.78	0.7	0.54	0.69	0.56	0.58	0.71	0.58	0.73	0.42	0.66	0.63	0.52	0.75	0.81	0.7	0.66	0.73	NA	0.56	0.48	0.64	0.45	0.59	0.62	0.68	0.74	0.52	0.67	0.31	0.46	0.57	0.74	0.78	NA	0.63	0.62	0.3	0.63	0.72	0.62	0.69	0.72	0.74	0.57	0.73	0.71	0.74	0.6	0.6	0.68	0.58	0.75	0.73	0.7	0.62	0.6	0.69	0.55	0.74	0.58	0.62	0.48	0.62	0.58	0.45	0.73	0.43	0.59	0.55	0.58	0.88	0.48	0.59	0.59	0.65	0.67	0.75	0.63	0.71	0.74	0.64	0.69	0.64	0.79	0.53	0.65	0.64	0.7	0.59	0.71	0.51	0.52	0.61	0.69	0.66
PF0223-C	1.95	0.9	0.96	0.81	0.76	6	1.6	0.65	0.57	0.67	0.79	0.82	0.81	0.48	0.75	1.11	1.14	1.1	0.97	0.81	0.8	1.03	0.56	NA	0.48	0.73	1.75	0.64	0.81	0.89	1.07	1	1.26	0.48	1.14	1.57	1.56	0.69	NA	1.22	1.5	0.47	0.71	0.86	0.66	0.82	0.78	0.84	0.61	0.86	0.82	0.97	0.74	0.85	0.68	0.67	0.84	0.78	0.78	0.97	0.55	0.82	0.66	0.78	0.77	0.7	0.57	0.68	0.71	0.82	0.92	0.56	1	0.7	0.69	1.07	1.25	3	0.72	1.83	0.84	1.07	0.77	1.09	1	0.72	0.76	0.67	0.89	0.57	0.79	0.82	0.92	0.82	1.06	0.59	0.8	0.91	0.83	0.74
PF0310-C	0.8	0.57	0.27	0.58	0.57	0.35	0.62	0.52	0.39	0.41	0.4	0.48	0.59	0.33	0.46	0.6	0.46	0.43	0.76	0.5	0.6	0.61	0.48	0.48	NA	0.4	0.53	0.46	0.66	0.69	0.76	0.41	0.66	0.53	0.59	0.59	0.43	0.62	Inf	0.52	0.68	0.26	0.46	0.63	0.41	0.41	0.44	0.5	0.44	0.51	0.62	0.65	0.52	0.46	0.58	0.49	0.49	0.5	0.48	0.48	0.4	0.5	0.46	0.52	0.52	0.52	0.35	0.41	0.52	0.52	0.69	0.52	0.39	0.48	0.38	0.67	0.46	0.32	0.6	0.56	0.76	0.47	0.56	0.47	0.69	0.42	0.44	0.42	0.6	0.42	0.57	0.58	0.52	0.51	0.4	0.23	0.41	0.61	0.56	0.6
PF0347-C	0.95	0.79	0.54	0.84	0.58	0.45	0.92	0.69	0.55	0.44	0.51	0.55	0.66	0.48	0.5	0.75	0.73	0.7	0.81	0.73	0.69	0.95	0.64	0.73	0.4	NA	0.82	0.64	0.72	0.79	0.82	0.61	0.89	0.71	0.78	0.89	0.65	0.83	0	0.67	0.79	0.53	0.62	0.81	0.55	0.54	0.58	0.61	0.55	0.64	0.66	0.77	0.63	0.36	0.53	0.5	0.64	0.66	0.6	0.69	0.49	0.65	0.46	0.68	0.52	0.52	0.6	0.55	0.53	0.64	0.74	0.76	0.61	0.62	0.54	0.82	0.68	0.64	0.57	0.87	0.83	0.68	0.7	0.7	0.97	0.54	0.59	0.54	0.71	0.43	0.59	0.63	0.65	0.57	0.62	0.36	0.67	0.77	0.58	0.91
PF0349-C	1.67	0.77	1.05	0.83	0.81	2.6	0.88	0.79	0.66	0.68	0.79	0.79	0.94	0.53	0.77	1.09	1.67	1.27	0.95	0.81	0.7	1.1	0.45	1.75	0.53	0.82	NA	0.9	0.75	0.75	1.16	0.86	1.33	0.61	0.89	1.86	2	0.78	NA	1	1.1	0.59	0.77	1.03	0.67	0.84	0.81	0.83	0.72	0.88	0.8	1.06	0.69	0.7	0.68	0.64	0.85	0.78	0.8	0.94	0.64	0.76	0.73	0.78	0.76	0.74	0.56	0.68	0.81	1.12	0.88	0.71	1.15	0.69	0.68	1.26	1.29	1.83	0.89	1.83	1	1.07	0.87	2.11	1.11	0.64	0.65	0.63	0.95	0.64	0.91	0.92	0.92	0.85	0.9	0.56	0.8	1.16	1	0.95
PF0357-C	1.67	0.74	0.8	0.81	0.75	0.78	0.31	0.75	0.56	0.52	0.71	0.59	0.89	0.56	0.81	0.53	0.75	0.76	0.88	0.74	0.82	0.94	0.59	0.64	0.46	0.64	0.9	NA	0.81	0.76	0.84	0.75	0.96	0.32	0.75	0.9	1	0.77	NA	1	0.43	0.55	0.77	0.91	0.71	0.85	0.81	0.88	0.7	0.88	0.83	0.97	0.65	0.85	0.67	0.66	0.85	0.81	0.8	0.94	0.62	0.92	0.67	0.85	0.63	0.69	0.66	0.57	0.59	0.5	0.68	0.5	0.71	0.62	0.59	0.87	0.8	0.64	0.66	0.9	0.69	0.88	0.74	0.88	0.9	0.76	0.75	0.71	1.03	0.57	0.74	0.86	0.82	0.52	0.54	0.5	1.09	0.71	0.76	0.75
PF0370-C	1.23	0.71	0.76	0.86	0.83	0.81	0.85	0.82	0.59	0.65	0.7	0.67	0.85	0.58	0.67	0.85	0.73	0.83	1	0.91	0.76	0.87	0.62	0.81	0.66	0.72	0.75	0.81	NA	0.83	0.93	0.75	0.88	0.58	0.93	0.84	0.76	1.13	2	0.89	0.81	0.57	0.74	0.84	0.69	0.63	0.62	0.79	0.56	0.79	0.8	0.74	0.58	0.61	0.69	0.7	0.79	0.69	0.75	0.69	0.68	0.88	0.48	0.94	0.64	0.63	0.64	0.71	0.73	0.7	0.74	0.74	0.81	0.91	0.55	0.79	0.58	0.66	0.69	0.77	0.9	0.74	0.89	0.79	0.83	0.59	0.6	0.58	0.75	0.62	0.77	0.8	0.74	0.9	0.76	0.59	0.73	0.71	0.61	0.82
PF0383-C	1.52	0.9	0.62	0.94	0.84	0.95	0.83	0.72	0.66	0.61	0.83	0.71	0.75	0.47	0.82	0.95	0.78	1	1.11	0.68	0.78	0.97	0.68	0.89	0.69	0.79	0.75	0.76	0.83	NA	1.13	0.75	0.87	0.77	0.89	0.89	0.71	0.93	1	0.62	0.88	0.3	0.74	0.82	0.61	0.8	0.67	0.79	0.64	0.83	0.84	0.97	0.77	0.69	0.72	0.76	0.78	0.89	0.75	0.73	0.55	0.83	0.63	0.81	0.97	0.7	0.63	0.62	0.76	0.76	0.55	0.74	0.65	0.61	0.59	0.91	0.61	0.65	0.94	0.89	1.06	0.78	0.85	0.9	0.87	0.64	0.65	0.6	0.88	0.58	0.88	0.78	0.7	0.83	0.77	0.5	0.78	0.74	0.86	0.79
PF0427-C	1.45	0.97	0.7	0.82	0.73	0.97	1.3	0.88	0.68	0.69	0.83	0.91	0.84	0.73	0.84	1	1.13	0.86	0.92	0.87	0.76	0.92	0.74	1.07	0.76	0.82	1.16	0.84	0.93	1.13	NA	1.06	0.95	1.06	1.1	1.04	0.97	0.85	0	1	1.07	0.74	0.8	1.07	0.65	0.75	0.8	0.78	0.76	0.75	0.86	0.89	0.84	0.74	0.81	0.78	0.74	0.87	0.73	0.86	0.72	0.82	0.72	0.78	0.88	0.78	0.7	0.78	0.79	1.07	0.86	0.95	0.82	0.82	0.65	0.89	0.92	0.91	0.89	1.06	0.96	0.94	0.78	0.94	1.02	0.74	0.75	0.75	0.8	0.69	0.92	0.89	0.87	0.73	0.77	0.63	1.03	0.94	0.92	1.05
PF0433-C	1.44	0.7	0.77	0.87	0.69	1.33	1.43	0.62	0.47	0.56	0.68	0.58	0.73	0.31	0.67	0.67	1.1	1.44	0.92	0.66	0.64	1.11	0.52	1	0.41	0.61	0.86	0.75	0.75	0.75	1.06	NA	1.12	0.55	0.45	1.57	1.08	0.56	NA	0.91	1.38	0.32	0.53	0.84	0.53	0.67	0.62	0.64	0.52	0.7	0.74	0.94	0.66	0.54	0.57	0.52	0.67	0.68	0.63	0.74	0.49	0.65	0.62	0.67	0.61	0.61	0.38	0.55	0.66	0.69	0.81	0.72	0.73	0.53	0.68	1.07	0.83	1.12	0.76	1	1.04	0.88	0.76	1.33	1.15	0.48	0.51	0.45	0.72	0.46	0.68	0.77	0.71	0.7	0.69	0.35	0.31	1	0.95	0.64
PF0454-C	1.35	0.84	1	0.91	0.92	1.22	1.4	0.85	0.96	0.78	0.94	1	1.05	0.8	0.93	1.29	0.96	1.36	0.96	1.05	1.02	1.05	0.67	1.26	0.66	0.89	1.33	0.96	0.88	0.87	0.95	1.12	NA	0.81	1.04	1.27	1.12	1	NA	1.06	1.21	0.69	0.89	1.06	0.91	1.04	0.84	0.98	0.71	1	1.04	1.18	0.88	0.85	0.9	0.88	1	1.02	0.94	1.23	0.78	0.92	0.75	0.96	1	0.79	0.76	0.76	1.11	1.05	1.03	1.13	0.86	0.86	0.67	1.37	1	1.17	0.81	1.08	1.08	0.8	0.85	1.12	1.05	0.9	0.94	0.87	1.11	0.73	0.98	0.96	0.91	0.94	1.09	0.67	1.36	0.94	1.07	1.54
PF0488-C	1.18	0.61	0.66	0.62	0.68	0.55	0.42	0.64	0.52	0.53	0.61	0.65	0.74	0.48	0.68	0.5	0.47	0.84	1.03	0.75	0.8	0.88	0.31	0.48	0.53	0.71	0.61	0.32	0.58	0.77	1.06	0.55	0.81	NA	0.42	0.52	0.64	0.7	1	0.85	0.72	0.55	0.69	0.8	0.75	0.69	0.72	0.81	0.58	0.77	0.8	0.8	0.55	0.56	0.66	0.68	0.8	0.6	0.75	0.63	0.65	0.9	0.6	0.83	0.7	0.57	0.59	0.49	0.78	0.47	0.72	0.57	0.71	0.64	0.65	1	0.35	0.5	0.59	0.47	0.72	0.54	0.8	0.89	0.69	0.56	0.59	0.53	0.75	0.52	0.79	0.7	0.76	0.45	0.68	0.49	0.44	0.72	0.67	0.81
PF0510-C	1.88	0.88	0.84	0.88	0.96	1.86	1	0.7	0.53	0.62	0.71	0.82	0.77	0.45	0.81	0.62	1.1	1	1	0.79	0.83	1.04	0.46	1.14	0.59	0.78	0.89	0.75	0.93	0.89	1.1	0.45	1.04	0.42	NA	1	1.31	0.76	NA	1.35	1.22	0.41	0.62	0.97	0.66	0.9	0.76	0.9	0.62	0.88	0.82	0.86	0.65	0.62	0.68	0.71	0.86	0.8	0.8	0.77	0.61	0.82	0.64	0.85	0.66	0.73	0.54	0.71	0.71	0.6	1.13	0.57	0.6	0.64	0.67	1	0.92	2.2	0.78	1	0.96	0.83	0.8	0.93	0.9	0.67	0.7	0.6	0.82	0.56	0.75	0.79	0.79	1.15	0.79	0.59	0.62	0.76	0.92	0.86
PF0511-C	1.91	1.12	1	0.91	1.04	2.43	1.83	0.83	0.72	0.7	0.83	0.82	1	0.72	0.93	0.92	1.44	1.2	1.03	0.83	0.79	0.93	0.57	1.57	0.59	0.89	1.86	0.9	0.84	0.89	1.04	1.57	1.27	0.52	1	NA	2	0.83	NA	1.09	1.62	0.47	0.85	1.09	0.76	0.92	0.91	0.92	0.83	0.92	0.94	1.3	0.87	0.92	0.79	0.81	0.95	0.92	0.84	1.03	0.66	1.03	0.8	0.97	0.83	0.79	0.64	0.78	0.85	1	0.74	0.76	0.83	0.68	0.57	1.12	1.33	1.5	0.79	1.5	1	1.07	0.75	1.4	1.43	0.71	0.74	0.67	1	0.71	0.97	0.97	0.97	0.79	0.7	0.47	1.78	1.05	1.05	1.05
PF0557-Cx	1.63	0.71	0.7	0.86	0.59	1.88	1.45	0.73	0.66	0.69	0.63	0.73	0.83	0.53	0.76	1	1.4	1.06	0.76	0.74	0.65	0.93	0.74	1.56	0.43	0.65	2	1	0.76	0.71	0.97	1.08	1.12	0.64	1.31	2	NA	0.51	NA	1.14	1.27	0.52	0.75	0.86	0.72	0.74	0.76	0.79	0.56	0.85	0.8	0.89	0.65	0.79	0.64	0.67	0.83	0.81	0.77	1	0.67	0.97	0.6	0.88	0.83	0.65	0.69	0.68	0.56	1.86	0.67	0.65	0.71	0.6	0.54	0.8	1.62	1.25	0.97	1.27	0.81	0.93	0.87	0.67	0.74	0.66	0.71	0.67	0.81	0.59	0.78	0.68	0.92	0.86	0.91	0.44	1.67	0.87	0.83	0.81
PF0599-C	1.67	0.86	0.63	0.86	0.94	0.78	1	0.83	0.71	0.69	0.78	0.65	0.76	0.53	0.86	0.76	0.69	0.74	0.93	0.8	0.73	0.79	0.78	0.69	0.62	0.83	0.78	0.77	1.13	0.93	0.85	0.56	1	0.7	0.76	0.83	0.51	NA	Inf	0.81	0.83	0.45	0.67	0.9	0.67	0.72	0.74	0.78	0.63	0.79	0.75	0.95	0.73	0.67	0.68	0.74	0.78	0.77	0.75	0.89	0.67	0.82	0.59	0.88	0.74	0.65	0.6	0.8	0.72	0.7	0.77	0.65	0.57	0.51	0.51	0.92	0.62	0.65	0.77	0.81	0.76	0.64	0.91	0.64	0.79	0.67	0.7	0.65	0.77	0.59	0.75	0.8	0.79	0.86	0.79	0.63	0.74	0.67	0.79	0.97
PF0615-C	Inf	0	0	0	0	NA	NA	0.5	0	0	Inf	0.25	0.67	0	0	0	0	NA	Inf	0.5	2	1	NA	NA	Inf	0	NA	NA	2	1	0	NA	NA	1	NA	NA	NA	Inf	NA	Inf	NA	NA	0	1	0	1	1	0	0.2	0	0	0.5	0.33	0	0.33	0	0	1.5	0	2	0	0	1	0	0	1	1	1	0	0	0	Inf	0	Inf	0	0	NA	NA	1	Inf	NA	1	1	NA	NA	1.5	1.5	1.5	0	0.25	0	1	0.5	NA	NA	1	NA	NA	0	Inf
PF0693-C	1.22	0.81	0.79	0.95	0.83	1.28	0.95	0.72	0.62	0.61	0.65	0.73	0.89	0.54	0.94	1	0.95	0.96	1	0.75	0.82	0.92	0.63	1.22	0.52	0.67	1	1	0.89	0.62	1	0.91	1.06	0.85	1.35	1.09	1.14	0.81	Inf	NA	1.24	0.7	0.75	0.89	0.68	0.74	0.63	0.8	0.57	0.8	0.86	0.76	0.8	0.81	0.87	0.82	0.8	0.78	0.75	0.83	0.67	0.91	0.66	0.91	0.73	0.67	0.62	0.62	0.91	1	0.78	0.79	0.81	0.86	0.71	1.03	0.91	1.06	0.74	1.05	0.92	0.88	0.88	1.13	0.95	0.72	0.78	0.66	0.87	0.74	0.8	0.78	0.87	1.04	1.03	0.57	1.04	0.93	1.14	0.86
PF0753-C	1.76	0.95	1	1.13	0.83	1.67	1.5	0.67	0.55	0.62	0.7	0.6	0.78	0.52	0.76	1.33	1.1	1.08	1.2	0.82	0.83	0.92	0.62	1.5	0.68	0.79	1.1	0.43	0.81	0.88	1.07	1.38	1.21	0.72	1.22	1.62	1.27	0.83	NA	1.24	NA	0.59	0.7	0.81	0.66	0.8	0.7	0.82	0.57	0.82	0.8	0.8	0.59	0.75	0.67	0.62	0.85	0.79	0.82	0.79	0.67	0.89	0.68	0.76	0.72	0.65	0.57	0.74	0.67	1	0.87	0.77	1.36	0.74	0.54	1.25	0.86	0.8	1	1.44	0.73	1.7	0.93	1.21	0.96	0.71	0.74	0.69	0.75	0.7	0.76	0.74	0.82	0.64	0.79	0.61	0.93	1.05	0.95	0.8
PF0794-C	1.04	0.39	0.54	0.66	0.57	0.67	0.62	0.67	0.5	0.54	0.6	0.5	0.66	0.4	0.58	0.42	0.61	0.43	0.73	0.64	0.56	0.61	0.3	0.47	0.26	0.53	0.59	0.55	0.57	0.3	0.74	0.32	0.69	0.55	0.41	0.47	0.52	0.45	NA	0.7	0.59	NA	0.57	0.69	0.45	0.61	0.62	0.62	0.45	0.6	0.63	0.69	0.53	0.5	0.6	0.63	0.63	0.7	0.62	0.66	0.46	0.56	0.55	0.58	0.53	0.5	0.38	0.63	0.42	0.42	0.52	0.52	0.18	0.34	0.37	0.62	0.3	0.39	0.69	0.58	0.69	0.36	0.82	0.65	0.67	0.51	0.56	0.51	0.7	0.49	0.57	0.59	0.68	0.48	0.8	0.34	0.42	0.57	0.57	0.56
PH0247-C	0.98	0.7	0.62	0.72	0.53	0.55	0.82	1.12	0.82	0.64	0.81	0.6	0.8	0.61	0.72	0.56	0.76	0.64	0.66	0.65	0.64	0.75	0.63	0.71	0.46	0.62	0.77	0.77	0.74	0.74	0.8	0.53	0.89	0.69	0.62	0.85	0.75	0.67	0	0.75	0.7	0.57	NA	1.09	0.81	0.96	0.91	0.93	0.68	0.94	0.97	1.15	0.97	0.66	0.76	1.12	0.94	0.97	0.9	0.83	0.57	0.96	1	1.33	0.49	0.77	0.73	0.89	0.56	0.72	0.71	0.63	0.51	0.59	0.64	0.95	0.69	0.71	0.73	0.81	0.78	0.71	0.72	0.76	0.83	0.81	0.91	0.79	0.75	0.55	0.71	0.86	1.06	0.59	0.71	0.42	0.68	0.77	0.86	0.7
PH0356-C	1.42	0.85	0.95	0.88	0.83	0.81	0.94	1.16	0.94	0.9	1.12	1.03	1.03	1.14	0.96	0.65	0.95	0.84	0.87	0.84	0.83	1.11	0.72	0.86	0.63	0.81	1.03	0.91	0.84	0.82	1.07	0.84	1.06	0.8	0.97	1.09	0.86	0.9	1	0.89	0.81	0.69	1.09	NA	0.97	1	0.98	1.12	0.82	1.03	1.19	1.24	0.79	1.17	1.25	1	1.06	1.12	1.03	1.03	0.97	1.09	1.22	1.14	0.8	0.92	0.88	1.03	0.7	0.87	0.76	0.65	0.82	0.89	0.86	1.02	0.97	0.92	0.81	0.83	0.92	0.9	0.88	0.95	1.07	1	1.05	0.98	0.91	1.12	1.14	1.12	0.89	0.72	0.91	0.61	0.94	0.9	0.95	0.86
PH0469-CW	0.9	0.64	0.67	0.82	0.56	0.59	0.74	0.84	0.68	0.85	0.72	0.69	0.62	0.79	0.58	0.72	0.78	0.52	0.73	0.7	0.6	0.8	0.62	0.66	0.41	0.55	0.67	0.71	0.69	0.61	0.65	0.53	0.91	0.75	0.66	0.76	0.72	0.67	0	0.68	0.66	0.45	0.81	0.97	NA	0.74	0.79	0.84	0.59	0.77	1.17	1.06	0.69	0.71	0.86	1.11	0.81	0.87	0.79	0.88	0.72	0.81	0.85	1.24	0.56	0.75	0.55	0.6	0.55	0.71	0.76	0.67	0.59	0.68	0.65	0.8	0.71	0.64	0.7	0.79	0.77	0.57	0.68	0.65	0.79	0.82	0.83	0.74	1	0.82	0.76	0.89	0.55	0.59	0.59	0.36	0.63	0.77	0.64	0.66
PH0470-C	0.89	0.69	0.7	0.81	0.53	0.74	0.92	0.93	0.7	1.1	0.68	0.67	1.03	0.87	0.67	0.77	0.79	0.65	0.68	0.7	0.67	0.79	0.69	0.82	0.41	0.54	0.84	0.85	0.63	0.8	0.75	0.67	1.04	0.69	0.9	0.92	0.74	0.72	1	0.74	0.8	0.61	0.96	1	0.74	NA	0.72	1.06	0.72	1.1	0.95	1.03	0.61	0.83	0.84	0.91	0.9	0.91	1.06	0.84	0.79	0.88	0.72	0.94	0.58	0.79	0.7	0.83	0.58	0.78	0.74	0.74	0.65	0.65	0.65	0.83	0.82	0.72	0.78	1	0.76	0.72	0.71	0.79	0.8	1.12	1.21	1.06	0.92	0.89	0.77	0.7	0.84	0.75	0.7	0.41	0.86	0.7	0.79	0.76
PH0523-C	0.83	0.8	0.71	0.71	0.6	0.67	0.8	1	0.9	0.92	0.75	0.63	0.77	0.86	0.7	0.76	0.79	0.7	0.74	0.71	0.66	0.82	0.72	0.78	0.44	0.58	0.81	0.81	0.62	0.67	0.8	0.62	0.84	0.72	0.76	0.91	0.76	0.74	1	0.63	0.7	0.62	0.91	0.98	0.79	0.72	NA	0.88	0.57	0.76	0.85	0.94	0.75	0.62	0.84	0.88	0.82	1.03	0.84	0.76	0.85	1	0.74	1.03	0.56	0.78	0.79	0.97	0.61	0.73	0.66	0.7	0.76	0.6	0.54	0.87	0.81	0.69	0.74	0.97	0.82	0.67	0.86	0.8	0.84	0.72	0.77	0.73	1	0.92	0.93	0.77	0.67	0.78	0.81	0.41	0.75	0.74	0.62	0.62
PH0539-C	0.98	0.78	0.72	0.86	0.65	0.74	0.93	0.98	0.72	0.94	0.86	0.9	1.07	0.97	0.73	0.74	0.81	0.62	0.75	0.76	0.74	0.86	0.74	0.84	0.5	0.61	0.83	0.88	0.79	0.79	0.78	0.64	0.98	0.81	0.9	0.92	0.79	0.78	0	0.8	0.82	0.62	0.93	1.12	0.84	1.06	0.88	NA	0.77	1	0.89	0.97	0.82	0.9	1.18	1	0.67	1.03	NA	0.82	0.86	0.7	1	1.1	0.65	0.98	0.8	0.91	0.65	0.8	0.81	0.82	0.7	0.79	0.74	0.98	0.84	0.77	0.87	0.95	0.9	0.83	0.72	0.79	0.9	1.03	1.08	1.03	0.87	1.09	0.85	0.88	0.74	0.7	0.74	0.5	0.86	0.77	0.84	0.72
PH0644-C	1.07	0.61	0.57	0.73	0.55	0.52	0.74	0.76	0.5	0.55	0.66	0.56	0.57	0.54	0.66	0.55	0.63	0.61	0.69	0.61	0.64	0.71	0.57	0.61	0.44	0.55	0.72	0.7	0.56	0.64	0.76	0.52	0.71	0.58	0.62	0.83	0.56	0.63	0.2	0.57	0.57	0.45	0.68	0.82	0.59	0.72	0.57	0.77	NA	0.78	0.69	0.58	0.57	0.51	0.68	0.78	0.68	0.63	0.73	0.58	0.53	0.65	0.62	0.74	0.56	0.51	0.58	0.75	0.54	0.63	0.66	0.56	0.63	0.63	0.59	0.77	0.67	0.56	0.68	0.7	0.75	0.63	0.67	0.62	0.75	0.59	0.62	0.58	0.58	0.59	0.6	0.66	0.66	0.54	0.64	0.39	0.57	0.64	0.65	0.59
PH0686-C	1.02	0.73	0.7	0.89	0.66	0.79	0.95	1	0.7	0.97	0.78	0.84	1.1	0.93	0.76	0.8	0.83	0.67	0.76	0.76	0.74	0.86	0.73	0.86	0.51	0.64	0.88	0.88	0.79	0.83	0.75	0.7	1	0.77	0.88	0.92	0.85	0.79	0	0.8	0.82	0.6	0.94	1.03	0.77	1.1	0.76	1	0.78	NA	0.75	0.89	0.73	0.88	1.06	0.87	0.88	1	0.83	1	0.89	0.76	0.97	0.92	0.65	0.88	0.78	0.89	0.66	0.82	0.81	0.85	0.72	0.78	0.72	0.92	0.86	0.77	0.82	0.93	0.92	0.83	0.73	0.81	0.9	1.03	1.03	0.97	0.87	1	0.84	0.9	0.72	0.73	0.77	0.51	0.88	0.72	0.86	0.77
PH0703-C	0.97	0.83	0.78	0.92	0.73	0.78	0.87	1.05	0.84	0.91	0.87	0.87	1.09	0.94	0.76	0.76	0.84	0.7	0.78	0.8	0.71	0.9	0.71	0.82	0.62	0.66	0.8	0.83	0.8	0.84	0.86	0.74	1.04	0.8	0.82	0.94	0.8	0.75	0	0.86	0.8	0.63	0.97	1.19	1.17	0.95	0.85	0.89	0.69	0.75	NA	1.06	0.72	1.03	1.03	0.72	0.93	0.92	0.89	0.98	1.05	0.91	1.44	1	0.64	0.81	0.8	0.9	0.68	0.8	0.79	0.71	0.78	0.77	0.72	0.95	0.82	0.79	0.84	0.88	0.9	0.72	0.74	0.84	0.88	0.83	0.82	0.83	0.89	0.98	0.98	0.89	0.71	0.75	0.73	0.55	0.8	0.7	0.81	0.86
PH0770-C	1.15	0.85	0.9	0.98	0.71	0.82	1.09	1.35	1.03	1	0.81	0.85	1.1	1.23	0.77	0.83	0.88	0.86	0.78	0.85	0.73	0.96	0.74	0.97	0.65	0.77	1.06	0.97	0.74	0.97	0.89	0.94	1.18	0.8	0.86	1.3	0.89	0.95	0.5	0.76	0.8	0.69	1.15	1.24	1.06	1.03	0.94	0.97	0.58	0.89	1.06	NA	0.71	1	0.91	0.9	0.94	1.12	0.94	1.19	0.85	1	0.82	0.94	0.84	0.88	1.09	1.16	0.66	0.94	0.85	0.86	0.76	0.78	0.73	1.07	0.94	0.86	0.88	1.03	0.95	0.97	0.75	0.95	0.84	0.89	0.97	0.92	1.21	0.97	1.12	1.03	1.2	0.69	0.83	0.51	0.97	0.62	0.79	0.9
PH0776-C	0.96	0.64	0.77	0.77	0.57	0.68	0.79	1.03	0.76	0.88	0.6	0.56	0.83	0.89	0.85	0.57	0.64	0.6	0.8	0.83	0.7	0.83	0.6	0.74	0.52	0.63	0.69	0.65	0.58	0.77	0.84	0.66	0.88	0.55	0.65	0.87	0.65	0.73	0.33	0.8	0.59	0.53	0.97	0.79	0.69	0.61	0.75	0.82	0.57	0.73	0.72	0.71	NA	0.97	0.79	0.62	0.85	0.65	0.79	0.91	0.67	0.79	0.7	0.77	0.74	0.69	0.71	0.81	0.53	0.56	0.61	0.64	0.71	0.63	0.69	0.88	0.7	0.67	0.57	0.69	0.69	0.73	0.62	0.67	0.63	0.65	0.67	0.64	0.78	0.85	0.86	0.81	0.74	0.58	0.72	0.51	0.71	0.61	0.67	0.78
PH0782-C	1.08	0.54	0.59	0.72	0.44	0.54	0.76	0.92	0.73	0.56	0.61	0.68	0.68	0.78	0.59	0.61	0.67	0.71	0.73	0.67	0.62	0.8	0.6	0.85	0.46	0.36	0.7	0.85	0.61	0.69	0.74	0.54	0.85	0.56	0.62	0.92	0.79	0.67	0	0.81	0.75	0.5	0.66	1.17	0.71	0.83	0.62	0.9	0.51	0.88	1.03	1	0.97	NA	0.69	0.65	0.88	0.79	0.88	1.04	0.73	0.78	0.74	0.94	0.52	0.76	0.71	0.81	0.43	0.78	0.7	0.78	0.63	0.67	0.63	1.06	0.8	0.75	0.72	0.86	0.74	0.63	0.68	0.69	0.88	0.88	0.94	0.9	0.9	0.73	0.72	0.72	0.85	0.63	0.57	0.37	0.65	0.64	0.69	0.72
PH0813-C	1.04	0.64	0.7	0.76	0.49	0.5	0.74	0.87	0.91	0.71	0.7	0.75	0.88	0.8	0.72	0.51	0.7	0.71	0.76	0.73	0.74	0.96	0.68	0.68	0.58	0.53	0.68	0.67	0.69	0.72	0.81	0.57	0.9	0.66	0.68	0.79	0.64	0.68	0.33	0.87	0.67	0.6	0.76	1.25	0.86	0.84	0.84	1.18	0.68	1.06	1.03	0.91	0.79	0.69	NA	0.69	1.22	0.73	1.18	1.03	0.73	0.97	0.94	0.95	0.58	0.74	0.79	0.81	0.47	0.63	0.72	0.71	0.59	0.71	0.71	0.87	0.71	0.68	0.7	0.71	0.77	0.64	0.69	0.67	0.73	0.67	0.73	0.67	1.06	0.81	0.72	0.84	0.72	0.6	0.65	0.45	0.6	0.66	0.8	0.77
PH0821-C	0.96	0.68	0.67	0.78	0.49	0.57	0.76	0.89	0.77	0.91	0.62	0.66	0.79	0.82	0.6	0.56	0.69	0.57	0.76	0.7	0.75	0.87	0.58	0.67	0.49	0.5	0.64	0.66	0.7	0.76	0.78	0.52	0.88	0.68	0.71	0.81	0.67	0.74	0	0.82	0.62	0.63	1.12	1	1.11	0.91	0.88	1	0.78	0.87	0.72	0.9	0.62	0.65	0.69	NA	0.94	1	0.94	1	0.85	1.04	0.91	1.22	0.55	0.97	0.77	0.75	0.49	0.54	0.69	0.62	0.67	0.67	0.7	1.05	0.68	0.73	0.71	0.78	0.81	0.64	0.73	0.71	0.77	0.73	0.79	0.68	0.76	0.67	0.86	0.86	0.84	0.64	0.67	0.41	0.65	0.69	0.61	0.73
PH0838-C	1	0.76	0.72	0.83	0.65	0.76	0.93	0.98	0.69	0.86	0.84	0.84	1.1	0.85	0.76	0.78	0.81	0.64	0.74	0.75	0.71	0.88	0.75	0.84	0.49	0.64	0.85	0.85	0.79	0.78	0.74	0.67	1	0.8	0.86	0.95	0.83	0.78	0	0.8	0.85	0.63	0.94	1.06	0.81	0.9	0.82	0.67	0.68	0.88	0.93	0.94	0.85	0.88	1.22	0.94	NA	0.95	0.67	0.89	0.8	0.75	0.97	1.04	0.65	0.9	0.84	0.89	0.65	0.8	0.74	0.82	0.71	0.75	0.69	0.96	0.84	0.73	0.82	0.93	0.9	0.83	0.7	0.81	0.85	0.92	0.95	0.92	0.78	1.03	0.81	0.9	0.71	0.73	0.74	0.5	0.9	0.8	0.88	0.75
PH0844-C	1.05	0.79	0.77	0.85	0.62	0.7	0.91	1.24	1.15	1.11	0.81	0.86	0.85	1.12	0.78	0.64	0.71	0.68	0.78	0.73	0.73	0.84	0.73	0.78	0.5	0.66	0.78	0.81	0.69	0.89	0.87	0.68	1.02	0.6	0.8	0.92	0.81	0.77	1.5	0.78	0.79	0.7	0.97	1.12	0.87	0.91	1.03	1.03	0.63	1	0.92	1.12	0.65	0.79	0.73	1	0.95	NA	0.95	1.11	0.97	1.26	1.13	1.41	0.67	0.82	0.76	0.94	0.61	0.7	0.69	0.73	0.65	0.73	0.73	0.98	0.79	0.72	0.83	0.86	0.83	0.78	0.7	0.77	0.79	1	1.14	1.07	1.1	0.76	1.07	0.91	0.94	0.72	0.67	0.39	0.74	0.74	0.73	0.69
PH0851-C	0.96	0.72	0.67	0.81	0.63	0.71	0.87	0.95	0.64	0.91	0.8	0.8	0.97	0.88	0.73	0.74	0.76	0.62	0.71	0.75	0.7	0.82	0.7	0.78	0.48	0.6	0.8	0.8	0.75	0.75	0.73	0.63	0.94	0.75	0.8	0.84	0.77	0.75	0	0.75	0.82	0.62	0.9	1.03	0.79	1.06	0.84	NA	0.73	0.83	0.89	0.94	0.79	0.88	1.18	0.94	0.67	0.95	NA	0.85	0.79	0.64	0.97	0.96	0.63	0.91	0.76	0.87	0.62	0.75	0.73	0.78	0.65	0.76	0.68	0.88	0.79	0.69	0.78	0.87	0.85	0.81	0.71	0.76	0.85	0.92	0.95	0.92	0.82	1	0.81	0.81	0.7	0.67	0.7	0.47	0.82	0.77	0.82	0.71
PH0919-C	0.98	0.67	0.79	0.79	0.6	0.72	1.03	1.18	0.86	0.94	0.88	0.74	0.81	1.07	0.8	0.65	0.81	0.77	0.74	0.63	0.68	0.87	0.62	0.97	0.48	0.69	0.94	0.94	0.69	0.73	0.86	0.74	1.23	0.63	0.77	1.03	1	0.89	2	0.83	0.79	0.66	0.83	1.03	0.88	0.84	0.76	0.82	0.58	1	0.98	1.19	0.91	1.04	1.03	1	0.89	1.11	0.85	NA	0.74	0.86	0.76	0.86	0.76	0.92	0.79	0.78	0.63	0.94	0.75	0.78	0.66	0.7	0.72	1.1	0.88	0.88	0.71	0.88	0.83	0.77	0.71	0.92	0.75	0.97	1.09	1	1.17	0.76	0.88	0.94	1.18	0.72	0.73	0.44	0.82	0.78	0.79	0.69
PH0986-C	0.94	0.64	0.63	0.66	0.49	0.47	0.59	0.89	0.67	0.68	0.76	0.6	0.68	0.68	0.56	0.58	0.69	0.54	0.69	0.62	0.68	0.82	0.6	0.55	0.4	0.49	0.64	0.62	0.68	0.55	0.72	0.49	0.78	0.65	0.61	0.66	0.67	0.67	0	0.67	0.67	0.46	0.57	0.97	0.72	0.79	0.85	0.86	0.53	0.89	1.05	0.85	0.67	0.73	0.73	0.85	0.8	0.97	0.79	0.74	NA	0.92	0.77	0.94	0.52	0.76	0.69	0.81	0.58	0.61	0.66	0.63	0.5	0.61	0.58	0.72	0.64	0.51	0.7	0.7	0.74	0.63	0.73	0.57	0.7	0.87	0.97	0.82	0.84	0.62	0.68	0.71	0.83	0.55	0.6	0.38	0.62	0.63	0.62	0.57
PH0991-C	1.14	0.78	0.85	1.02	0.61	0.75	0.94	1.08	0.82	0.87	0.81	0.94	0.71	0.85	0.75	0.79	0.89	0.67	0.8	0.74	0.7	0.91	0.69	0.82	0.5	0.65	0.76	0.92	0.88	0.83	0.82	0.65	0.92	0.9	0.82	1.03	0.97	0.82	0	0.91	0.89	0.56	0.96	1.09	0.81	0.88	1	0.7	0.65	0.76	0.91	1	0.79	0.78	0.97	1.04	0.75	1.26	0.64	0.86	0.92	NA	1	0.67	0.67	0.92	0.76	0.81	0.64	0.84	0.91	0.83	0.78	0.97	0.82	1.04	0.95	0.86	0.91	1	0.92	0.81	0.85	0.9	0.94	0.94	1.03	0.95	0.89	1.06	0.82	0.94	0.73	0.78	0.83	0.54	0.84	0.88	0.83	0.73
PH1000-C	0.88	0.55	0.57	0.7	0.5	0.53	0.69	1.05	0.85	0.77	0.82	0.67	0.92	0.87	0.61	0.6	0.63	0.59	0.67	0.66	0.61	0.73	0.55	0.66	0.46	0.46	0.73	0.67	0.48	0.63	0.72	0.62	0.75	0.6	0.64	0.8	0.6	0.59	1	0.66	0.68	0.55	1	1.22	0.85	0.72	0.74	1	0.62	0.97	1.44	0.82	0.7	0.74	0.94	0.91	0.97	1.13	0.97	0.76	0.77	1	NA	1.09	0.53	0.87	0.64	0.82	0.48	0.57	0.62	0.61	0.57	0.55	0.55	0.72	0.59	0.57	0.6	0.72	0.73	0.57	0.63	0.66	0.84	0.8	0.9	0.8	0.79	0.89	0.92	0.88	0.93	0.55	0.59	0.37	0.64	0.72	0.65	0.6
PH1136-C	1.19	0.9	0.82	0.94	0.67	0.7	0.88	1.14	0.88	0.88	0.81	0.89	0.81	0.94	0.73	0.77	0.82	0.7	0.87	0.68	0.72	0.94	0.74	0.78	0.52	0.68	0.78	0.85	0.94	0.81	0.78	0.67	0.96	0.83	0.85	0.97	0.88	0.88	0	0.91	0.76	0.58	1.33	1.14	1.24	0.94	1.03	1.1	0.74	0.92	1	0.94	0.77	0.94	0.95	1.22	1.04	1.41	0.96	0.86	0.94	0.67	1.09	NA	0.72	1	0.75	0.93	0.76	0.9	0.91	0.82	0.79	1.02	0.78	0.94	0.92	0.79	1.02	0.93	1	0.86	0.86	0.8	0.98	1.3	1.33	1.33	1.03	0.97	0.94	0.94	0.85	0.78	0.73	0.57	0.78	0.78	0.86	0.76
PM0071-C	1	0.64	0.5	0.67	0.53	0.42	0.82	0.76	0.59	0.5	0.53	0.57	0.65	0.56	0.53	0.71	0.69	0.73	0.84	0.76	0.77	0.76	0.58	0.77	0.52	0.52	0.76	0.63	0.64	0.97	0.88	0.61	1	0.7	0.66	0.83	0.83	0.74	0	0.73	0.72	0.53	0.49	0.8	0.56	0.58	0.56	0.65	0.56	0.65	0.64	0.84	0.74	0.52	0.58	0.55	0.65	0.67	0.63	0.76	0.52	0.67	0.53	0.72	NA	0.62	0.67	0.64	0.51	0.63	0.74	0.81	0.51	0.59	0.54	0.72	0.51	0.71	0.71	0.66	0.8	0.77	0.76	0.84	0.69	0.53	0.56	0.51	0.7	0.44	0.62	0.71	0.6	0.58	0.68	0.4	0.56	0.82	0.6	1
PR0117-C	1.07	0.7	0.6	0.69	0.61	0.63	0.83	0.93	0.8	0.68	0.78	0.82	0.79	0.66	0.69	0.52	0.76	0.63	0.71	0.64	0.67	0.79	0.62	0.7	0.52	0.52	0.74	0.69	0.63	0.7	0.78	0.61	0.79	0.57	0.73	0.79	0.65	0.65	1	0.67	0.65	0.5	0.77	0.92	0.75	0.79	0.78	0.98	0.51	0.88	0.81	0.88	0.69	0.76	0.74	0.97	0.9	0.82	0.91	0.92	0.76	0.92	0.87	1	0.62	NA	0.66	0.69	0.6	0.76	0.67	0.6	0.63	0.62	0.54	0.75	0.76	0.62	0.74	0.81	0.8	0.64	0.62	0.59	0.62	0.74	0.81	0.74	0.78	0.56	0.78	0.82	0.82	0.69	0.56	0.42	0.69	0.56	0.71	0.55
PR0123-C	1	0.62	0.48	0.75	0.57	0.66	0.7	0.76	0.69	0.8	0.78	0.58	1	0.65	0.65	0.61	0.59	0.45	0.7	0.56	0.42	0.7	0.48	0.57	0.35	0.6	0.56	0.66	0.64	0.63	0.7	0.38	0.76	0.59	0.54	0.64	0.69	0.6	1	0.62	0.57	0.38	0.73	0.88	0.55	0.7	0.79	0.8	0.58	0.78	0.8	1.09	0.71	0.71	0.79	0.77	0.84	0.76	0.76	0.79	0.69	0.76	0.64	0.75	0.67	0.66	NA	0.63	0.57	0.58	0.56	0.63	0.51	0.52	0.51	0.67	0.61	0.53	0.59	0.68	0.78	0.54	0.64	0.56	0.71	0.7	0.75	0.68	0.94	0.65	0.89	0.92	0.7	0.69	0.51	0.36	0.5	0.62	0.64	0.52
PR0155-C	1.11	0.66	0.7	0.79	0.63	0.57	0.76	0.73	0.75	0.68	0.95	0.66	0.68	0.72	0.67	0.73	0.56	0.65	0.74	0.64	0.64	0.89	0.62	0.68	0.41	0.55	0.68	0.57	0.71	0.62	0.78	0.55	0.76	0.49	0.71	0.78	0.68	0.8	1	0.62	0.74	0.63	0.89	1.03	0.6	0.83	0.97	0.91	0.75	0.89	0.9	1.16	0.81	0.81	0.81	0.75	0.89	0.94	0.87	0.78	0.81	0.81	0.82	0.93	0.64	0.69	0.63	NA	0.67	0.5	0.68	0.65	0.6	0.68	0.52	1.02	0.6	0.6	0.68	0.76	0.88	0.64	0.75	0.58	0.81	0.73	0.77	0.76	0.97	0.69	0.95	0.93	0.97	0.72	0.67	0.42	0.63	0.68	0.64	0.73
PT0042-C	1.15	0.57	0.71	0.84	0.52	0.64	0.93	0.74	0.63	0.54	0.53	0.6	0.61	0.52	0.67	0.57	0.67	0.66	0.84	0.82	0.6	0.79	0.58	0.71	0.52	0.53	0.81	0.59	0.73	0.76	0.79	0.66	1.11	0.78	0.71	0.85	0.56	0.72	0	0.91	0.67	0.42	0.56	0.7	0.55	0.58	0.61	0.65	0.54	0.66	0.68	0.66	0.53	0.43	0.47	0.49	0.65	0.61	0.62	0.63	0.58	0.64	0.48	0.76	0.51	0.6	0.57	0.67	NA	0.68	0.76	0.62	0.62	0.62	0.63	0.93	0.63	0.7	0.67	0.71	0.68	0.67	0.76	0.72	0.72	0.55	0.59	0.52	0.59	0.52	0.57	0.57	0.68	0.62	0.74	0.47	0.74	0.69	0.65	0.91
PT0067-C	1.39	0.59	0.75	0.76	0.56	1.22	0.69	0.67	0.56	0.58	0.64	0.73	0.84	0.46	0.71	0.85	1.12	0.8	0.9	0.85	0.68	0.97	0.45	0.82	0.52	0.64	1.12	0.5	0.7	0.76	1.07	0.69	1.05	0.47	0.6	1	1.86	0.7	0	1	1	0.42	0.72	0.87	0.71	0.78	0.73	0.8	0.63	0.82	0.8	0.94	0.56	0.78	0.63	0.54	0.8	0.7	0.75	0.94	0.61	0.84	0.57	0.9	0.63	0.76	0.58	0.5	0.68	NA	0.57	0.58	0.77	0.62	0.68	0.78	0.67	0.8	0.66	0.73	0.76	0.83	0.81	0.92	0.78	0.63	0.65	0.57	0.78	0.56	0.91	0.78	0.85	0.75	0.75	0.47	1.2	1	0.9	0.91
PT0087-C	1.55	0.69	0.59	1.02	0.78	0.9	0.85	0.73	0.59	0.65	0.73	0.78	0.74	0.46	0.71	0.91	0.72	0.82	0.98	0.67	0.81	0.86	0.73	0.92	0.69	0.74	0.88	0.68	0.74	0.55	0.86	0.81	1.03	0.72	1.13	0.74	0.67	0.77	0	0.78	0.87	0.52	0.71	0.76	0.76	0.74	0.66	0.81	0.66	0.81	0.79	0.85	0.61	0.7	0.72	0.69	0.74	0.69	0.73	0.75	0.66	0.91	0.62	0.91	0.74	0.67	0.56	0.68	0.76	0.57	NA	0.63	0.68	0.71	0.71	0.87	0.6	0.68	0.76	0.62	0.97	0.79	0.9	0.71	1	0.56	0.63	0.57	0.8	0.65	0.78	0.75	0.85	0.74	0.66	0.56	0.93	0.87	0.7	0.93
PT0102-C	1.32	0.72	0.76	0.84	0.69	0.87	0.85	0.7	0.61	0.62	0.61	0.77	0.69	0.5	0.84	0.68	0.64	1.05	0.94	0.71	0.71	0.85	0.43	0.56	0.52	0.76	0.71	0.5	0.74	0.74	0.95	0.72	1.13	0.57	0.57	0.76	0.65	0.65	Inf	0.79	0.77	0.52	0.63	0.65	0.67	0.74	0.7	0.82	0.56	0.85	0.71	0.86	0.64	0.78	0.71	0.62	0.82	0.73	0.78	0.78	0.63	0.83	0.61	0.82	0.81	0.6	0.63	0.65	0.62	0.58	0.63	NA	0.66	0.76	0.65	0.87	0.59	0.74	0.81	0.56	0.74	0.91	0.75	0.81	0.74	0.56	0.59	0.52	0.69	0.51	0.68	0.69	0.73	0.65	0.72	0.56	0.59	0.86	0.82	0.89
PT0111-C	1.73	0.65	0.52	0.83	0.7	1.33	1.17	0.67	0.53	0.5	0.6	0.49	0.7	0.43	0.73	0.79	1.18	0.67	0.81	0.73	0.73	0.78	0.59	1	0.39	0.61	1.15	0.71	0.81	0.65	0.82	0.73	0.86	0.71	0.6	0.83	0.71	0.57	0	0.81	1.36	0.18	0.51	0.82	0.59	0.65	0.76	0.7	0.63	0.72	0.78	0.76	0.71	0.63	0.59	0.67	0.71	0.65	0.65	0.66	0.5	0.78	0.57	0.79	0.51	0.63	0.51	0.6	0.62	0.77	0.68	0.66	NA	0.4	0.61	0.89	0.77	1	0.72	1.88	0.76	0.61	0.76	1.4	0.96	0.59	0.65	0.55	0.66	0.47	0.68	0.7	0.74	0.57	0.92	0.39	1.33	0.91	0.75	0.8
PT0129-C	1.11	0.61	0.64	1.06	0.78	0.72	0.81	0.75	0.61	0.62	0.58	0.53	0.74	0.54	0.81	0.7	0.7	0.64	0.87	0.67	0.59	0.72	0.55	0.7	0.48	0.62	0.69	0.62	0.91	0.61	0.82	0.53	0.86	0.64	0.64	0.68	0.6	0.51	Inf	0.86	0.74	0.34	0.59	0.89	0.68	0.65	0.6	0.79	0.63	0.78	0.77	0.78	0.63	0.67	0.71	0.67	0.75	0.73	0.76	0.7	0.61	0.97	0.55	1.02	0.59	0.62	0.52	0.68	0.62	0.62	0.71	0.76	0.4	NA	0.52	0.89	0.57	0.67	0.71	0.82	0.69	0.48	0.9	0.65	0.94	0.59	0.59	0.56	0.74	0.58	0.67	0.76	0.65	0.71	0.83	0.49	0.73	0.83	0.52	0.9
PT0178-C	1.12	0.6	0.53	0.72	0.61	0.77	0.72	0.68	0.61	0.62	0.61	0.65	0.71	0.54	0.61	0.61	0.69	0.57	0.71	0.59	0.46	0.54	0.58	0.69	0.38	0.54	0.68	0.59	0.55	0.59	0.65	0.68	0.67	0.65	0.67	0.57	0.54	0.51	0	0.71	0.54	0.37	0.64	0.86	0.65	0.65	0.54	0.74	0.59	0.72	0.72	0.73	0.69	0.63	0.71	0.7	0.69	0.73	0.68	0.72	0.58	0.82	0.55	0.78	0.54	0.54	0.51	0.52	0.63	0.68	0.71	0.65	0.61	0.52	NA	0.69	0.62	0.67	0.65	0.76	0.61	0.49	0.63	0.57	0.7	0.65	0.69	0.62	0.79	0.55	0.68	0.58	0.72	0.62	0.67	0.46	0.71	0.6	0.44	0.67
PT0187-Cx	1.53	0.84	0.83	0.87	1	1.07	1.26	0.9	0.82	0.85	0.86	0.87	0.94	0.81	0.97	1.19	1.03	0.9	1.06	0.85	0.91	0.88	0.88	1.07	0.67	0.82	1.26	0.87	0.79	0.91	0.89	1.07	1.37	1	1	1.12	0.8	0.92	0	1.03	1.25	0.62	0.95	1.02	0.8	0.83	0.87	0.98	0.77	0.92	0.95	1.07	0.88	1.06	0.87	1.05	0.96	0.98	0.88	1.1	0.72	1.04	0.72	0.94	0.72	0.75	0.67	1.02	0.93	0.78	0.87	0.87	0.89	0.89	0.69	NA	1	0.96	0.91	1.18	0.98	0.87	0.96	0.78	0.95	0.94	0.98	0.88	1.07	0.73	0.93	0.86	1.02	0.97	0.82	0.59	1.23	0.69	0.9	0.94
PT0190-Cx	1.42	0.57	0.83	0.76	0.73	2	0.67	0.74	0.6	0.6	0.72	0.69	0.87	0.5	0.72	0.87	1.12	0.93	0.9	0.86	0.71	0.94	0.48	1.25	0.46	0.68	1.29	0.8	0.58	0.61	0.92	0.83	1	0.35	0.92	1.33	1.62	0.62	NA	0.91	0.86	0.3	0.69	0.97	0.71	0.82	0.81	0.84	0.67	0.86	0.82	0.94	0.7	0.8	0.71	0.68	0.84	0.79	0.79	0.88	0.64	0.95	0.59	0.92	0.51	0.76	0.61	0.6	0.63	0.67	0.6	0.59	0.77	0.57	0.62	1	NA	1.14	0.77	1.17	0.74	0.7	0.82	0.93	0.9	0.7	0.71	0.65	0.89	0.54	0.78	0.79	0.92	0.79	0.91	0.52	4	0.79	0.71	0.85
PT0193-C	1.78	0.95	0.71	0.78	0.75	4.33	1.29	0.59	0.52	0.57	0.67	0.74	0.79	0.44	0.66	1.08	2	1.09	0.92	0.81	0.77	1	0.59	3	0.32	0.64	1.83	0.64	0.66	0.65	0.91	1.12	1.17	0.5	2.2	1.5	1.25	0.65	NA	1.06	0.8	0.39	0.71	0.92	0.64	0.72	0.69	0.77	0.56	0.77	0.79	0.86	0.67	0.75	0.68	0.73	0.73	0.72	0.69	0.88	0.51	0.86	0.57	0.79	0.71	0.62	0.53	0.6	0.7	0.8	0.68	0.74	1	0.67	0.67	0.96	1.14	NA	0.72	1.57	0.83	0.82	0.78	1.1	0.86	0.59	0.63	0.57	0.89	0.6	0.78	0.73	0.88	0.93	0.9	0.48	1.25	0.85	0.74	0.73
PT0204-C	1.14	0.76	0.75	0.91	0.8	0.96	0.88	0.69	0.59	0.66	0.7	0.61	0.87	0.58	0.67	0.75	0.89	0.77	1	0.98	0.72	0.91	0.59	0.72	0.6	0.57	0.89	0.66	0.69	0.94	0.89	0.76	0.81	0.59	0.78	0.79	0.97	0.77	1	0.74	1	0.69	0.73	0.81	0.7	0.78	0.74	0.87	0.68	0.82	0.84	0.88	0.57	0.72	0.7	0.71	0.82	0.83	0.78	0.71	0.7	0.91	0.6	1.02	0.71	0.74	0.59	0.68	0.67	0.66	0.76	0.81	0.72	0.71	0.65	0.91	0.77	0.72	NA	1.08	0.8	1.04	0.82	0.77	1	0.64	0.65	0.63	0.81	0.64	0.85	0.85	0.79	0.73	0.85	0.56	0.93	0.88	0.69	0.8
PT0205-Cx	1.83	1.12	1	0.85	0.86	5	1	0.75	0.65	0.7	0.78	0.81	0.92	0.6	0.82	0.82	2	1.13	1.11	0.97	0.84	1.06	0.65	1.83	0.56	0.87	1.83	0.9	0.77	0.89	1.06	1	1.08	0.47	1	1.5	1.27	0.81	Inf	1.05	1.44	0.58	0.81	0.83	0.79	1	0.97	0.95	0.7	0.93	0.88	1.03	0.69	0.86	0.71	0.78	0.93	0.86	0.87	0.88	0.7	1	0.72	0.93	0.66	0.81	0.68	0.76	0.71	0.73	0.62	0.56	1.88	0.82	0.76	1.18	1.17	1.57	1.08	NA	0.88	1.06	0.94	1.5	0.97	0.67	0.74	0.67	0.92	0.64	0.97	0.8	0.92	0.74	1	0.5	1.38	1.05	0.96	0.79
PT0222-Cx	1.37	0.91	0.87	0.98	1.03	0.87	1.04	0.84	0.85	0.83	0.81	0.7	0.88	0.72	0.87	0.85	0.84	0.9	1.06	0.8	0.84	1.03	0.67	0.84	0.76	0.83	1	0.69	0.9	1.06	0.96	1.04	1.08	0.72	0.96	1	0.81	0.76	NA	0.92	0.73	0.69	0.78	0.92	0.77	0.76	0.82	0.9	0.75	0.92	0.9	0.95	0.69	0.74	0.77	0.81	0.9	0.83	0.85	0.83	0.74	0.92	0.73	1	0.8	0.8	0.78	0.88	0.68	0.76	0.97	0.74	0.76	0.69	0.61	0.98	0.74	0.83	0.8	0.88	NA	0.88	0.71	0.79	0.97	0.69	0.72	0.66	0.86	0.7	0.7	0.85	0.85	0.8	0.8	0.64	0.82	0.75	0.94	0.97
PT0228-Cx	1.71	0.67	0.67	0.83	0.79	1	1.23	0.7	0.64	0.6	0.67	0.65	0.73	0.51	0.83	0.94	0.82	0.94	1.03	0.88	0.68	1	0.75	1.07	0.47	0.68	1.07	0.88	0.74	0.78	0.94	0.88	0.8	0.54	0.83	1.07	0.93	0.64	1	0.88	1.7	0.36	0.71	0.9	0.57	0.72	0.67	0.83	0.63	0.83	0.72	0.97	0.73	0.63	0.64	0.64	0.83	0.78	0.81	0.77	0.63	0.81	0.57	0.86	0.77	0.64	0.54	0.64	0.67	0.83	0.79	0.91	0.61	0.48	0.49	0.87	0.7	0.82	1.04	1.06	0.88	NA	0.79	0.62	1	0.65	0.66	0.62	0.82	0.68	0.85	0.7	0.87	0.79	0.62	0.37	0.8	0.76	0.79	1.09
PT0258-C	1.07	1	0.79	0.84	0.77	0.84	0.94	0.73	0.69	0.66	0.69	0.77	0.73	0.62	0.75	0.82	0.72	0.68	0.98	0.94	0.58	0.83	0.63	0.77	0.56	0.7	0.87	0.74	0.89	0.85	0.78	0.76	0.85	0.8	0.8	0.75	0.87	0.91	1	0.88	0.93	0.82	0.72	0.88	0.68	0.71	0.86	0.72	0.67	0.73	0.74	0.75	0.62	0.68	0.69	0.73	0.7	0.7	0.71	0.71	0.73	0.85	0.63	0.86	0.76	0.62	0.64	0.75	0.76	0.81	0.9	0.75	0.76	0.9	0.63	0.96	0.82	0.78	0.82	0.94	0.71	0.79	NA	0.82	0.86	0.7	0.72	0.7	0.87	0.67	0.87	0.73	0.8	0.82	0.9	0.55	1	0.83	0.76	1
PT0279-Cx	1.74	0.95	0.74	0.74	0.93	1.7	1.45	0.68	0.62	0.61	0.68	0.73	0.79	0.51	0.67	1.14	1.08	1.23	0.93	0.85	0.69	0.94	0.71	1.09	0.47	0.7	2.11	0.88	0.79	0.9	0.94	1.33	1.12	0.89	0.93	1.4	0.67	0.64	NA	1.13	1.21	0.65	0.76	0.95	0.65	0.79	0.8	0.79	0.62	0.81	0.84	0.95	0.67	0.69	0.67	0.71	0.81	0.77	0.76	0.92	0.57	0.9	0.66	0.8	0.84	0.59	0.56	0.58	0.72	0.92	0.71	0.81	1.4	0.65	0.57	0.78	0.93	1.1	0.77	1.5	0.79	0.62	0.82	NA	0.97	0.63	0.69	0.62	0.86	0.62	0.92	0.79	0.85	0.95	0.83	0.45	1.14	1.17	0.68	0.96
PT0303-Cx	1.71	0.94	0.9	1.13	0.82	1.03	1.03	0.88	0.7	0.67	0.62	0.78	0.9	0.6	0.86	0.82	0.87	1.31	1.08	0.83	0.86	0.93	0.74	1	0.69	0.97	1.11	0.9	0.83	0.87	1.02	1.15	1.05	0.69	0.9	1.43	0.74	0.79	NA	0.95	0.96	0.67	0.83	1.07	0.79	0.8	0.84	0.9	0.75	0.9	0.88	0.84	0.63	0.88	0.73	0.77	0.85	0.79	0.85	0.75	0.7	0.94	0.84	0.98	0.69	0.62	0.71	0.81	0.72	0.78	1	0.74	0.96	0.94	0.7	0.95	0.9	0.86	1	0.97	0.97	1	0.86	0.97	NA	0.7	0.71	0.69	0.8	0.77	0.83	0.93	1.04	0.73	0.88	0.77	0.97	0.74	0.76	0.94
PV0262-C	1	0.59	0.62	0.68	0.55	0.61	0.74	1	0.74	0.87	0.67	0.67	1.03	0.73	0.65	0.62	0.8	0.57	0.68	0.64	0.59	0.74	0.64	0.72	0.42	0.54	0.64	0.76	0.59	0.64	0.74	0.48	0.9	0.56	0.67	0.71	0.66	0.67	1.5	0.72	0.71	0.51	0.81	1	0.82	1.12	0.72	1.03	0.59	1.03	0.83	0.89	0.65	0.88	0.67	0.73	0.92	1	0.92	0.97	0.87	0.94	0.8	1.3	0.53	0.74	0.7	0.73	0.55	0.63	0.56	0.56	0.59	0.59	0.65	0.94	0.7	0.59	0.64	0.67	0.69	0.65	0.7	0.63	0.7	NA	0	0	0.84	0.7	0.89	0.93	0.79	0.66	0.62	0.41	0.64	0.63	0.73	0.58
PV0320-C	1	0.63	0.63	0.7	0.54	0.67	0.79	1.03	0.81	1	0.73	0.72	1.08	0.79	0.68	0.63	0.9	0.61	0.69	0.69	0.61	0.81	0.69	0.76	0.44	0.59	0.65	0.75	0.6	0.65	0.75	0.51	0.94	0.59	0.7	0.74	0.71	0.7	1.5	0.78	0.74	0.56	0.91	1.05	0.83	1.21	0.77	1.08	0.62	1.03	0.82	0.97	0.67	0.94	0.73	0.79	0.95	1.14	0.95	1.09	0.97	1.03	0.9	1.33	0.56	0.81	0.75	0.77	0.59	0.65	0.63	0.59	0.65	0.59	0.69	0.98	0.71	0.63	0.65	0.74	0.72	0.66	0.72	0.69	0.71	0	NA	0.5	0.85	0.74	0.97	0.93	0.84	0.66	0.63	0.43	0.68	0.7	0.77	0.61
PV0322-C	0.96	0.58	0.59	0.66	0.53	0.58	0.72	0.95	0.75	0.92	0.69	0.63	1	0.67	0.6	0.59	0.81	0.58	0.66	0.63	0.56	0.73	0.64	0.67	0.42	0.54	0.63	0.71	0.58	0.6	0.75	0.45	0.87	0.53	0.6	0.67	0.67	0.65	1.5	0.66	0.69	0.51	0.79	0.98	0.74	1.06	0.73	1.03	0.58	0.97	0.83	0.92	0.64	0.9	0.67	0.68	0.92	1.07	0.92	1	0.82	0.95	0.8	1.33	0.51	0.74	0.68	0.76	0.52	0.57	0.57	0.52	0.55	0.56	0.62	0.88	0.65	0.57	0.63	0.67	0.66	0.62	0.7	0.62	0.69	0	0.5	NA	0.75	0.7	0.84	0.91	0.77	0.61	0.6	0.39	0.6	0.65	0.71	0.57
PV0331-Cx	1.36	0.76	0.73	0.89	0.61	0.81	1	1.3	1	1.03	0.95	0.85	0.97	0.96	0.8	0.7	0.9	0.73	0.77	0.85	0.78	0.92	0.79	0.89	0.6	0.71	0.95	1.03	0.75	0.88	0.8	0.72	1.11	0.75	0.82	1	0.81	0.77	0	0.87	0.75	0.7	0.75	0.91	1	0.92	1	0.87	0.58	0.87	0.89	1.21	0.78	0.9	1.06	0.76	0.78	1.1	0.82	1.17	0.84	0.89	0.79	1.03	0.7	0.78	0.94	0.97	0.59	0.78	0.8	0.69	0.66	0.74	0.79	1.07	0.89	0.89	0.81	0.92	0.86	0.82	0.87	0.86	0.8	0.84	0.85	0.75	NA	0.82	0.81	0.97	0.74	0.75	0.8	0.53	0.91	0.78	0.77	0.83
QC0194-C	1.07	0.63	0.56	0.67	0.58	0.49	0.73	0.84	0.7	0.71	0.84	0.83	0.7	0.62	0.58	0.44	0.66	0.6	0.64	0.57	0.6	0.72	0.53	0.57	0.42	0.43	0.64	0.57	0.62	0.58	0.69	0.46	0.73	0.52	0.56	0.71	0.59	0.59	0.25	0.74	0.7	0.49	0.55	1.12	0.82	0.89	0.92	1.09	0.59	1	0.98	0.97	0.85	0.73	0.81	0.67	1.03	0.76	1	0.76	0.62	1.06	0.89	0.97	0.44	0.56	0.65	0.69	0.52	0.56	0.65	0.51	0.47	0.58	0.55	0.73	0.54	0.6	0.64	0.64	0.7	0.68	0.67	0.62	0.77	0.7	0.74	0.7	0.82	NA	0.68	0.8	0.93	0.51	0.57	0.45	0.53	0.55	0.68	0.56
QE0423-C	1.17	0.83	0.74	0.88	0.64	0.69	0.92	1	0.79	0.68	0.73	0.7	0.7	0.82	0.76	0.76	0.84	0.76	0.81	0.83	0.73	0.87	0.65	0.79	0.57	0.59	0.91	0.74	0.77	0.88	0.92	0.68	0.98	0.79	0.75	0.97	0.78	0.75	0	0.8	0.76	0.57	0.71	1.14	0.76	0.77	0.93	0.85	0.6	0.84	0.98	1.12	0.86	0.72	0.72	0.86	0.81	1.07	0.81	0.88	0.68	0.82	0.92	0.94	0.62	0.78	0.89	0.95	0.57	0.91	0.78	0.68	0.68	0.67	0.68	0.93	0.78	0.78	0.85	0.97	0.7	0.85	0.87	0.92	0.83	0.89	0.97	0.84	0.81	0.68	NA	0.83	1.03	0.76	0.74	0.45	0.8	0.79	0.77	0.79
QE0426-C	1.11	0.77	0.7	0.9	0.71	0.7	0.87	0.89	0.74	0.65	0.76	0.74	0.79	0.74	0.75	0.65	0.66	0.74	0.89	0.69	0.81	0.85	0.64	0.82	0.58	0.63	0.92	0.86	0.8	0.78	0.89	0.77	0.96	0.7	0.79	0.97	0.68	0.8	1	0.78	0.74	0.59	0.86	1.12	0.89	0.7	0.77	0.88	0.66	0.9	0.89	1.03	0.81	0.72	0.84	0.86	0.9	0.91	0.81	0.94	0.71	0.94	0.88	0.94	0.71	0.82	0.92	0.93	0.57	0.78	0.75	0.69	0.7	0.76	0.58	0.86	0.79	0.73	0.85	0.8	0.85	0.7	0.73	0.79	0.93	0.93	0.93	0.91	0.97	0.8	0.83	NA	0.95	0.72	0.64	0.49	0.82	0.67	0.74	0.78
QE0440-C	1.11	0.73	0.8	0.81	0.69	0.84	0.97	0.87	0.82	0.79	1.03	0.75	0.8	0.97	0.82	0.78	1	0.7	0.88	0.87	0.73	0.91	0.7	0.92	0.52	0.65	0.92	0.82	0.74	0.7	0.87	0.71	0.91	0.76	0.79	0.97	0.92	0.79	0.5	0.87	0.82	0.68	1.06	0.89	0.55	0.84	0.67	0.74	0.66	0.72	0.71	1.2	0.74	0.85	0.72	0.84	0.71	0.94	0.7	1.18	0.83	0.73	0.93	0.85	0.6	0.82	0.7	0.97	0.68	0.85	0.85	0.73	0.74	0.65	0.72	1.02	0.92	0.88	0.79	0.92	0.85	0.87	0.8	0.85	1.04	0.79	0.84	0.77	0.74	0.93	1.03	0.95	NA	0.63	0.81	0.47	0.84	0.81	0.8	0.84
QG0194-C	1.74	0.86	0.77	0.69	0.82	0.75	0.78	0.74	0.54	0.52	0.72	0.69	0.7	0.59	0.62	0.63	0.89	0.62	0.86	0.78	0.73	1.1	0.59	0.82	0.51	0.57	0.85	0.52	0.9	0.83	0.73	0.7	0.94	0.45	1.15	0.79	0.86	0.86	NA	1.04	0.64	0.48	0.59	0.72	0.59	0.75	0.78	0.7	0.54	0.73	0.75	0.69	0.58	0.63	0.6	0.64	0.73	0.72	0.67	0.72	0.55	0.78	0.55	0.78	0.58	0.69	0.69	0.72	0.62	0.75	0.74	0.65	0.57	0.71	0.62	0.97	0.79	0.93	0.73	0.74	0.8	0.79	0.82	0.95	0.73	0.66	0.66	0.61	0.75	0.51	0.76	0.72	0.63	NA	0.78	0.49	0.85	0.85	0.66	0.8
QG0207-C	1.44	0.93	0.7	0.66	0.68	0.94	0.89	0.62	0.61	0.56	0.68	0.72	0.66	0.53	0.56	0.62	1.05	0.9	0.76	0.75	0.74	0.9	0.71	1.06	0.4	0.62	0.9	0.54	0.76	0.77	0.77	0.69	1.09	0.68	0.79	0.7	0.91	0.79	NA	1.03	0.79	0.8	0.71	0.91	0.59	0.7	0.81	0.74	0.64	0.77	0.73	0.83	0.72	0.57	0.65	0.67	0.74	0.67	0.7	0.73	0.6	0.83	0.59	0.73	0.68	0.56	0.51	0.67	0.74	0.75	0.66	0.72	0.92	0.83	0.67	0.82	0.91	0.9	0.85	1	0.8	0.62	0.9	0.83	0.88	0.62	0.63	0.6	0.8	0.57	0.74	0.64	0.81	0.78	NA	0.42	0.81	0.89	0.87	0.77
QG0239-C	0.87	0.46	0.33	0.6	0.41	0.39	0.61	0.48	0.44	0.39	0.36	0.38	0.47	0.33	0.46	0.52	0.5	0.42	0.6	0.46	0.5	0.61	0.51	0.59	0.23	0.36	0.56	0.5	0.59	0.5	0.63	0.35	0.67	0.49	0.59	0.47	0.44	0.63	1	0.57	0.61	0.34	0.42	0.61	0.36	0.41	0.41	0.5	0.39	0.51	0.55	0.51	0.51	0.37	0.45	0.41	0.5	0.39	0.47	0.44	0.38	0.54	0.37	0.57	0.4	0.42	0.36	0.42	0.47	0.47	0.56	0.56	0.39	0.49	0.46	0.59	0.52	0.48	0.56	0.5	0.64	0.37	0.55	0.45	0.77	0.41	0.43	0.39	0.53	0.45	0.45	0.49	0.47	0.49	0.42	NA	0.44	0.5	0.53	0.61
QG0284-C	1.64	0.74	0.88	0.75	0.7	1.71	0.77	0.71	0.56	0.66	0.66	0.74	0.81	0.5	0.69	0.8	1.22	1.07	0.92	0.79	0.79	0.97	0.52	0.8	0.41	0.67	0.8	1.09	0.73	0.78	1.03	0.31	1.36	0.44	0.62	1.78	1.67	0.74	NA	1.04	0.93	0.42	0.68	0.94	0.63	0.86	0.75	0.86	0.57	0.88	0.8	0.97	0.71	0.65	0.6	0.65	0.9	0.74	0.82	0.82	0.62	0.84	0.64	0.78	0.56	0.69	0.5	0.63	0.74	1.2	0.93	0.59	1.33	0.73	0.71	1.23	4	1.25	0.93	1.38	0.82	0.8	1	1.14	0.97	0.64	0.68	0.6	0.91	0.53	0.8	0.82	0.84	0.85	0.81	0.44	NA	0.84	0.92	0.75
SenT033.08	1.07	0.72	0.9	0.71	0.79	1.16	0.95	0.62	0.65	0.62	0.7	0.72	0.79	0.59	0.64	0.95	0.86	1.05	0.88	0.84	0.64	0.89	0.61	0.91	0.61	0.77	1.16	0.71	0.71	0.74	0.94	1	0.94	0.72	0.76	1.05	0.87	0.67	NA	0.93	1.05	0.57	0.77	0.9	0.77	0.7	0.74	0.77	0.64	0.72	0.7	0.62	0.61	0.64	0.66	0.69	0.8	0.74	0.77	0.78	0.63	0.88	0.72	0.78	0.82	0.56	0.62	0.68	0.69	1	0.87	0.86	0.91	0.83	0.6	0.69	0.79	0.85	0.88	1.05	0.75	0.76	0.83	1.17	0.74	0.63	0.7	0.65	0.78	0.55	0.79	0.67	0.81	0.85	0.89	0.5	0.84	NA	0.68	0.89
SenT114.09	1	0.66	0.96	0.95	0.58	0.95	1	0.71	0.59	0.63	0.54	0.59	0.77	0.62	0.51	0.88	0.76	0.75	0.84	0.71	0.52	0.89	0.69	0.83	0.56	0.58	1	0.76	0.61	0.86	0.92	0.95	1.07	0.67	0.92	1.05	0.83	0.79	0	1.14	0.95	0.57	0.86	0.95	0.64	0.79	0.62	0.84	0.65	0.86	0.81	0.79	0.67	0.69	0.8	0.61	0.88	0.73	0.82	0.79	0.62	0.83	0.65	0.86	0.6	0.71	0.64	0.64	0.65	0.9	0.7	0.82	0.75	0.52	0.44	0.9	0.71	0.74	0.69	0.96	0.94	0.79	0.76	0.68	0.76	0.73	0.77	0.71	0.77	0.68	0.77	0.74	0.8	0.66	0.87	0.53	0.92	0.68	NA	0.64
SenT137.09	1.54	1.04	0.84	1.06	0.75	0.92	0.9	0.7	0.6	0.61	0.58	0.77	0.68	0.48	0.69	0.94	0.77	1.14	1.11	0.77	0.78	0.9	0.66	0.74	0.6	0.91	0.95	0.75	0.82	0.79	1.05	0.64	1.54	0.81	0.86	1.05	0.81	0.97	Inf	0.86	0.8	0.56	0.7	0.86	0.66	0.76	0.62	0.72	0.59	0.77	0.86	0.9	0.78	0.72	0.77	0.73	0.75	0.69	0.71	0.69	0.57	0.73	0.6	0.76	1	0.55	0.52	0.73	0.91	0.91	0.93	0.89	0.8	0.9	0.67	0.94	0.85	0.73	0.8	0.79	0.97	1.09	1	0.96	0.94	0.58	0.61	0.57	0.83	0.56	0.79	0.78	0.84	0.8	0.77	0.61	0.75	0.89	0.64	NA
